P=? [ F (x=9&y=9&crashed=0) ]	R{"cost"}=? [ C<=100 ]
0.838	68.04
0.701	34.762
0.838	68.04
0.704	35.206
0.733	35.361
0.837	62.673
0.831	61.82
0.817	56.817
0.829	57.93
0.762	42.346
0.759	38.736
0.813	53.293
0.801	51.792
0.786	47.116
0.797	48.546
0.781	43.917
0.754	37.919
0.744	36.188
0.754	37.919
0.77	42.555
0.763	42.527
0.744	36.188
0.823	57.08
0.74	35.724
0.735	35.651
0.786	47.116
0.781	43.917
0.801	51.792
0.817	56.817
0.813	53.293
0.797	48.546
0.757	38.226
0.825	57.347
0.806	52.458
0.762	42.346
0.759	38.736
0.826	57.387
0.771	42.829
0.809	52.652
0.823	57.08
0.81	52.878
0.79	47.759
0.743	36.012
0.774	43.139
0.834	62.118
0.777	43.384
0.807	52.491
0.829	57.93
0.772	42.83
0.804	52.191
0.803	52.056
0.788	47.38
0.776	43.267
0.792	47.92
0.758	38.561
0.735	35.651
0.757	38.226
0.833	62.088
0.836	62.526
0.835	62.255
0.833	62.088
0.804	52.191
0.743	36.012
0.741	35.746
0.741	35.746
0.788	47.38
0.803	52.056
0.827	57.648
0.812	53.042
0.789	47.515
0.78	43.697
0.758	38.561
0.795	48.309
0.794	48.135
0.773	42.966
0.792	47.92
0.779	43.588
0.79	47.759
0.778	43.427
0.837	62.673
0.836	62.526
0.828	57.786
0.828	57.786
0.811	52.904
0.796	48.408
0.827	57.648
0.812	53.042
0.835	62.255
0.773	42.966
0.789	47.515
0.776	43.267
0.774	43.139
0.808	52.611
0.794	48.135
0.793	48.019
0.78	43.697
0.779	43.588
0.796	48.408
0.795	48.309
0.793	48.019
