P=? [ F (x=9&y=9&crashed=0) ]	R{"cost"}=? [ C<=100 ]
0.626	23.34
0.796	48.047
0.626	23.34
0.654	26.867
0.685	27.343
0.646	26.465
0.646	26.465
0.784	46.616
0.71	31.051
0.691	28.125
0.781	43.813
0.691	28.125
0.71	31.051
0.759	40.311
0.744	36.114
0.794	47.474
0.758	38.575
0.766	41.5
0.759	40.311
0.766	41.5
0.738	35.245
0.735	34.144
0.689	27.506
0.787	46.966
0.75	36.932
0.75	36.932
0.772	42.535
0.73	32.795
0.77	41.908
0.786	46.884
0.776	42.829
0.685	27.343
0.69	28.122
0.778	42.971
0.714	31.217
0.687	27.38
0.784	46.616
0.781	43.813
0.787	46.966
0.648	26.822
0.775	42.634
0.753	37.254
0.743	35.978
0.78	43.594
0.779	43.148
0.741	35.542
0.758	38.575
0.757	38.154
0.739	35.292
0.768	41.766
0.717	31.242
0.723	32.606
0.74	35.512
0.756	37.967
0.755	37.603
0.731	33.155
0.771	42.265
0.735	34.144
0.733	33.769
0.732	33.429
0.738	35.245
0.752	37.069
0.721	32.093
0.72	31.767
0.734	34.082
0.733	33.769
0.711	31.052
0.795	47.757
0.728	32.653
0.768	41.766
0.795	47.757
0.751	37.064
0.732	33.429
0.731	33.155
0.771	42.265
0.742	35.809
0.718	31.506
0.722	32.354
0.721	32.093
0.722	32.354
0.755	37.603
0.754	37.38
0.78	43.594
0.757	38.154
0.756	37.967
0.652	26.831
0.779	43.148
0.726	32.636
0.719	31.679
0.718	31.506
0.742	35.809
0.711	31.052
0.728	32.653
0.726	32.636
0.652	26.831
0.65	26.823
0.715	31.224
0.65	26.823
0.648	26.822
0.724	32.607
