P=? [ F (x=9&y=9&crashed=0) ]	R{"cost"}=? [ C<=100 ]
0.813	53.593
0.626	23.373
0.813	53.593
0.711	31.053
0.63	26.691
0.686	27.486
0.655	27.16
0.629	23.431
0.801	52.222
0.797	48.904
0.692	28.673
0.785	46.701
0.781	44.04
0.647	26.809
0.692	28.673
0.759	40.416
0.758	38.467
0.788	47.595
0.797	48.904
0.745	36.828
0.76	40.744
0.796	48.158
0.717	31.24
0.781	44.04
0.652	26.844
0.775	42.496
0.766	41.673
0.76	40.744
0.804	52.629
0.75	36.866
0.69	28.15
0.771	42.395
0.793	47.719
0.766	41.673
0.729	32.802
0.809	53.183
0.647	26.809
0.78	43.48
0.733	33.675
0.809	53.183
0.804	52.629
0.731	33.153
0.691	28.484
0.732	33.476
0.737	35.111
0.724	32.599
0.741	35.666
0.654	26.863
0.785	46.701
0.787	46.974
0.801	52.222
0.778	43.139
0.718	31.49
0.688	27.754
0.751	36.927
0.744	36.276
0.768	41.956
0.752	37.288
0.73	32.946
0.736	34.603
0.778	43.139
0.756	37.919
0.769	42.068
0.755	37.84
0.753	37.294
0.742	35.854
0.74	35.375
0.776	42.682
0.767	41.678
0.794	47.895
0.812	53.56
0.786	46.85
0.738	35.118
0.811	53.318
0.735	34.425
0.734	34.031
0.689	27.763
0.722	32.583
0.724	32.599
0.734	34.031
0.776	42.682
0.72	32.033
0.719	31.692
0.78	43.48
0.721	32.365
0.72	32.033
0.759	40.416
0.655	27.16
0.744	36.276
0.743	35.963
0.754	37.603
0.802	52.357
0.758	38.467
0.757	38.18
0.802	52.357
0.757	38.18
0.739	35.369
0.754	37.603
0.721	32.365
0.77	42.275
