P=? [ F (x=9&y=9&crashed=0) ]	R{"cost"}=? [ C<=100 ]
0.762	34.742
0.899	72.052
0.762	34.742
0.899	72.052
0.898	67.666
0.781	35.894
0.798	38.97
0.8	39.572
0.897	61.884
0.894	61.289
0.818	40.383
0.889	57.206
0.776	35.373
0.822	41.791
0.877	55.641
0.872	52.114
0.824	44.031
0.886	56.434
0.878	55.9
0.829	44.404
0.855	49.439
0.854	46.67
0.839	44.523
0.86	50.455
0.862	50.885
0.776	35.373
0.85	45.963
0.877	55.641
0.872	52.114
0.889	57.206
0.845	45.717
0.829	44.404
0.867	51.149
0.857	49.499
0.843	45.515
0.84	44.578
0.82	41.026
0.799	38.996
0.818	40.383
0.85	45.963
0.82	41.026
0.853	46.48
0.871	51.859
0.888	56.953
0.868	51.226
0.824	44.031
0.819	40.412
0.84	44.578
0.87	51.665
0.857	49.499
0.843	45.515
0.853	46.48
0.887	56.79
0.869	51.533
0.867	51.149
0.861	50.708
0.845	45.717
0.895	61.528
0.854	46.67
0.896	61.713
0.895	61.528
0.844	45.537
0.861	50.708
0.897	61.884
0.896	61.713
0.887	56.79
0.869	51.533
0.839	44.523
0.856	49.449
0.819	40.412
0.844	45.537
0.856	49.449
0.855	49.439
0.762	34.742
0.899	72.052
0.776	35.373
0.877	55.641
0.872	52.114
0.889	57.206
0.829	44.404
0.818	40.383
0.85	45.963
0.82	41.026
0.84	44.578
0.857	49.499
0.861	50.708
0.845	45.717
0.854	46.67
0.895	61.528
0.897	61.884
0.896	61.713
0.839	44.523
0.867	51.149
0.887	56.79
0.844	45.537
0.762	34.742
0.899	72.052
0.877	55.641
0.776	35.373
0.872	52.114
