P=? [ F (x=9&y=9&crashed=0) ]	R{"cost"}=? [ C<=100 ]
0.862	57.297
0.727	29.23
0.727	29.23
0.862	57.297
0.86	57.016
0.853	50.362
0.851	45.886
0.792	37.69
0.733	29.886
0.753	33.269
0.852	49.674
0.805	39.179
0.753	33.269
0.733	29.886
0.82	43.024
0.818	40.122
0.768	34.861
0.781	35.797
0.781	35.797
0.823	43.097
0.817	40.083
0.835	43.727
0.777	35.256
0.841	45.016
0.853	50.362
0.86	57.016
0.843	45.079
0.758	33.654
0.765	33.669
0.837	43.754
0.767	33.767
0.823	43.097
0.777	35.256
0.798	38.499
0.817	40.083
0.803	38.896
0.851	45.886
0.843	45.079
0.852	49.674
0.837	43.754
0.835	43.727
0.797	38.327
0.795	37.774
0.757	33.614
0.754	33.303
0.731	29.777
0.729	29.335
0.803	38.896
0.798	38.499
0.768	34.861
0.797	38.327
0.757	33.614
0.754	33.303
0.82	43.024
0.731	29.777
0.729	29.335
0.818	40.122
0.804	38.937
0.836	43.742
0.795	37.774
0.767	33.767
0.732	29.835
0.766	33.709
0.728	29.28
0.732	29.835
0.728	29.28
0.804	38.937
0.766	33.709
0.842	45.044
0.794	37.749
0.793	37.715
0.842	45.044
0.793	37.715
0.794	37.749
0.765	33.669
0.758	33.654
0.862	57.297
0.727	29.23
0.753	33.269
0.733	29.886
0.781	35.797
0.853	50.362
0.86	57.016
0.823	43.097
0.777	35.256
0.817	40.083
0.851	45.886
0.843	45.079
0.852	49.674
0.835	43.727
0.837	43.754
0.803	38.896
0.798	38.499
0.768	34.861
0.797	38.327
0.757	33.614
0.754	33.303
0.82	43.024
0.731	29.777
0.729	29.335
