P=? [ F (x=9&y=9&crashed=0) ]	R{"cost"}=? [ C<=100 ]
0.76	34.986
0.881	62.446
0.881	62.446
0.76	34.986
0.877	55.788
0.871	55.68
0.879	60.393
0.87	51.719
0.853	49.876
0.852	46.029
0.824	42.085
0.784	36.783
0.788	38.927
0.764	35.371
0.778	36.143
0.843	45.115
0.818	41.188
0.836	43.818
0.808	40.895
0.869	51.186
0.88	60.845
0.824	42.085
0.86	50.624
0.836	43.818
0.851	46.0
0.855	50.596
0.821	41.263
0.86	50.624
0.794	39.035
0.801	39.834
0.808	40.895
0.842	45.099
0.839	44.162
0.851	46.0
0.788	38.927
0.778	36.143
0.764	35.371
0.804	40.462
0.879	60.393
0.839	44.162
0.803	40.448
0.8	39.768
0.869	51.186
0.87	51.719
0.783	36.554
0.782	36.495
0.763	35.328
0.779	36.176
0.842	45.099
0.804	40.462
0.854	50.181
0.763	35.328
0.794	39.035
0.782	36.495
0.779	36.176
0.854	50.181
0.853	49.876
0.796	39.338
0.799	39.498
0.796	39.338
0.82	41.244
0.803	40.448
0.838	43.969
0.838	43.969
0.837	43.83
0.799	39.498
0.798	39.387
0.871	55.68
0.819	41.241
0.797	39.378
0.852	46.029
0.837	43.83
0.798	39.387
0.797	39.378
0.819	41.241
0.76	34.986
0.881	62.446
0.824	42.085
0.836	43.818
0.86	50.624
0.808	40.895
0.851	46.0
0.788	38.927
0.778	36.143
0.764	35.371
0.879	60.393
0.869	51.186
0.87	51.719
0.842	45.099
0.804	40.462
0.763	35.328
0.794	39.035
0.779	36.176
0.854	50.181
0.853	49.876
0.796	39.338
0.798	39.387
0.819	41.241
0.797	39.378
0.76	34.986
