P=? [ F (x=9&y=9&crashed=0) ]	R{"cost"}=? [ C<=100 ]
0.857	51.644
0.701	30.063
0.857	51.644
0.855	51.283
0.854	46.561
0.724	31.841
0.741	33.734
0.724	31.841
0.787	37.053
0.795	38.426
0.741	33.734
0.707	30.978
0.756	33.944
0.806	39.704
0.835	43.634
0.835	43.634
0.824	41.914
0.824	41.914
0.706	30.966
0.837	43.981
0.815	40.045
0.797	38.781
0.841	45.071
0.85	45.805
0.852	46.175
0.764	34.251
0.758	34.146
0.804	38.874
0.707	30.978
0.844	45.546
0.783	36.098
0.805	38.922
0.841	45.071
0.837	43.981
0.776	35.3
0.784	36.752
0.818	40.184
0.769	35.151
0.771	35.167
0.821	41.24
0.82	40.721
0.768	34.811
0.819	40.639
0.766	34.543
0.766	34.543
0.85	45.805
0.853	46.549
0.842	45.434
0.855	51.283
0.823	41.621
0.822	41.266
0.756	33.944
0.815	40.045
0.806	39.704
0.796	38.483
0.823	41.621
0.771	35.167
0.768	34.811
0.783	36.098
0.781	35.831
0.844	45.546
0.764	34.251
0.758	34.146
0.78	35.829
0.779	35.621
0.778	35.572
0.777	35.409
0.786	36.915
0.785	36.76
0.781	35.831
0.786	36.915
0.776	35.3
0.777	35.409
0.843	45.445
0.804	38.874
0.797	38.781
0.82	40.721
0.819	40.639
0.816	40.126
0.796	38.483
0.779	35.621
0.778	35.572
0.805	38.922
0.817	40.141
0.822	41.266
0.821	41.24
0.817	40.141
0.816	40.126
0.854	46.561
0.853	46.549
0.843	45.445
0.842	45.434
0.785	36.76
0.784	36.752
0.78	35.829
0.857	51.644
0.724	31.841
0.741	33.734
0.835	43.634
0.824	41.914
