P=? [ F (x=9&y=9&crashed=0) ]	R{"cost"}=? [ C<=100 ]
0.862	55.166
0.626	26.356
0.626	26.356
0.862	55.166
0.684	28.724
0.684	28.724
0.846	53.26
0.725	28.756
0.845	48.902
0.839	46.694
0.86	54.806
0.835	43.485
0.738	30.589
0.754	33.079
0.844	48.309
0.738	30.589
0.833	43.131
0.754	33.079
0.839	46.694
0.786	37.212
0.846	53.26
0.805	39.372
0.795	37.863
0.824	41.695
0.824	41.695
0.798	39.269
0.773	35.145
0.758	33.428
0.813	40.087
0.813	40.087
0.785	36.385
0.796	38.872
0.768	34.21
0.805	39.372
0.82	40.953
0.768	34.21
0.766	33.683
0.728	29.233
0.728	29.233
0.773	35.145
0.777	35.42
0.793	37.52
0.733	29.842
0.835	43.485
0.78	35.817
0.758	33.428
0.845	48.902
0.781	36.259
0.733	29.842
0.818	40.394
0.732	29.769
0.777	35.42
0.767	33.728
0.822	40.966
0.732	29.769
0.817	40.362
0.78	35.817
0.823	41.316
0.797	38.906
0.823	41.316
0.861	54.838
0.834	43.162
0.794	37.548
0.793	37.52
0.786	37.212
0.725	28.756
0.817	40.362
0.766	33.683
0.783	36.378
0.818	40.394
0.783	36.378
0.781	36.259
0.767	33.728
0.797	38.906
0.796	38.872
0.861	54.838
0.834	43.162
0.794	37.548
0.822	40.966
0.626	26.356
0.862	55.166
0.684	28.724
0.738	30.589
0.754	33.079
0.839	46.694
0.846	53.26
0.824	41.695
0.813	40.087
0.768	34.21
0.728	29.233
0.835	43.485
0.758	33.428
0.845	48.902
0.777	35.42
0.732	29.769
0.78	35.817
0.823	41.316
0.793	37.52
0.786	37.212
0.817	40.362
