P=? [ F (x=9&y=9&crashed=0) ]	R{"cost"}=? [ C<=100 ]
0.618	31.229
0.886	57.614
0.886	57.614
0.801	35.579
0.738	32.577
0.884	52.973
0.668	31.319
0.876	52.258
0.875	48.039
0.859	45.464
0.703	31.574
0.817	39.422
0.67	31.358
0.811	36.438
0.855	42.498
0.703	31.574
0.726	32.012
0.859	45.464
0.831	40.133
0.868	47.237
0.847	41.958
0.831	40.133
0.847	41.958
0.868	47.237
0.824	39.441
0.729	32.031
0.726	32.012
0.732	32.481
0.817	39.422
0.811	36.438
0.826	39.527
0.851	42.089
0.807	36.132
0.88	52.699
0.855	42.498
0.884	52.973
0.88	52.699
0.878	52.597
0.87	47.509
0.803	35.613
0.829	39.817
0.67	31.358
0.81	36.427
0.807	36.132
0.877	52.324
0.853	42.335
0.848	42.006
0.875	48.039
0.874	47.801
0.805	35.847
0.87	47.509
0.734	32.512
0.732	32.481
0.806	35.908
0.729	32.031
0.737	32.559
0.81	36.427
0.827	39.732
0.668	31.319
0.851	42.089
0.853	42.335
0.872	47.639
0.829	39.817
0.805	35.847
0.734	32.512
0.803	35.613
0.872	47.639
0.824	39.441
0.878	52.597
0.874	47.801
0.873	47.709
0.854	42.408
0.848	42.006
0.854	42.408
0.873	47.709
0.828	39.751
0.877	52.324
0.876	52.258
0.806	35.908
0.737	32.559
0.828	39.751
0.827	39.732
0.886	57.614
0.703	31.574
0.859	45.464
0.831	40.133
0.847	41.958
0.868	47.237
0.726	32.012
0.817	39.422
0.811	36.438
0.855	42.498
0.884	52.973
0.88	52.699
0.67	31.358
0.807	36.132
0.875	48.039
0.87	47.509
0.824	39.441
0.729	32.031
