P=? [ F (x=9&y=9&crashed=0) ]	R{"cost"}=? [ C<=100 ]
0.688	33.153
0.907	68.022
0.907	68.022
0.688	33.153
0.742	36.775
0.814	36.834
0.698	33.513
0.74	36.65
0.905	59.006
0.897	57.893
0.896	53.841
0.906	63.06
0.698	33.513
0.906	63.06
0.831	41.431
0.74	36.65
0.83	38.467
0.841	42.082
0.881	51.291
0.863	45.971
0.862	43.656
0.88	49.241
0.853	42.408
0.884	52.719
0.881	51.291
0.888	53.012
0.826	37.568
0.888	53.012
0.865	46.509
0.879	48.486
0.841	42.082
0.835	41.44
0.905	59.006
0.897	57.893
0.823	37.229
0.818	36.864
0.896	53.841
0.835	41.44
0.867	47.138
0.88	49.241
0.828	37.906
0.823	37.229
0.818	36.864
0.884	52.719
0.83	38.467
0.814	36.834
0.828	37.906
0.853	42.408
0.857	42.833
0.875	47.708
0.861	43.41
0.855	42.587
0.871	47.584
0.869	47.342
0.869	47.342
0.867	47.138
0.859	43.314
0.855	42.587
0.858	43.129
0.864	46.264
0.863	45.971
0.878	48.211
0.873	47.699
0.871	47.584
0.876	47.968
0.862	43.656
0.857	42.833
0.864	46.264
0.878	48.211
0.877	47.983
0.742	36.775
0.858	43.129
0.873	47.699
0.861	43.41
0.859	43.314
0.877	47.983
0.876	47.968
0.875	47.708
0.831	41.431
0.688	33.153
0.907	68.022
0.698	33.513
0.74	36.65
0.881	51.291
0.888	53.012
0.841	42.082
0.897	57.893
0.896	53.841
0.835	41.44
0.88	49.241
0.823	37.229
0.818	36.864
0.864	46.264
0.884	52.719
0.867	47.138
0.828	37.906
0.869	47.342
0.855	42.587
0.863	45.971
0.871	47.584
