P=? [ F (x=9&y=9&crashed=0) ]	R{"cost"}=? [ C<=100 ]
0.833	41.991
0.636	26.6
0.833	41.991
0.636	26.6
0.819	41.677
0.73	28.223
0.818	37.261
0.721	27.541
0.67	27.213
0.745	31.341
0.798	35.82
0.782	32.962
0.655	26.744
0.782	32.962
0.798	35.82
0.745	31.341
0.77	31.563
0.666	26.8
0.756	31.516
0.811	36.294
0.8	36.127
0.656	26.755
0.721	27.541
0.778	32.205
0.751	31.483
0.725	27.56
0.751	31.483
0.668	27.194
0.777	31.996
0.756	31.516
0.726	27.766
0.67	27.213
0.819	41.677
0.779	32.441
0.812	36.511
0.815	36.791
0.814	36.58
0.772	31.918
0.771	31.713
0.781	32.759
0.816	36.991
0.815	36.791
0.729	28.028
0.817	37.172
0.816	36.991
0.781	32.759
0.78	32.583
0.774	31.983
0.811	36.294
0.8	36.127
0.799	35.986
0.771	31.713
0.78	32.583
0.779	32.441
0.799	35.986
0.729	28.028
0.728	27.902
0.666	26.8
0.818	37.261
0.817	37.172
0.668	27.194
0.728	27.902
0.727	27.825
0.727	27.825
0.813	36.565
0.812	36.511
0.77	31.563
0.773	31.965
0.772	31.918
0.656	26.755
0.725	27.56
0.773	31.965
0.814	36.58
0.813	36.565
0.777	31.996
0.774	31.983
0.669	27.202
0.669	27.202
0.636	26.6
0.833	41.991
0.782	32.962
0.798	35.82
0.745	31.341
0.721	27.541
0.751	31.483
0.67	27.213
0.819	41.677
0.815	36.791
0.816	36.991
0.781	32.759
0.811	36.294
0.8	36.127
0.771	31.713
0.78	32.583
0.779	32.441
0.799	35.986
0.729	28.028
0.666	26.8
0.818	37.261
0.817	37.172
