P=? [ F (x=9&y=9&crashed=0) ]	R{"cost"}=? [ C<=100 ]
0.61	22.465
0.61	22.465
0.846	53.092
0.654	26.452
0.844	52.69
0.838	47.397
0.8	36.244
0.654	26.452
0.835	46.787
0.83	42.703
0.822	41.713
0.821	38.072
0.693	27.178
0.721	27.336
0.692	27.108
0.667	26.913
0.753	31.6
0.784	33.078
0.734	28.474
0.753	31.6
0.756	31.943
0.734	28.474
0.773	31.979
0.784	33.078
0.666	26.63
0.804	36.64
0.813	36.741
0.838	47.397
0.658	26.464
0.73	28.387
0.844	52.69
0.83	42.703
0.835	46.787
0.826	41.88
0.819	37.419
0.658	26.464
0.821	38.072
0.82	37.6
0.728	27.852
0.725	27.494
0.726	27.626
0.782	32.959
0.729	28.034
0.837	47.068
0.778	32.193
0.756	31.943
0.818	37.135
0.733	28.455
0.845	52.827
0.724	27.361
0.776	32.124
0.781	32.796
0.78	32.563
0.829	42.472
0.829	42.472
0.828	42.243
0.827	42.108
0.803	36.596
0.802	36.396
0.78	32.563
0.779	32.366
0.667	26.913
0.729	28.034
0.82	37.6
0.779	32.366
0.836	46.959
0.826	41.88
0.822	41.713
0.781	32.796
0.721	27.336
0.693	27.178
0.774	31.992
0.817	37.044
0.816	36.899
0.722	27.345
0.845	52.827
0.828	42.243
0.827	42.108
0.802	36.396
0.801	36.265
0.775	32.002
0.727	27.743
0.727	27.743
0.837	47.068
0.836	46.959
0.813	36.741
0.804	36.64
0.818	37.135
0.817	37.044
0.815	36.86
0.814	36.77
0.783	33.042
0.778	32.193
0.776	32.124
0.733	28.455
0.803	36.596
0.816	36.899
0.815	36.86
0.783	33.042
0.773	31.979
