P=? [ F (x=9&y=9&crashed=0) ]	R{"cost"}=? [ C<=100 ]
0.728	28.034
0.854	53.737
0.854	53.737
0.728	28.034
0.758	32.149
0.758	32.149
0.846	52.576
0.836	43.612
0.839	47.392
0.82	41.405
0.845	48.581
0.801	36.727
0.782	32.835
0.782	32.835
0.801	36.727
0.776	32.198
0.819	37.772
0.828	42.463
0.817	37.109
0.808	37.071
0.835	43.471
0.802	36.858
0.808	37.071
0.835	43.471
0.824	41.49
0.85	52.924
0.845	48.581
0.844	48.037
0.827	41.921
0.852	53.083
0.853	53.247
0.818	37.552
0.777	32.414
0.85	52.924
0.846	52.576
0.84	47.403
0.779	32.462
0.826	41.864
0.825	41.628
0.819	37.772
0.818	37.552
0.802	36.858
0.844	48.037
0.843	47.839
0.853	53.247
0.843	47.839
0.842	47.676
0.781	32.677
0.842	47.676
0.841	47.529
0.851	52.941
0.825	41.628
0.78	32.599
0.841	47.529
0.824	41.49
0.82	41.405
0.781	32.677
0.78	32.599
0.827	41.921
0.826	41.864
0.776	32.198
0.779	32.462
0.777	32.414
0.817	37.109
0.851	52.941
0.854	53.737
0.728	28.034
0.758	32.149
0.782	32.835
0.801	36.727
0.808	37.071
0.835	43.471
0.845	48.581
0.846	52.576
0.819	37.772
0.818	37.552
0.802	36.858
0.843	47.839
0.842	47.676
0.853	53.247
0.825	41.628
0.841	47.529
0.824	41.49
0.82	41.405
0.781	32.677
0.78	32.599
0.826	41.864
0.776	32.198
0.779	32.462
0.777	32.414
0.817	37.109
0.851	52.941
0.854	53.737
0.728	28.034
0.758	32.149
0.782	32.835
0.801	36.727
0.808	37.071
0.835	43.471
0.845	48.581
