P=? [ F (x=9&y=9&crashed=0) ]	R{"cost"}=? [ C<=100 ]
0.837	44.071
0.609	22.462
0.837	44.071
0.609	22.462
0.832	42.602
0.821	38.242
0.65	26.209
0.746	31.597
0.65	26.209
0.732	28.477
0.724	27.354
0.691	27.111
0.693	27.164
0.799	36.009
0.783	33.145
0.666	26.678
0.773	31.867
0.754	31.734
0.783	33.145
0.799	36.009
0.746	31.597
0.732	28.477
0.832	42.602
0.814	36.557
0.802	36.367
0.821	38.242
0.666	26.678
0.659	26.432
0.754	31.734
0.816	36.799
0.652	26.38
0.659	26.432
0.782	32.833
0.834	43.103
0.781	32.634
0.82	38.068
0.819	37.623
0.778	32.217
0.817	37.149
0.833	42.948
0.836	43.761
0.835	43.431
0.835	43.431
0.836	43.761
0.819	37.623
0.818	37.336
0.814	36.557
0.802	36.367
0.693	27.164
0.8	36.185
0.73	28.344
0.729	28.09
0.78	32.39
0.725	27.586
0.773	31.867
0.724	27.354
0.818	37.336
0.817	37.149
0.8	36.185
0.729	28.09
0.728	27.91
0.82	38.068
0.776	32.053
0.775	32.029
0.833	42.948
0.727	27.787
0.726	27.633
0.651	26.246
0.728	27.91
0.727	27.787
0.78	32.39
0.779	32.269
0.776	32.053
0.775	32.029
0.731	28.39
0.779	32.269
0.652	26.38
0.726	27.633
0.725	27.586
0.731	28.39
0.73	28.344
0.651	26.246
0.609	22.462
0.837	44.071
0.65	26.209
0.783	33.145
0.799	36.009
0.746	31.597
0.832	42.602
0.821	38.242
0.666	26.678
0.754	31.734
0.659	26.432
0.835	43.431
0.819	37.623
0.802	36.367
0.693	27.164
0.773	31.867
0.814	36.557
0.724	27.354
