P=? [ F (x=9&y=9&crashed=0) ]	R{"cost"}=? [ C<=100 ]
0.794	28.228
0.945	50.738
0.794	28.228
0.842	29.104
0.809	28.825
0.944	45.87
0.846	29.492
0.935	43.871
0.927	40.663
0.893	37.878
0.86	32.253
0.892	35.31
0.809	28.825
0.846	29.492
0.86	32.253
0.914	38.783
0.9	38.435
0.882	33.741
0.869	33.519
0.927	40.663
0.877	33.699
0.935	43.871
0.925	40.075
0.877	33.699
0.914	38.783
0.865	32.942
0.861	32.307
0.921	39.466
0.865	32.942
0.94	44.806
0.891	35.274
0.889	34.7
0.943	45.425
0.942	44.852
0.861	32.307
0.9	38.435
0.926	40.542
0.923	39.794
0.917	38.814
0.896	38.331
0.893	37.878
0.944	45.87
0.943	45.425
0.92	39.031
0.939	44.39
0.887	34.482
0.886	34.073
0.896	38.331
0.885	34.061
0.866	33.091
0.938	44.235
0.937	43.922
0.885	34.061
0.922	39.486
0.923	39.794
0.868	33.306
0.868	33.306
0.867	33.11
0.941	44.816
0.891	35.274
0.888	34.666
0.887	34.482
0.889	34.7
0.869	33.519
0.898	38.433
0.918	38.972
0.939	44.39
0.938	44.235
0.926	40.542
0.897	38.423
0.919	39.019
0.918	38.972
0.936	43.883
0.937	43.922
0.892	35.31
0.942	44.852
0.888	34.666
0.917	38.814
0.922	39.486
0.867	33.11
0.92	39.031
0.886	34.073
0.936	43.883
0.919	39.019
0.897	38.423
0.898	38.433
0.794	28.228
0.809	28.825
0.935	43.871
0.865	32.942
0.861	32.307
0.9	38.435
0.893	37.878
0.943	45.425
0.896	38.331
0.885	34.061
0.923	39.794
0.868	33.306
0.891	35.274
0.887	34.482
