P=? [ F (x=9&y=9&crashed=0) ]	R{"cost"}=? [ C<=100 ]
0.933	45.096
0.792	27.434
0.933	45.096
0.792	27.434
0.93	44.474
0.926	40.418
0.818	28.059
0.892	37.785
0.891	35.107
0.921	39.272
0.837	28.62
0.812	27.648
0.794	27.512
0.903	38.944
0.867	33.566
0.851	30.706
0.882	33.622
0.851	30.706
0.861	32.28
0.845	29.463
0.861	32.28
0.847	30.202
0.838	28.752
0.845	29.463
0.93	44.474
0.838	28.752
0.847	30.202
0.926	40.418
0.899	38.836
0.837	28.62
0.814	27.898
0.922	39.605
0.888	34.49
0.932	44.893
0.89	34.904
0.884	34.042
0.883	33.654
0.888	34.49
0.866	33.208
0.925	40.215
0.924	39.875
0.866	33.208
0.865	32.868
0.894	37.913
0.89	34.904
0.932	44.893
0.921	39.272
0.903	38.944
0.897	38.511
0.897	38.511
0.902	38.924
0.862	32.538
0.886	34.239
0.886	34.239
0.864	32.863
0.863	32.646
0.899	38.836
0.895	38.121
0.891	35.107
0.925	40.215
0.896	38.317
0.895	38.121
0.896	38.317
0.924	39.875
0.923	39.688
0.813	27.713
0.814	27.898
0.794	27.512
0.812	27.648
0.885	34.11
0.894	37.913
0.892	37.785
0.863	32.646
0.862	32.538
0.902	38.924
0.923	39.688
0.885	34.11
0.884	34.042
0.813	27.713
0.793	27.45
0.882	33.622
0.867	33.566
0.883	33.654
0.793	27.45
0.865	32.868
0.864	32.863
0.792	27.434
0.933	45.096
0.851	30.706
0.861	32.28
0.845	29.463
0.838	28.752
0.847	30.202
0.926	40.418
0.837	28.62
0.888	34.49
0.866	33.208
0.89	34.904
0.932	44.893
0.921	39.272
