P=? [ F (x=9&y=9&crashed=0) ]	R{"cost"}=? [ C<=100 ]
0.936	45.806
0.794	27.462
0.794	27.462
0.936	45.806
0.934	45.48
0.927	40.898
0.895	38.133
0.847	29.825
0.843	29.082
0.897	38.413
0.917	38.74
0.892	35.765
0.852	31.031
0.825	28.487
0.801	28.222
0.852	31.031
0.868	33.186
0.882	33.638
0.825	28.487
0.813	28.367
0.861	32.289
0.889	34.72
0.861	32.289
0.927	40.898
0.891	35.718
0.843	29.082
0.817	28.458
0.886	34.087
0.934	45.48
0.797	27.841
0.889	34.72
0.886	34.087
0.863	32.751
0.797	27.841
0.868	33.186
0.926	40.568
0.924	40.007
0.801	28.222
0.866	33.154
0.92	39.044
0.924	40.007
0.926	40.568
0.897	38.413
0.882	33.638
0.883	33.641
0.813	28.367
0.863	32.751
0.862	32.368
0.921	39.38
0.923	39.672
0.816	28.389
0.917	38.74
0.892	35.765
0.866	33.154
0.883	33.641
0.92	39.044
0.918	38.792
0.922	39.621
0.921	39.38
0.935	45.584
0.918	38.792
0.891	35.718
0.935	45.584
0.862	32.368
0.923	39.672
0.922	39.621
0.817	28.458
0.816	28.389
0.936	45.806
0.794	27.462
0.852	31.031
0.825	28.487
0.861	32.289
0.927	40.898
0.843	29.082
0.934	45.48
0.889	34.72
0.886	34.087
0.797	27.841
0.868	33.186
0.801	28.222
0.924	40.007
0.926	40.568
0.897	38.413
0.882	33.638
0.813	28.367
0.863	32.751
0.917	38.74
0.892	35.765
0.866	33.154
0.883	33.641
0.92	39.044
0.921	39.38
0.918	38.792
0.891	35.718
0.935	45.584
0.862	32.368
0.923	39.672
0.922	39.621
0.817	28.458
