P=? [ F (x=9&y=9&crashed=0) ]	R{"cost"}=? [ C<=100 ]
0.862	49.589
0.725	30.76
0.725	30.76
0.827	39.969
0.846	47.815
0.838	43.417
0.845	44.358
0.76	33.346
0.807	39.072
0.786	37.435
0.781	34.709
0.749	32.746
0.775	33.843
0.823	39.118
0.796	37.771
0.859	49.058
0.804	38.334
0.732	31.859
0.756	32.855
0.859	49.058
0.846	47.815
0.74	32.705
0.788	37.738
0.73	31.385
0.802	37.86
0.786	37.435
0.781	34.709
0.729	31.095
0.726	31.042
0.826	39.43
0.775	33.843
0.803	37.882
0.861	49.52
0.756	32.855
0.843	43.807
0.841	43.669
0.777	34.122
0.825	39.406
0.735	32.285
0.78	34.439
0.777	34.122
0.739	32.59
0.736	32.385
0.735	32.285
0.844	44.15
0.86	49.194
0.807	39.072
0.779	34.425
0.787	37.723
0.824	39.134
0.844	44.15
0.739	32.59
0.736	32.385
0.84	43.502
0.779	34.425
0.86	49.194
0.842	43.805
0.839	43.497
0.823	39.118
0.74	32.705
0.824	39.134
0.787	37.723
0.84	43.502
0.839	43.497
0.842	43.805
0.725	30.76
0.859	49.058
0.846	47.815
0.786	37.435
0.781	34.709
0.775	33.843
0.756	32.855
0.777	34.122
0.807	39.072
0.844	44.15
0.736	32.385
0.739	32.59
0.779	34.425
0.86	49.194
0.823	39.118
0.74	32.705
0.824	39.134
0.787	37.723
0.839	43.497
0.842	43.805
0.725	30.76
0.859	49.058
0.846	47.815
0.781	34.709
0.775	33.843
0.779	34.425
0.777	34.122
0.807	39.072
0.736	32.385
0.844	44.15
0.86	49.194
0.74	32.705
0.787	37.723
0.823	39.118
0.824	39.134
