P=? [ F (x=9&y=9&crashed=0) ]	R{"cost"}=? [ C<=100 ]
0.844	44.163
0.688	26.904
0.844	44.163
0.781	34.694
0.712	27.649
0.84	43.347
0.828	39.991
0.801	37.422
0.807	38.653
0.755	32.285
0.801	37.422
0.713	29.225
0.823	38.972
0.74	31.822
0.775	33.741
0.84	43.347
0.828	39.991
0.762	33.701
0.724	30.726
0.805	37.886
0.724	30.726
0.712	27.649
0.758	33.067
0.756	32.422
0.718	30.172
0.842	43.65
0.779	34.401
0.806	38.035
0.738	31.636
0.759	33.535
0.758	33.067
0.718	30.172
0.777	34.016
0.733	31.61
0.74	31.822
0.714	29.681
0.729	31.422
0.827	39.843
0.826	39.419
0.841	43.497
0.777	34.016
0.843	44.019
0.802	37.569
0.727	31.088
0.728	31.097
0.823	38.972
0.807	38.653
0.824	39.041
0.802	37.569
0.78	34.421
0.731	31.574
0.756	32.422
0.826	39.419
0.825	39.18
0.727	31.088
0.716	29.949
0.715	29.738
0.739	31.651
0.729	31.422
0.761	33.686
0.759	33.535
0.775	33.741
0.806	38.035
0.827	39.843
0.731	31.574
0.843	44.019
0.825	39.18
0.717	30.086
0.716	29.949
0.733	31.61
0.761	33.686
0.717	30.086
0.715	29.738
0.714	29.681
0.762	33.701
0.78	34.421
0.739	31.651
0.728	31.097
0.844	44.163
0.801	37.422
0.84	43.347
0.828	39.991
0.724	30.726
0.712	27.649
0.758	33.067
0.718	30.172
0.74	31.822
0.777	34.016
0.802	37.569
0.823	38.972
0.807	38.653
0.756	32.422
0.826	39.419
0.729	31.422
0.775	33.741
0.827	39.843
0.731	31.574
0.843	44.019
0.716	29.949
0.717	30.086
