P=? [ F (x=9&y=9&crashed=0) ]	R{"cost"}=? [ C<=100 ]
0.871	54.31
0.687	26.91
0.871	54.31
0.687	26.91
0.868	53.84
0.861	49.422
0.85	48.525
0.845	44.322
0.71	26.992
0.84	43.487
0.828	39.731
0.714	27.657
0.823	39.025
0.804	37.777
0.731	28.824
0.738	29.82
0.754	31.743
0.785	37.176
0.783	35.027
0.754	31.743
0.738	29.82
0.786	37.255
0.799	37.315
0.84	43.487
0.828	39.731
0.77	33.74
0.76	33.246
0.823	39.025
0.804	37.777
0.731	28.824
0.861	49.422
0.77	33.74
0.868	53.84
0.78	34.255
0.756	32.757
0.755	31.763
0.851	48.758
0.85	48.525
0.857	48.779
0.757	33.032
0.845	44.322
0.782	35.007
0.775	33.772
0.713	27.641
0.777	34.183
0.843	44.134
0.76	33.246
0.736	29.692
0.71	26.992
0.735	29.504
0.734	29.133
0.842	43.78
0.858	48.845
0.869	54.026
0.776	33.852
0.826	39.651
0.825	39.329
0.713	27.641
0.825	39.329
0.824	39.043
0.869	54.026
0.737	29.756
0.756	32.757
0.86	49.2
0.859	48.968
0.827	39.669
0.842	43.78
0.841	43.552
0.785	37.176
0.86	49.2
0.78	34.255
0.759	33.24
0.802	37.698
0.801	37.498
0.735	29.504
0.844	44.145
0.783	35.027
0.782	35.007
0.759	33.24
0.732	28.976
0.859	48.968
0.801	37.498
0.8	37.388
0.733	29.073
0.732	28.976
0.776	33.852
0.8	37.388
0.803	37.77
0.802	37.698
0.777	34.183
0.841	43.552
0.734	29.133
0.733	29.073
0.799	37.315
0.786	37.255
0.775	33.772
0.857	48.779
0.851	48.758
0.755	31.763
0.824	39.043
