P=? [ F (x=9&y=9&crashed=0) ]	R{"cost"}=? [ C<=100 ]
0.828	39.988
0.706	26.864
0.828	39.988
0.706	26.864
0.715	27.915
0.719	30.957
0.781	34.693
0.807	38.651
0.727	31.064
0.749	31.501
0.777	34.017
0.782	36.86
0.762	33.701
0.825	39.172
0.783	37.053
0.799	37.218
0.727	31.064
0.715	27.915
0.758	33.069
0.72	30.988
0.781	34.693
0.777	34.017
0.762	33.701
0.758	33.069
0.806	38.037
0.711	27.303
0.756	32.543
0.755	31.983
0.825	39.172
0.807	38.651
0.827	39.84
0.826	39.332
0.805	37.887
0.801	37.453
0.749	31.501
0.805	37.887
0.801	37.453
0.711	27.303
0.757	32.676
0.719	30.957
0.709	27.192
0.752	31.694
0.754	31.837
0.709	27.192
0.782	36.86
0.799	37.218
0.783	37.053
0.826	39.332
0.751	31.54
0.806	38.037
0.8	37.305
0.827	39.84
0.755	31.983
0.754	31.837
0.752	31.694
0.757	32.676
0.756	32.543
0.71	27.199
0.8	37.305
0.72	30.988
0.75	31.529
0.751	31.54
0.75	31.529
0.71	27.199
0.828	39.988
0.706	26.864
0.727	31.064
0.715	27.915
0.781	34.693
0.762	33.701
0.758	33.069
0.825	39.172
0.807	38.651
0.749	31.501
0.805	37.887
0.801	37.453
0.711	27.303
0.719	30.957
0.709	27.192
0.799	37.218
0.783	37.053
0.826	39.332
0.806	38.037
0.827	39.84
0.755	31.983
0.754	31.837
0.757	32.676
0.756	32.543
0.72	30.988
0.751	31.54
0.75	31.529
0.71	27.199
0.828	39.988
0.706	26.864
0.727	31.064
0.715	27.915
0.762	33.701
0.758	33.069
0.825	39.172
0.807	38.651
