P=? [ F (x=9&y=9&crashed=0) ]	R{"cost"}=? [ C<=100 ]
0.652	26.624
0.841	43.479
0.841	43.479
0.652	26.624
0.824	39.108
0.84	43.478
0.685	26.852
0.653	26.716
0.725	30.891
0.717	28.226
0.784	37.288
0.781	34.671
0.69	27.308
0.711	27.317
0.807	38.981
0.785	37.406
0.801	37.525
0.74	32.009
0.824	39.108
0.762	33.806
0.756	32.092
0.775	33.815
0.84	43.478
0.758	33.141
0.757	32.165
0.776	34.125
0.717	28.226
0.725	30.891
0.73	31.39
0.803	37.776
0.804	38.355
0.715	27.896
0.712	27.376
0.806	38.854
0.779	34.4
0.726	31.053
0.735	31.44
0.69	27.308
0.761	33.464
0.76	33.238
0.784	37.288
0.715	27.896
0.779	34.4
0.78	34.669
0.729	31.216
0.805	38.599
0.803	37.776
0.727	31.214
0.805	38.599
0.804	38.355
0.712	27.376
0.761	33.464
0.739	31.79
0.716	28.012
0.801	37.525
0.781	34.671
0.738	31.652
0.737	31.501
0.739	31.79
0.738	31.652
0.653	26.716
0.716	28.012
0.76	33.238
0.758	33.141
0.756	32.092
0.74	32.009
0.757	32.165
0.735	31.44
0.736	31.483
0.737	31.501
0.736	31.483
0.711	27.317
0.775	33.815
0.762	33.806
0.729	31.216
0.727	31.214
0.78	34.669
0.652	26.624
0.841	43.479
0.824	39.108
0.84	43.478
0.717	28.226
0.725	30.891
0.69	27.308
0.784	37.288
0.715	27.896
0.779	34.4
0.803	37.776
0.805	38.599
0.804	38.355
0.712	27.376
0.761	33.464
0.801	37.525
0.781	34.671
0.738	31.652
0.653	26.716
0.716	28.012
0.74	32.009
0.757	32.165
0.735	31.44
