P=? [ F (x=9&y=9&crashed=0) ]	R{"cost"}=? [ C<=100 ]
0.869	55.563
0.705	34.39
0.869	55.563
0.863	54.743
0.852	51.11
0.73	34.792
0.831	49.629
0.828	46.471
0.798	41.61
0.799	44.336
0.754	37.329
0.769	38.528
0.863	54.743
0.833	49.942
0.777	39.461
0.845	50.138
0.789	40.176
0.852	51.11
0.754	37.329
0.731	35.17
0.739	35.465
0.769	38.528
0.747	35.929
0.748	36.289
0.815	45.21
0.813	45.035
0.866	55.241
0.821	45.376
0.741	35.871
0.807	44.827
0.789	40.176
0.777	39.461
0.792	40.495
0.807	44.827
0.828	46.471
0.802	44.777
0.866	55.241
0.79	40.278
0.831	49.629
0.74	35.78
0.794	40.924
0.77	38.648
0.8	44.701
0.823	45.696
0.772	38.772
0.752	36.864
0.796	41.401
0.85	50.765
0.848	50.611
0.73	34.792
0.799	44.336
0.826	46.13
0.813	45.035
0.75	36.594
0.826	46.13
0.833	49.942
0.846	50.319
0.75	36.594
0.795	41.101
0.851	51.063
0.815	45.21
0.739	35.465
0.731	35.17
0.846	50.319
0.848	50.611
0.793	40.721
0.822	45.48
0.798	41.61
0.796	41.401
0.793	40.721
0.751	36.795
0.825	45.93
0.774	39.056
0.773	38.856
0.752	36.864
0.845	50.138
0.776	39.276
0.802	44.777
0.776	39.276
0.775	39.098
0.795	41.101
0.821	45.376
0.85	50.765
0.824	45.818
0.825	45.93
0.824	45.818
0.822	45.48
0.773	38.856
0.8	44.701
0.751	36.795
0.747	35.929
0.741	35.871
0.851	51.063
0.775	39.098
0.774	39.056
0.869	55.563
0.852	51.11
0.754	37.329
0.769	38.528
0.789	40.176
