P=? [ F (x=9&y=9&crashed=0) ]	R{"cost"}=? [ C<=100 ]
0.652	28.796
0.869	56.3
0.869	56.3
0.652	28.796
0.704	30.772
0.866	55.709
0.853	51.461
0.832	50.366
0.829	47.287
0.669	29.069
0.687	30.194
0.739	34.361
0.712	33.233
0.765	36.891
0.841	50.545
0.686	29.734
0.673	29.681
0.866	55.709
0.853	51.461
0.769	38.552
0.798	42.237
0.812	45.303
0.725	34.123
0.758	35.761
0.799	43.759
0.704	30.772
0.802	44.119
0.747	35.697
0.802	44.119
0.812	45.303
0.797	42.186
0.781	40.084
0.796	41.182
0.829	47.287
0.713	33.291
0.712	33.233
0.849	50.763
0.82	45.529
0.788	40.25
0.823	45.68
0.719	33.945
0.828	46.554
0.775	39.391
0.824	45.982
0.759	35.855
0.717	33.685
0.672	29.33
0.817	45.422
0.743	34.823
0.769	38.552
0.687	30.194
0.717	33.685
0.724	34.114
0.67	29.32
0.794	40.873
0.826	46.104
0.774	39.037
0.741	34.708
0.771	38.756
0.851	50.915
0.791	40.458
0.779	39.782
0.777	39.476
0.832	50.366
0.779	39.782
0.868	56.21
0.764	36.628
0.762	36.236
0.764	36.628
0.817	45.422
0.8	43.994
0.745	35.401
0.744	35.065
0.828	46.554
0.827	46.228
0.867	56.034
0.852	51.141
0.793	40.772
0.761	36.159
0.719	33.945
0.781	40.084
0.746	35.688
0.745	35.401
0.774	39.037
0.772	38.76
0.795	41.147
0.744	35.065
0.741	34.708
0.725	34.123
0.799	43.759
0.791	40.458
0.789	40.351
0.793	40.772
0.852	51.141
0.849	50.763
0.777	39.476
0.762	36.236
0.761	36.159
0.867	56.034
0.724	34.114
