P=? [ F (x=9&y=9&crashed=0) ]	R{"cost"}=? [ C<=100 ]
0.657	29.298
0.854	51.471
0.854	51.471
0.657	29.298
0.672	30.054
0.846	50.327
0.828	47.032
0.691	32.946
0.672	30.054
0.764	38.439
0.691	32.946
0.846	50.327
0.828	47.032
0.797	41.724
0.806	45.176
0.752	36.796
0.798	43.469
0.752	36.796
0.658	29.343
0.724	34.076
0.825	45.865
0.764	38.439
0.712	33.911
0.743	35.419
0.783	40.117
0.826	46.52
0.698	33.262
0.816	45.221
0.733	35.245
0.79	40.26
0.774	39.512
0.704	33.379
0.747	36.474
0.771	38.609
0.745	35.74
0.777	39.525
0.711	33.781
0.704	33.379
0.804	44.396
0.773	38.853
0.794	40.811
0.819	45.741
0.658	29.343
0.783	40.117
0.795	41.457
0.777	39.525
0.732	35.227
0.729	34.659
0.694	33.163
0.727	34.323
0.75	36.518
0.827	46.985
0.792	40.596
0.745	35.74
0.849	50.473
0.711	33.781
0.724	34.076
0.792	40.596
0.694	33.163
0.799	43.789
0.798	43.469
0.853	51.156
0.803	44.308
0.802	43.999
0.728	34.631
0.743	35.419
0.771	38.609
0.79	40.26
0.729	34.659
0.727	34.323
0.773	38.853
0.732	35.227
0.852	51.066
0.851	50.825
0.794	40.811
0.804	44.396
0.796	41.656
0.795	41.457
0.818	45.573
0.817	45.388
0.85	50.651
0.851	50.825
0.85	50.651
0.733	35.245
0.818	45.573
0.817	45.388
0.712	33.911
0.806	45.176
0.75	36.518
0.747	36.474
0.849	50.473
0.819	45.741
0.853	51.156
0.852	51.066
0.803	44.308
0.802	43.999
0.801	43.913
0.801	43.913
0.8	43.835
0.796	41.656
