P=? [ F (x=9&y=9&crashed=0) ]	R{"cost"}=? [ C<=100 ]
0.799	56.301
0.639	29.25
0.799	56.301
0.639	29.25
0.791	51.488
0.797	55.886
0.701	33.907
0.684	30.156
0.762	44.609
0.664	29.988
0.733	38.851
0.76	41.901
0.731	36.473
0.698	31.5
0.783	49.528
0.788	50.648
0.645	29.342
0.657	29.679
0.696	31.401
0.779	48.899
0.776	47.168
0.711	34.172
0.768	45.579
0.767	44.725
0.758	40.879
0.751	40.268
0.747	39.737
0.645	29.342
0.662	29.738
0.728	35.594
0.776	47.168
0.715	34.86
0.689	30.717
0.657	29.679
0.687	30.649
0.752	40.377
0.774	45.652
0.723	35.486
0.797	55.886
0.719	35.038
0.731	36.473
0.736	39.387
0.742	39.502
0.741	39.407
0.775	46.399
0.714	34.61
0.775	46.399
0.747	39.737
0.76	41.901
0.773	45.625
0.729	35.783
0.689	30.717
0.79	50.854
0.779	48.899
0.701	33.907
0.759	41.365
0.684	30.156
0.758	40.879
0.752	40.377
0.759	41.365
0.78	49.183
0.698	31.5
0.782	49.304
0.729	35.783
0.798	55.951
0.713	34.282
0.721	35.223
0.762	44.609
0.735	39.279
0.734	38.997
0.711	34.172
0.722	35.226
0.663	29.984
0.742	39.502
0.79	50.854
0.789	50.675
0.664	29.988
0.72	35.076
0.734	38.997
0.782	49.304
0.78	49.183
0.767	44.725
0.723	35.486
0.735	39.279
0.712	34.279
0.697	31.423
0.798	55.951
0.688	30.657
0.773	45.625
0.768	45.579
0.72	35.076
0.789	50.675
0.697	31.423
0.741	39.407
0.736	39.387
0.688	30.657
0.663	29.984
0.722	35.226
0.713	34.282
0.712	34.279
