P=? [ F (x=9&y=9&crashed=0) ]	R{"cost"}=? [ C<=100 ]
0.905	49.615
0.699	23.547
0.905	49.615
0.699	23.547
0.897	45.305
0.847	38.056
0.881	43.685
0.88	40.245
0.846	34.812
0.728	27.582
0.707	24.619
0.813	32.437
0.791	29.79
0.791	29.79
0.728	27.582
0.813	32.437
0.749	28.505
0.707	24.619
0.769	28.51
0.785	28.546
0.769	28.51
0.824	33.198
0.838	33.533
0.738	28.318
0.878	39.923
0.747	28.321
0.897	45.305
0.895	44.983
0.869	39.534
0.706	24.605
0.855	38.236
0.887	44.552
0.729	27.767
0.864	38.754
0.788	29.602
0.786	28.678
0.857	38.417
0.706	24.605
0.819	32.457
0.821	32.932
0.895	44.983
0.887	44.552
0.733	28.123
0.879	40.194
0.737	28.143
0.885	44.386
0.878	39.923
0.869	39.534
0.733	28.123
0.864	38.754
0.857	38.417
0.838	33.533
0.824	33.198
0.842	34.237
0.841	33.916
0.856	38.403
0.823	33.017
0.816	32.446
0.846	34.812
0.845	34.548
0.884	44.123
0.816	32.446
0.866	39.115
0.786	28.678
0.865	39.01
0.868	39.38
0.867	39.143
0.789	29.693
0.788	29.602
0.821	32.932
0.883	43.968
0.882	43.775
0.841	33.916
0.84	33.732
0.855	38.236
0.847	38.056
0.885	44.386
0.84	33.732
0.839	33.571
0.884	44.123
0.883	43.968
0.868	39.38
0.844	34.438
0.843	34.285
0.819	32.457
0.735	28.132
0.735	28.132
0.844	34.438
0.845	34.548
0.748	28.43
0.865	39.01
0.789	29.693
0.882	43.775
0.881	43.685
0.823	33.017
0.748	28.43
0.88	40.245
0.843	34.285
0.842	34.237
0.839	33.571
