P=? [ F (x=9&y=9&crashed=0) ]	R{"cost"}=? [ C<=100 ]
0.906	50.342
0.69	24.334
0.906	50.342
0.69	24.334
0.896	44.86
0.905	49.954
0.879	39.76
0.894	44.493
0.854	37.835
0.705	27.507
0.693	24.438
0.846	34.772
0.785	32.09
0.773	29.457
0.709	27.564
0.727	27.57
0.879	39.76
0.894	44.493
0.862	39.009
0.876	39.394
0.732	28.147
0.854	37.835
0.746	28.335
0.748	28.377
0.761	28.547
0.785	32.09
0.905	49.954
0.693	24.438
0.705	27.507
0.773	29.457
0.837	33.635
0.826	33.411
0.796	32.235
0.846	34.772
0.805	32.271
0.794	32.14
0.816	32.344
0.858	38.642
0.787	32.124
0.809	32.33
0.77	29.301
0.766	28.618
0.841	33.893
0.862	39.009
0.729	28.004
0.858	38.642
0.824	33.41
0.823	33.011
0.77	29.301
0.82	32.887
0.819	32.457
0.728	27.582
0.807	32.305
0.859	38.811
0.876	39.394
0.842	34.278
0.766	28.618
0.837	33.635
0.826	33.411
0.746	28.335
0.764	28.568
0.748	28.377
0.762	28.551
0.771	29.44
0.877	39.508
0.877	39.508
0.895	44.628
0.731	28.042
0.859	38.811
0.845	34.58
0.732	28.147
0.761	28.547
0.839	33.725
0.805	32.271
0.796	32.235
0.707	27.528
0.818	32.43
0.692	24.413
0.843	34.424
0.842	34.278
0.707	27.528
0.794	32.14
0.787	32.124
0.895	44.628
0.816	32.344
0.821	32.901
0.809	32.33
0.709	27.564
0.84	33.768
0.845	34.58
0.844	34.466
0.823	33.011
0.821	32.901
0.839	33.725
0.818	32.43
0.691	24.412
0.84	33.768
0.844	34.466
0.843	34.424
0.731	28.042
