P=? [ F (x=9&y=9&crashed=0) ]	R{"cost"}=? [ C<=100 ]
0.86	49.134
0.654	22.825
0.86	49.134
0.858	48.742
0.846	44.693
0.676	27.216
0.703	27.225
0.754	32.184
0.674	26.83
0.661	23.613
0.736	27.763
0.753	29.858
0.719	27.472
0.721	27.749
0.825	41.728
0.823	39.671
0.802	36.846
0.674	26.83
0.846	44.693
0.83	42.873
0.661	23.613
0.799	35.3
0.706	27.412
0.841	43.545
0.816	38.239
0.774	32.926
0.763	32.298
0.738	28.059
0.785	33.6
0.809	37.967
0.78	32.971
0.745	28.444
0.79	33.602
0.819	38.857
0.771	32.647
0.841	43.545
0.83	42.873
0.794	34.223
0.845	44.311
0.766	32.618
0.795	34.643
0.742	28.42
0.656	23.021
0.66	23.589
0.656	23.021
0.806	37.587
0.772	32.653
0.818	38.324
0.859	49.081
0.842	43.598
0.804	36.953
0.793	34.147
0.799	35.3
0.82	38.908
0.748	29.016
0.827	41.974
0.807	37.718
0.705	27.41
0.747	28.704
0.765	32.52
0.74	28.366
0.784	33.302
0.66	23.589
0.829	42.474
0.791	33.754
0.826	41.783
0.829	42.474
0.828	42.104
0.764	32.309
0.749	29.031
0.843	43.933
0.822	39.516
0.821	39.186
0.805	37.278
0.655	22.832
0.752	29.785
0.751	29.472
0.805	37.278
0.797	35.002
0.796	34.697
0.792	33.861
0.823	39.671
0.821	39.186
0.809	37.967
0.784	33.302
0.782	33.035
0.844	44.199
0.843	43.933
0.747	28.704
0.751	29.472
0.75	29.229
0.803	36.914
0.817	38.289
0.798	35.091
0.75	29.229
0.782	33.035
0.808	37.902
0.825	41.728
0.74	28.366
0.822	39.516
