P=? [ F (x=9&y=9&crashed=0) ]	R{"cost"}=? [ C<=100 ]
0.862	49.408
0.675	26.935
0.675	26.935
0.862	49.408
0.86	48.853
0.846	45.109
0.727	27.582
0.702	27.579
0.846	45.109
0.755	30.031
0.691	27.067
0.745	28.425
0.758	31.959
0.86	48.853
0.732	28.407
0.801	36.767
0.828	41.849
0.824	40.439
0.8	35.402
0.843	43.612
0.808	37.939
0.833	43.528
0.834	43.571
0.817	38.317
0.77	32.387
0.845	44.185
0.784	33.494
0.831	42.629
0.824	40.439
0.695	27.435
0.79	33.528
0.693	27.301
0.702	27.579
0.805	37.248
0.764	32.251
0.821	39.44
0.823	39.929
0.752	29.524
0.774	33.093
0.751	29.418
0.759	32.189
0.747	28.714
0.762	32.2
0.82	38.911
0.794	34.234
0.818	38.357
0.75	29.031
0.776	33.25
0.753	29.92
0.828	41.849
0.804	36.907
0.823	39.929
0.821	39.44
0.831	42.629
0.796	34.519
0.793	34.077
0.758	31.959
0.791	33.763
0.797	34.842
0.728	27.811
0.731	28.215
0.792	33.876
0.748	28.749
0.73	28.083
0.749	29.018
0.729	27.915
0.817	38.317
0.808	37.939
0.78	33.454
0.83	42.264
0.819	38.718
0.755	30.031
0.8	35.402
0.799	35.059
0.798	34.866
0.78	33.454
0.776	33.25
0.861	49.108
0.845	44.185
0.844	43.888
0.844	43.888
0.83	42.264
0.829	41.989
0.695	27.435
0.764	32.251
0.861	49.108
0.691	27.067
0.795	34.483
0.807	37.698
0.806	37.484
0.772	32.685
0.771	32.455
0.803	36.873
0.773	32.875
0.807	37.698
0.806	37.484
0.82	38.911
0.799	35.059
0.819	38.718
0.773	32.875
