P=? [ F (x=9&y=9&crashed=0) ]	R{"cost"}=? [ C<=100 ]
0.864	50.169
0.726	27.565
0.864	50.169
0.726	27.565
0.847	44.6
0.848	48.039
0.855	49.862
0.745	28.423
0.757	31.892
0.753	29.706
0.731	28.138
0.835	43.748
0.778	33.471
0.789	33.53
0.829	41.989
0.824	40.215
0.802	36.811
0.863	49.881
0.849	48.442
0.8	35.411
0.809	38.073
0.817	38.277
0.843	43.765
0.849	48.442
0.824	40.215
0.829	41.989
0.855	49.862
0.728	28.135
0.822	39.567
0.791	33.974
0.833	42.774
0.846	44.382
0.758	31.906
0.763	32.222
0.775	32.986
0.845	44.094
0.765	32.341
0.731	28.138
0.772	32.658
0.79	33.541
0.776	33.31
0.805	37.239
0.747	28.73
0.818	38.443
0.834	43.159
0.798	34.805
0.807	37.597
0.753	29.706
0.757	31.892
0.844	43.908
0.772	32.658
0.747	28.73
0.745	28.423
0.77	32.375
0.752	29.67
0.75	29.225
0.795	34.544
0.749	29.166
0.83	42.26
0.799	35.229
0.848	48.039
0.794	34.305
0.834	43.159
0.832	42.631
0.83	42.26
0.823	39.926
0.803	36.813
0.821	39.268
0.82	38.91
0.8	35.411
0.768	32.357
0.727	27.803
0.775	32.986
0.792	34.132
0.763	32.222
0.758	31.906
0.832	42.631
0.821	39.268
0.823	39.926
0.819	38.712
0.808	37.859
0.727	27.803
0.804	37.006
0.75	29.225
0.749	29.166
0.798	34.805
0.796	34.583
0.808	37.859
0.817	38.277
0.809	38.073
0.806	37.442
0.796	34.583
0.752	29.67
0.82	38.91
0.819	38.712
0.804	37.006
0.799	35.229
0.77	32.375
0.768	32.357
0.794	34.305
