P=? [ F (x=9&y=9&crashed=0) ]	R{"cost"}=? [ C<=100 ]
0.712	29.03
0.89	64.828
0.89	64.828
0.719	29.141
0.751	29.97
0.882	60.109
0.888	64.762
0.882	60.109
0.881	55.462
0.876	54.244
0.865	50.406
0.756	32.191
0.865	50.406
0.849	47.826
0.848	45.445
0.754	30.016
0.8	35.548
0.876	54.244
0.785	33.848
0.851	48.679
0.828	42.29
0.824	40.592
0.801	36.962
0.824	40.592
0.816	38.489
0.779	33.778
0.837	43.948
0.764	32.354
0.843	44.06
0.858	48.809
0.796	34.658
0.823	39.607
0.797	35.41
0.759	32.222
0.846	44.39
0.878	54.811
0.888	64.762
0.85	48.134
0.88	55.027
0.792	33.962
0.751	29.97
0.773	33.475
0.832	43.213
0.777	33.513
0.765	32.618
0.811	38.403
0.713	29.061
0.806	37.542
0.864	49.908
0.86	48.885
0.862	49.447
0.82	38.978
0.794	34.537
0.877	54.314
0.861	49.208
0.844	44.118
0.818	38.72
0.717	29.08
0.789	33.862
0.769	33.216
0.828	42.29
0.769	33.216
0.765	32.618
0.848	45.445
0.847	44.853
0.831	42.643
0.808	38.272
0.809	38.342
0.804	37.286
0.833	43.317
0.791	33.896
0.803	37.034
0.835	43.548
0.778	33.544
0.807	38.007
0.847	44.853
0.805	37.365
0.753	30.001
0.822	39.567
0.881	55.462
0.772	33.304
0.821	39.36
0.863	49.805
0.858	48.809
0.794	34.537
0.849	47.826
0.811	38.403
0.829	42.305
0.802	37.002
0.836	43.818
0.77	33.238
0.831	42.643
0.83	42.374
0.771	33.284
0.807	38.007
0.717	29.08
0.834	43.536
0.754	30.016
0.789	33.862
0.758	32.212
