P=? [ F (x=9&y=9&crashed=0) ]	R{"cost"}=? [ C<=100 ]
0.846	44.635
0.846	44.635
0.693	27.008
0.715	27.201
0.694	27.125
0.804	37.145
0.797	34.748
0.753	29.724
0.758	31.921
0.829	42.245
0.823	40.189
0.73	28.284
0.744	28.355
0.775	33.434
0.715	27.201
0.726	27.505
0.844	44.023
0.808	38.339
0.815	38.459
0.835	43.774
0.823	40.189
0.804	37.145
0.763	32.31
0.797	34.748
0.753	29.724
0.783	33.484
0.769	32.333
0.789	33.493
0.834	43.747
0.832	43.073
0.829	42.245
0.783	33.484
0.806	37.596
0.832	43.073
0.772	32.862
0.822	39.861
0.821	39.308
0.758	31.921
0.729	27.926
0.831	42.575
0.774	32.948
0.807	37.856
0.728	27.9
0.748	28.752
0.759	32.0
0.771	32.443
0.751	29.339
0.821	39.308
0.82	38.926
0.763	32.31
0.79	33.525
0.795	34.516
0.794	34.186
0.822	39.861
0.727	27.574
0.845	44.31
0.747	28.693
0.745	28.382
0.759	32.0
0.726	27.505
0.75	29.313
0.749	29.014
0.82	38.926
0.819	38.638
0.845	44.31
0.831	42.575
0.83	42.305
0.749	29.014
0.807	37.856
0.844	44.023
0.835	43.774
0.805	37.351
0.77	32.361
0.791	33.746
0.805	37.351
0.773	32.886
0.793	34.051
0.792	33.85
0.796	34.558
0.747	28.693
0.816	38.496
0.818	38.61
0.745	28.382
0.834	43.747
0.751	29.339
0.794	34.186
0.793	34.051
0.808	38.339
0.818	38.61
0.816	38.496
0.792	33.85
0.791	33.746
0.771	32.443
0.694	27.125
0.744	28.355
0.73	28.284
0.727	27.574
0.774	32.948
0.83	42.305
0.775	33.434
