P=? [ F (x=9&y=9&crashed=0) ]	R{"cost"}=? [ C<=100 ]
0.871	54.648
0.688	23.688
0.871	54.648
0.688	23.688
0.845	44.221
0.87	54.502
0.863	49.782
0.852	48.922
0.691	26.997
0.693	27.275
0.69	23.713
0.714	27.301
0.831	42.295
0.758	31.987
0.754	29.722
0.745	28.404
0.807	37.755
0.816	38.146
0.732	28.239
0.823	39.929
0.827	41.806
0.841	43.562
0.841	43.562
0.802	36.694
0.8	35.403
0.764	32.338
0.853	49.07
0.778	33.39
0.763	32.101
0.852	48.922
0.87	54.502
0.863	49.782
0.72	27.476
0.77	32.362
0.859	49.123
0.726	27.559
0.754	29.722
0.796	34.298
0.823	39.929
0.789	33.507
0.805	37.367
0.784	33.504
0.715	27.31
0.784	33.504
0.773	32.832
0.799	35.093
0.821	39.489
0.803	36.924
0.861	49.32
0.862	49.637
0.758	31.987
0.818	38.381
0.794	34.058
0.827	41.806
0.719	27.433
0.728	27.818
0.772	32.681
0.751	29.184
0.82	38.953
0.771	32.462
0.8	35.403
0.829	41.995
0.749	28.933
0.791	33.606
0.821	39.489
0.73	27.994
0.747	28.706
0.727	27.569
0.844	43.805
0.819	38.788
0.802	36.694
0.797	34.686
0.775	33.069
0.751	29.184
0.843	43.609
0.828	41.849
0.729	27.95
0.804	37.201
0.79	33.569
0.792	33.849
0.775	33.069
0.798	34.865
0.731	28.219
0.75	29.156
0.776	33.281
0.746	28.61
0.844	43.805
0.693	27.275
0.817	38.336
0.793	34.035
0.792	33.849
0.798	34.865
0.797	34.686
0.748	28.875
0.804	37.201
0.82	38.953
0.819	38.788
0.732	28.239
0.83	42.149
0.86	49.174
