P=? [ F (x=9&y=9&crashed=0) ]	R{"cost"}=? [ C<=100 ]
0.853	49.304
0.694	27.104
0.846	44.63
0.727	27.578
0.851	48.686
0.828	41.844
0.732	28.224
0.823	39.926
0.758	31.919
0.755	29.987
0.832	42.763
0.745	28.433
0.789	33.548
0.843	43.615
0.778	33.432
0.802	36.7
0.8	35.331
0.808	37.977
0.823	39.926
0.816	38.154
0.771	32.458
0.767	32.454
0.851	48.686
0.773	32.721
0.843	43.615
0.832	42.763
0.73	28.116
0.821	39.415
0.763	32.108
0.755	29.987
0.759	32.023
0.821	39.415
0.796	34.678
0.831	42.277
0.727	27.578
0.845	44.231
0.844	43.761
0.774	33.04
0.82	38.959
0.829	41.928
0.729	27.845
0.75	29.163
0.728	27.823
0.795	34.435
0.752	29.452
0.754	29.724
0.792	33.952
0.845	44.231
0.749	28.915
0.758	31.919
0.792	33.952
0.79	33.571
0.803	36.776
0.747	28.698
0.819	38.758
0.818	38.388
0.8	35.331
0.799	35.101
0.807	37.61
0.799	35.101
0.797	34.782
0.852	48.991
0.852	48.991
0.764	32.242
0.777	33.311
0.754	29.724
0.752	29.452
0.805	37.201
0.804	36.935
0.751	29.187
0.806	37.464
0.805	37.201
0.793	34.213
0.776	33.289
0.774	33.04
0.797	34.782
0.746	28.466
0.749	28.915
0.747	28.698
0.802	36.7
0.83	42.139
0.745	28.433
0.82	38.959
0.819	38.758
0.765	32.254
0.794	34.411
0.793	34.213
0.816	38.154
0.808	37.977
0.79	33.571
0.776	33.289
0.804	36.935
0.765	32.254
0.844	43.761
0.807	37.61
0.806	37.464
0.818	38.388
0.817	38.243
0.831	42.277
0.83	42.139
