P=? [ F (x=9&y=9&crashed=0) ]	R{"cost"}=? [ C<=100 ]
0.785	27.577
0.943	45.29
0.943	45.29
0.785	27.577
0.942	44.961
0.925	40.079
0.813	27.794
0.892	37.794
0.788	27.638
0.891	35.115
0.942	44.961
0.819	28.07
0.925	40.079
0.902	39.087
0.918	39.185
0.859	32.2
0.853	30.902
0.826	28.437
0.874	33.992
0.859	32.2
0.883	34.061
0.853	30.902
0.826	28.437
0.834	28.64
0.844	29.061
0.813	27.794
0.84	29.034
0.861	32.72
0.845	29.463
0.848	29.838
0.838	28.659
0.894	38.367
0.892	37.794
0.867	33.403
0.848	29.838
0.85	30.239
0.851	30.527
0.85	30.239
0.851	30.527
0.845	29.463
0.888	34.758
0.897	38.476
0.87	33.738
0.867	33.403
0.92	39.198
0.89	34.913
0.885	34.101
0.866	33.112
0.863	32.725
0.788	27.638
0.9	39.064
0.887	34.519
0.922	39.634
0.872	33.759
0.921	39.401
0.87	33.738
0.898	38.703
0.835	28.641
0.887	34.519
0.886	34.299
0.899	38.92
0.898	38.703
0.918	39.185
0.902	39.087
0.866	33.112
0.865	32.904
0.921	39.401
0.924	39.901
0.923	39.698
0.834	28.64
0.891	35.115
0.895	38.454
0.894	38.367
0.886	34.299
0.883	34.061
0.874	33.992
0.924	39.901
0.864	32.892
0.786	27.63
0.89	34.913
0.888	34.758
0.899	38.92
0.84	29.034
0.838	28.659
0.872	33.759
0.861	32.72
0.923	39.698
0.922	39.634
0.885	34.101
0.844	29.061
0.9	39.064
0.897	38.476
0.895	38.454
0.835	28.641
0.871	33.742
0.92	39.198
0.865	32.904
0.864	32.892
0.786	27.63
0.863	32.725
