P=? [ F (x=9&y=9&crashed=0) ]	R{"cost"}=? [ C<=100 ]
0.944	50.158
0.775	27.833
0.944	50.158
0.775	27.833
0.826	30.207
0.921	39.48
0.926	44.041
0.939	49.639
0.938	44.575
0.854	32.262
0.808	28.642
0.783	28.445
0.812	29.932
0.888	37.396
0.887	34.696
0.854	32.262
0.905	39.465
0.937	44.235
0.878	34.233
0.886	34.358
0.779	28.372
0.811	28.988
0.867	33.509
0.877	33.625
0.893	38.199
0.859	32.281
0.864	32.766
0.943	49.82
0.926	44.041
0.902	39.168
0.86	32.583
0.873	33.61
0.777	27.843
0.783	28.445
0.889	37.817
0.921	39.48
0.873	33.61
0.865	33.109
0.808	28.642
0.896	38.334
0.888	37.396
0.865	33.109
0.904	39.226
0.892	37.839
0.811	28.988
0.938	44.575
0.887	34.696
0.9	38.913
0.899	38.721
0.897	38.491
0.9	38.913
0.867	33.509
0.899	38.721
0.897	38.491
0.937	44.235
0.864	32.766
0.86	32.583
0.943	49.82
0.939	49.639
0.777	27.843
0.891	37.836
0.896	38.334
0.886	34.358
0.878	34.233
0.904	39.226
0.859	32.281
0.891	37.836
0.889	37.817
0.877	33.625
0.905	39.465
0.892	37.839
0.775	27.833
0.944	50.158
0.854	32.262
0.811	28.988
0.926	44.041
0.921	39.48
0.873	33.61
0.808	28.642
0.888	37.396
0.865	33.109
0.938	44.575
0.887	34.696
0.867	33.509
0.937	44.235
0.864	32.766
0.86	32.583
0.943	49.82
0.939	49.639
0.886	34.358
0.878	34.233
0.904	39.226
0.859	32.281
0.877	33.625
0.905	39.465
0.777	27.843
0.944	50.158
0.775	27.833
0.854	32.262
0.811	28.988
