P=? [ F (x=9&y=9&crashed=0) ]	R{"cost"}=? [ C<=100 ]
0.894	53.928
0.697	36.369
0.894	53.928
0.873	47.81
0.734	37.006
0.875	51.129
0.698	36.373
0.749	37.923
0.756	39.237
0.851	45.27
0.841	43.816
0.859	45.895
0.881	52.643
0.879	51.437
0.778	39.579
0.864	47.165
0.789	40.397
0.764	39.556
0.841	43.816
0.851	45.27
0.801	40.473
0.734	37.006
0.779	39.604
0.749	37.923
0.833	43.125
0.859	45.895
0.832	42.611
0.743	37.553
0.864	47.165
0.761	39.245
0.743	37.553
0.698	36.373
0.838	43.55
0.838	43.55
0.854	45.516
0.826	41.96
0.868	47.726
0.739	37.323
0.739	37.323
0.785	39.978
0.89	53.293
0.854	45.516
0.785	39.978
0.808	40.763
0.756	39.237
0.884	52.887
0.893	53.604
0.865	47.483
0.788	40.112
0.833	43.125
0.89	53.293
0.886	53.057
0.826	41.96
0.879	51.437
0.762	39.533
0.811	41.135
0.881	52.643
0.828	42.293
0.832	42.611
0.829	42.294
0.822	41.647
0.808	40.763
0.805	40.629
0.822	41.647
0.893	53.604
0.805	40.629
0.876	51.142
0.814	41.213
0.868	47.726
0.811	41.135
0.865	47.483
0.886	53.057
0.821	41.603
0.818	41.499
0.802	40.51
0.815	41.418
0.876	51.142
0.829	42.294
0.873	47.81
0.812	41.205
0.885	52.917
0.788	40.112
0.816	41.451
0.802	40.51
0.764	39.556
0.821	41.603
0.818	41.499
0.875	51.129
0.828	42.293
0.801	40.473
0.789	40.397
0.817	41.461
0.815	41.418
0.885	52.917
0.762	39.533
0.817	41.461
0.814	41.213
0.812	41.205
0.761	39.245
0.894	53.928
