P=? [ F (x=9&y=9&crashed=0) ]	R{"cost"}=? [ C<=100 ]
0.699	32.337
0.891	57.235
0.699	32.337
0.891	57.235
0.753	35.259
0.802	35.375
0.855	46.703
0.853	42.188
0.89	57.165
0.884	53.147
0.846	41.735
0.843	37.764
0.724	32.455
0.868	50.396
0.73	32.745
0.73	32.745
0.749	34.969
0.749	34.969
0.865	48.129
0.821	37.061
0.88	52.417
0.871	52.116
0.87	51.039
0.83	37.191
0.872	52.189
0.84	37.416
0.724	32.455
0.835	37.203
0.862	47.376
0.856	46.773
0.89	57.165
0.811	36.26
0.817	36.678
0.884	53.147
0.83	37.191
0.806	35.376
0.883	53.146
0.864	48.059
0.863	47.45
0.862	47.376
0.856	46.773
0.869	50.972
0.835	37.203
0.81	36.192
0.809	35.674
0.85	41.868
0.802	35.375
0.753	35.259
0.882	52.662
0.817	36.678
0.811	36.26
0.84	37.416
0.865	48.129
0.847	41.805
0.846	41.735
0.843	37.764
0.842	37.702
0.852	42.115
0.819	36.952
0.808	35.607
0.818	36.721
0.88	52.417
0.872	52.189
0.853	42.188
0.852	42.115
0.855	46.703
0.808	35.607
0.85	41.868
0.842	37.702
0.881	52.591
0.806	35.376
0.821	37.061
0.863	47.45
0.871	52.116
0.882	52.662
0.881	52.591
0.864	48.059
0.82	36.991
0.81	36.192
0.87	51.039
0.809	35.674
0.869	50.972
0.847	41.805
0.818	36.721
0.82	36.991
0.819	36.952
0.891	57.235
0.699	32.337
0.73	32.745
0.749	34.969
0.884	53.147
0.724	32.455
0.89	57.165
0.83	37.191
0.862	47.376
0.856	46.773
0.835	37.203
0.802	35.375
0.817	36.678
0.811	36.26
