P=? [ F (x=9&y=9&crashed=0) ]	R{"cost"}=? [ C<=100 ]
0.898	58.922
0.717	32.532
0.898	58.922
0.717	32.532
0.759	32.598
0.795	36.296
0.795	36.296
0.896	54.203
0.859	43.641
0.862	46.569
0.829	41.115
0.847	41.654
0.88	51.32
0.823	38.23
0.826	40.243
0.886	53.174
0.878	49.224
0.805	36.395
0.88	51.32
0.818	38.226
0.817	37.21
0.812	37.163
0.867	47.594
0.862	46.569
0.886	53.174
0.859	43.641
0.853	42.85
0.805	36.395
0.867	47.594
0.812	37.163
0.891	53.978
0.872	48.398
0.85	42.715
0.853	42.85
0.878	49.224
0.889	53.541
0.87	47.967
0.849	42.139
0.847	41.654
0.826	40.243
0.828	40.626
0.877	48.63
0.876	48.493
0.895	54.071
0.829	41.115
0.87	47.967
0.889	53.541
0.849	42.139
0.828	40.626
0.823	38.23
0.896	54.203
0.872	48.398
0.891	53.978
0.877	48.63
0.85	42.715
0.876	48.493
0.895	54.071
0.817	37.21
0.818	38.226
0.898	58.922
0.717	32.532
0.795	36.296
0.862	46.569
0.886	53.174
0.859	43.641
0.805	36.395
0.867	47.594
0.812	37.163
0.853	42.85
0.878	49.224
0.847	41.654
0.826	40.243
0.829	41.115
0.87	47.967
0.889	53.541
0.828	40.626
0.823	38.23
0.896	54.203
0.872	48.398
0.891	53.978
0.877	48.63
0.85	42.715
0.895	54.071
0.717	32.532
0.898	58.922
0.795	36.296
0.862	46.569
0.886	53.174
0.859	43.641
0.805	36.395
0.867	47.594
0.812	37.163
0.853	42.85
0.878	49.224
0.847	41.654
0.829	41.115
0.87	47.967
0.889	53.541
0.828	40.626
0.872	48.398
