P=? [ F (x=9&y=9&crashed=0) ]	R{"cost"}=? [ C<=100 ]
0.584	29.616
0.887	53.007
0.887	53.007
0.584	29.616
0.742	32.443
0.693	32.25
0.877	48.29
0.885	52.628
0.78	35.237
0.86	43.607
0.866	47.36
0.632	29.701
0.742	32.443
0.78	35.237
0.67	31.366
0.85	42.255
0.67	31.366
0.836	40.199
0.643	30.768
0.798	35.304
0.693	32.25
0.81	37.68
0.807	36.166
0.836	40.199
0.85	42.255
0.81	37.68
0.86	43.607
0.815	38.736
0.83	39.666
0.832	39.908
0.858	42.863
0.803	35.63
0.638	29.957
0.885	52.628
0.807	36.166
0.641	30.568
0.643	30.768
0.877	48.29
0.855	42.546
0.816	38.952
0.866	47.36
0.803	35.63
0.822	39.418
0.815	38.736
0.874	48.172
0.872	47.611
0.867	47.544
0.816	38.952
0.855	42.546
0.824	39.447
0.822	39.418
0.638	29.957
0.635	29.714
0.858	42.863
0.873	47.802
0.641	30.568
0.824	39.447
0.632	29.701
0.886	52.824
0.873	47.802
0.886	52.824
0.635	29.714
0.874	48.172
0.872	47.611
0.867	47.544
0.584	29.616
0.78	35.237
0.742	32.443
0.67	31.366
0.693	32.25
0.836	40.199
0.85	42.255
0.81	37.68
0.86	43.607
0.885	52.628
0.807	36.166
0.643	30.768
0.877	48.29
0.866	47.36
0.815	38.736
0.855	42.546
0.858	42.863
0.641	30.568
0.824	39.447
0.803	35.63
0.632	29.701
0.873	47.802
0.886	52.824
0.635	29.714
0.874	48.172
0.872	47.611
0.867	47.544
0.584	29.616
0.78	35.237
0.742	32.443
0.67	31.366
0.693	32.25
0.81	37.68
0.86	43.607
0.885	52.628
