P=? [ F (x=9&y=9&crashed=0) ]	R{"cost"}=? [ C<=100 ]
0.667	26.94
0.845	48.629
0.667	26.94
0.84	47.868
0.829	42.944
0.708	31.157
0.823	42.122
0.813	38.477
0.785	35.935
0.779	33.105
0.696	28.815
0.778	32.84
0.759	32.161
0.696	28.815
0.724	31.47
0.74	31.491
0.722	31.313
0.68	26.981
0.743	31.552
0.756	31.62
0.708	31.157
0.829	42.944
0.813	38.477
0.668	26.977
0.823	42.122
0.687	27.186
0.801	37.323
0.842	48.059
0.811	37.798
0.779	33.105
0.801	37.323
0.694	28.142
0.68	26.981
0.794	37.133
0.778	32.84
0.759	32.161
0.809	37.528
0.807	37.523
0.793	37.13
0.789	36.516
0.785	35.935
0.789	36.516
0.758	32.135
0.757	31.655
0.69	27.512
0.694	28.142
0.812	38.17
0.793	37.13
0.844	48.423
0.691	27.852
0.844	48.423
0.807	37.523
0.688	27.493
0.812	38.17
0.826	42.31
0.692	27.869
0.828	42.685
0.788	36.28
0.787	36.152
0.786	35.939
0.687	27.186
0.828	42.685
0.827	42.487
0.794	37.133
0.827	42.487
0.742	31.503
0.826	42.31
0.824	42.14
0.722	31.313
0.74	31.491
0.824	42.14
0.692	27.869
0.723	31.445
0.788	36.28
0.787	36.152
0.756	31.62
0.743	31.552
0.757	31.655
0.758	32.135
0.723	31.445
0.724	31.47
0.691	27.852
0.689	27.497
0.742	31.503
0.689	27.497
0.668	26.977
0.786	35.939
0.688	27.493
0.667	26.94
0.696	28.815
0.708	31.157
0.829	42.944
0.813	38.477
0.823	42.122
0.779	33.105
0.801	37.323
0.68	26.981
0.778	32.84
0.759	32.161
0.785	35.935
