P=? [ F (x=9&y=9&crashed=0) ]	R{"cost"}=? [ C<=100 ]
0.842	52.516
0.645	26.758
0.645	26.758
0.842	52.516
0.836	48.076
0.707	30.982
0.815	41.881
0.812	38.177
0.828	47.061
0.67	27.163
0.827	43.836
0.71	31.163
0.734	31.211
0.778	32.901
0.794	37.356
0.736	31.397
0.7	28.175
0.756	31.468
0.759	32.167
0.783	35.677
0.781	33.547
0.806	37.44
0.688	27.388
0.678	27.315
0.67	27.163
0.69	27.982
0.836	48.076
0.678	27.315
0.79	36.501
0.82	42.325
0.696	28.086
0.778	32.901
0.7	28.175
0.822	43.104
0.759	32.167
0.79	36.501
0.78	33.53
0.831	47.624
0.828	47.061
0.812	38.177
0.82	42.325
0.787	36.108
0.834	47.713
0.818	41.969
0.825	43.464
0.824	43.112
0.758	31.992
0.757	31.646
0.81	37.812
0.809	37.466
0.788	36.163
0.708	31.143
0.786	35.825
0.785	35.685
0.827	43.836
0.826	43.56
0.815	41.881
0.831	47.624
0.69	27.982
0.811	37.943
0.834	47.713
0.818	41.969
0.817	41.888
0.688	27.388
0.699	28.107
0.788	36.163
0.71	31.163
0.757	31.646
0.758	31.992
0.735	31.228
0.808	37.442
0.781	33.547
0.78	33.53
0.786	35.825
0.697	28.09
0.822	43.104
0.783	35.677
0.811	37.943
0.81	37.812
0.826	43.56
0.825	43.464
0.833	47.631
0.756	31.468
0.734	31.211
0.809	37.466
0.708	31.143
0.735	31.228
0.699	28.107
0.697	28.09
0.817	41.888
0.824	43.112
0.833	47.631
0.823	43.106
0.784	35.679
0.832	47.625
0.808	37.442
0.823	43.106
0.784	35.679
0.832	47.625
0.842	52.516
