P=? [ F (x=9&y=9&crashed=0) ]	R{"cost"}=? [ C<=100 ]
0.614	26.156
0.614	26.156
0.861	53.682
0.861	53.682
0.68	27.008
0.63	26.866
0.708	31.109
0.859	53.317
0.846	44.985
0.855	49.599
0.849	48.378
0.816	41.519
0.815	38.719
0.783	34.155
0.732	31.294
0.682	27.218
0.754	31.506
0.694	28.85
0.736	31.408
0.778	32.942
0.785	35.813
0.708	31.109
0.764	32.819
0.808	37.467
0.694	28.85
0.794	37.289
0.692	28.558
0.626	26.549
0.692	28.558
0.833	43.742
0.824	43.19
0.843	44.404
0.845	44.857
0.834	43.876
0.85	48.613
0.841	44.163
0.79	36.54
0.781	33.493
0.757	31.615
0.76	32.368
0.823	43.062
0.855	49.599
0.833	43.742
0.824	43.19
0.761	32.65
0.628	26.855
0.849	48.378
0.814	38.402
0.735	31.361
0.811	37.84
0.781	33.493
0.819	42.059
0.78	33.179
0.732	31.294
0.693	28.741
0.818	42.003
0.626	26.549
0.793	37.249
0.813	38.38
0.764	32.819
0.788	36.196
0.852	48.939
0.852	48.939
0.786	35.849
0.822	42.742
0.815	38.719
0.812	38.157
0.791	36.709
0.792	37.017
0.841	44.163
0.834	43.876
0.759	32.116
0.758	31.83
0.788	36.196
0.82	42.317
0.817	41.776
0.816	41.519
0.63	26.866
0.759	32.116
0.809	37.598
0.811	37.84
0.809	37.598
0.78	33.179
0.778	32.942
0.792	37.017
0.627	26.624
0.817	41.776
0.853	49.164
0.812	38.157
0.854	49.379
0.821	42.535
0.82	42.317
0.758	31.83
0.854	49.379
0.853	49.164
0.822	42.742
0.821	42.535
0.681	27.207
0.808	37.467
0.794	37.289
