P=? [ F (x=9&y=9&crashed=0) ]	R{"cost"}=? [ C<=100 ]
0.602	22.575
0.602	22.575
0.844	44.765
0.646	25.191
0.695	27.569
0.816	41.971
0.813	38.408
0.708	31.014
0.643	23.586
0.679	27.128
0.679	27.128
0.785	35.723
0.762	32.933
0.762	32.933
0.625	23.179
0.646	25.191
0.785	35.723
0.738	31.426
0.627	23.47
0.755	31.469
0.793	36.945
0.695	27.569
0.692	27.349
0.838	43.424
0.806	37.027
0.709	31.141
0.708	31.014
0.825	43.337
0.722	31.198
0.723	31.317
0.735	31.332
0.843	44.249
0.809	37.606
0.759	32.433
0.625	23.179
0.821	43.029
0.758	31.968
0.791	36.74
0.807	37.16
0.841	43.796
0.82	42.611
0.692	27.349
0.758	31.968
0.756	31.574
0.788	36.223
0.787	35.861
0.789	36.261
0.813	38.408
0.761	32.626
0.824	43.217
0.811	37.972
0.812	38.267
0.819	42.511
0.818	42.231
0.79	36.47
0.818	42.231
0.817	41.984
0.786	35.745
0.842	44.025
0.811	37.972
0.81	37.744
0.807	37.16
0.842	44.025
0.79	36.47
0.627	23.47
0.735	31.332
0.756	31.574
0.816	41.971
0.824	43.217
0.821	43.029
0.76	32.596
0.812	38.267
0.81	37.744
0.839	43.559
0.84	43.671
0.792	36.825
0.787	35.861
0.84	43.671
0.839	43.559
0.82	42.611
0.819	42.511
0.838	43.424
0.825	43.337
0.792	36.825
0.806	37.027
0.722	31.198
0.709	31.141
0.755	31.469
0.788	36.223
0.761	32.626
0.76	32.596
0.723	31.317
0.817	41.984
0.602	22.575
0.679	27.128
0.762	32.933
0.646	25.191
0.785	35.723
0.695	27.569
0.708	31.014
