P=? [ F (x=9&y=9&crashed=0) ]	R{"cost"}=? [ C<=100 ]
0.622	27.417
0.859	49.051
0.859	49.051
0.622	27.417
0.663	30.223
0.843	47.54
0.836	44.415
0.777	35.708
0.747	32.409
0.82	41.675
0.807	38.813
0.777	35.708
0.747	32.409
0.71	31.172
0.688	31.075
0.723	31.367
0.682	30.497
0.664	30.387
0.807	38.813
0.738	31.512
0.82	41.675
0.72	31.197
0.792	36.938
0.684	30.77
0.71	31.172
0.799	37.006
0.788	36.429
0.743	31.876
0.834	43.904
0.805	38.232
0.858	48.612
0.856	48.51
0.746	32.394
0.829	43.193
0.743	31.876
0.78	35.933
0.831	43.556
0.847	48.028
0.827	42.676
0.825	42.203
0.848	48.039
0.822	41.685
0.854	48.07
0.834	43.904
0.855	48.076
0.804	38.193
0.803	37.763
0.786	36.025
0.789	36.544
0.828	42.816
0.824	42.061
0.8	37.372
0.831	43.556
0.74	31.557
0.83	43.24
0.687	31.07
0.789	36.544
0.847	48.028
0.784	36.001
0.801	37.652
0.8	37.372
0.78	35.933
0.792	36.938
0.825	42.203
0.824	42.061
0.827	42.676
0.74	31.557
0.72	31.197
0.682	30.497
0.746	32.394
0.687	31.07
0.738	31.512
0.828	42.816
0.805	38.232
0.664	30.387
0.786	36.025
0.858	48.612
0.856	48.51
0.822	41.685
0.688	31.075
0.803	37.763
0.802	37.673
0.799	37.006
0.784	36.001
0.83	43.24
0.804	38.193
0.739	31.521
0.854	48.07
0.848	48.039
0.802	37.673
0.801	37.652
0.785	36.011
0.785	36.011
0.739	31.521
0.855	48.076
0.859	49.051
0.622	27.417
0.777	35.708
0.747	32.409
0.82	41.675
