P=? [ F (x=9&y=9&crashed=0) ]	R{"cost"}=? [ C<=100 ]
0.614	26.148
0.861	49.177
0.614	26.148
0.861	49.177
0.711	27.864
0.851	48.478
0.845	44.895
0.72	31.29
0.721	31.413
0.755	31.446
0.817	41.621
0.668	26.951
0.649	26.52
0.62	26.224
0.815	39.031
0.786	35.965
0.781	33.464
0.651	26.649
0.699	27.854
0.793	37.025
0.759	32.164
0.805	37.159
0.68	27.006
0.772	32.42
0.831	43.395
0.84	43.895
0.72	31.29
0.845	44.895
0.858	48.798
0.851	48.478
0.691	27.298
0.62	26.224
0.711	27.864
0.691	27.298
0.699	27.854
0.686	27.163
0.859	49.037
0.814	38.706
0.776	32.473
0.779	33.275
0.786	35.965
0.781	33.464
0.688	27.187
0.792	36.744
0.823	41.845
0.756	31.457
0.84	43.895
0.831	43.395
0.757	31.853
0.777	32.705
0.825	42.209
0.828	42.799
0.815	39.031
0.778	32.86
0.651	26.649
0.649	26.52
0.81	37.919
0.841	44.022
0.83	43.169
0.828	42.799
0.827	42.439
0.811	37.979
0.812	38.332
0.759	32.164
0.844	44.559
0.824	41.88
0.858	48.798
0.83	43.169
0.79	36.705
0.817	41.621
0.757	31.853
0.682	27.017
0.772	32.42
0.806	37.308
0.843	44.412
0.842	44.172
0.682	27.017
0.808	37.544
0.808	37.544
0.806	37.308
0.813	38.564
0.812	38.332
0.809	37.689
0.789	36.479
0.823	41.845
0.773	32.434
0.827	42.439
0.826	42.245
0.787	36.136
0.788	36.312
0.787	36.136
0.789	36.479
0.788	36.312
0.778	32.86
0.842	44.172
0.844	44.559
0.78	33.317
0.843	44.412
0.809	37.689
0.813	38.564
