P=? [ F (x=9&y=9&crashed=0) ]	R{"cost"}=? [ C<=100 ]
0.919	54.43
0.67	27.158
0.67	27.158
0.919	54.43
0.736	28.365
0.907	53.278
0.765	31.804
0.887	47.852
0.902	50.0
0.777	32.46
0.765	31.804
0.804	32.505
0.885	44.824
0.71	27.942
0.869	42.837
0.867	39.934
0.685	27.898
0.916	54.311
0.844	37.524
0.841	35.398
0.718	28.311
0.907	53.278
0.901	49.765
0.851	38.124
0.817	33.045
0.859	38.505
0.9	48.98
0.851	38.124
0.884	44.666
0.882	43.865
0.838	34.918
0.673	27.486
0.826	33.735
0.71	27.942
0.717	28.278
0.833	34.095
0.835	34.12
0.902	50.0
0.811	32.972
0.682	27.882
0.818	33.336
0.805	32.715
0.841	35.398
0.837	34.444
0.899	48.926
0.877	43.181
0.671	27.174
0.846	37.825
0.681	27.59
0.898	48.519
0.84	35.008
0.891	48.15
0.775	32.459
0.771	31.922
0.833	34.095
0.896	48.508
0.896	48.508
0.823	33.612
0.881	43.593
0.678	27.58
0.82	33.45
0.864	39.166
0.844	37.524
0.873	43.02
0.845	37.723
0.81	32.857
0.882	43.865
0.859	38.505
0.873	43.02
0.772	32.079
0.772	32.079
0.826	33.735
0.891	48.15
0.867	39.934
0.862	38.933
0.918	54.321
0.717	28.278
0.878	43.404
0.862	38.933
0.767	31.806
0.89	48.097
0.837	34.444
0.86	38.711
0.87	42.932
0.865	39.477
0.846	37.825
0.808	32.792
0.889	47.933
0.885	44.824
0.884	44.666
0.685	27.898
0.866	39.688
0.864	39.166
0.679	27.583
0.767	31.806
0.86	38.711
0.775	32.459
0.866	39.688
0.865	39.477
0.869	42.837
