P=? [ F (x=9&y=9&crashed=0) ]	R{"cost"}=? [ C<=100 ]
0.928	64.473
0.928	64.473
0.742	32.895
0.773	34.361
0.821	37.362
0.924	59.419
0.773	34.361
0.925	59.542
0.903	50.309
0.92	55.013
0.907	53.779
0.821	37.362
0.878	43.432
0.869	40.594
0.887	48.362
0.886	45.86
0.759	33.886
0.744	33.184
0.756	33.367
0.869	40.594
0.878	43.432
0.896	48.745
0.839	38.403
0.849	38.792
0.886	45.86
0.885	44.66
0.832	38.327
0.919	54.592
0.89	48.553
0.853	38.952
0.92	55.013
0.914	54.483
0.842	38.689
0.865	39.966
0.824	37.634
0.825	37.933
0.907	53.779
0.822	37.589
0.846	38.697
0.879	43.642
0.882	43.917
0.83	38.18
0.868	40.353
0.902	49.806
0.828	38.029
0.759	33.886
0.925	59.542
0.856	39.162
0.913	54.291
0.912	54.193
0.856	39.162
0.909	53.97
0.839	38.403
0.902	49.806
0.901	49.399
0.758	33.653
0.899	49.131
0.756	33.367
0.744	33.184
0.859	39.454
0.846	38.697
0.842	38.689
0.884	44.47
0.883	44.127
0.831	38.225
0.864	39.877
0.859	39.454
0.899	49.131
0.897	48.84
0.861	39.571
0.758	33.653
0.854	39.068
0.867	40.249
0.889	48.445
0.882	43.917
0.879	43.642
0.867	40.249
0.828	38.029
0.897	48.84
0.863	39.83
0.862	39.587
0.912	54.193
0.909	53.97
0.883	44.127
0.9	49.325
0.89	48.553
0.885	44.66
0.884	44.47
0.919	54.592
0.914	54.483
0.908	53.886
0.86	39.466
0.825	37.933
0.854	39.068
0.908	53.886
0.889	48.445
0.887	48.362
0.832	38.327
0.901	49.399
0.9	49.325
