P=? [ F (x=9&y=9&crashed=0) ]	R{"cost"}=? [ C<=100 ]
0.9	49.77
0.7	23.557
0.9	49.77
0.7	23.557
0.704	23.816
0.712	27.609
0.733	27.824
0.773	28.037
0.746	27.993
0.894	48.463
0.884	45.266
0.842	37.357
0.877	43.155
0.867	40.116
0.782	28.608
0.814	32.456
0.806	29.611
0.84	35.095
0.801	28.789
0.849	38.064
0.716	27.749
0.884	45.266
0.746	27.993
0.877	43.155
0.883	44.463
0.825	32.925
0.859	38.569
0.867	40.116
0.782	28.608
0.894	48.463
0.835	34.254
0.704	23.816
0.773	28.037
0.712	27.609
0.814	32.456
0.806	29.611
0.832	33.955
0.825	32.925
0.818	32.578
0.805	29.594
0.802	28.802
0.899	49.026
0.83	33.566
0.83	33.566
0.882	43.875
0.866	39.963
0.865	39.389
0.864	39.234
0.86	38.724
0.715	27.667
0.838	34.997
0.837	34.616
0.864	39.234
0.86	38.724
0.859	38.569
0.818	32.578
0.878	43.5
0.846	37.903
0.845	37.722
0.845	37.722
0.837	34.616
0.896	48.675
0.898	48.843
0.88	43.535
0.805	29.594
0.802	28.802
0.831	33.718
0.84	35.095
0.895	48.488
0.899	49.026
0.882	43.875
0.881	43.692
0.801	28.789
0.816	32.529
0.898	48.843
0.896	48.675
0.846	37.903
0.881	43.692
0.865	39.389
0.866	39.963
0.831	33.718
0.838	34.997
0.716	27.749
0.816	32.529
0.815	32.482
0.88	43.535
0.878	43.5
0.815	32.482
0.895	48.488
0.7	23.557
0.884	45.266
0.746	27.993
0.877	43.155
0.894	48.463
0.704	23.816
0.773	28.037
0.712	27.609
0.814	32.456
0.806	29.611
0.825	32.925
