P=? [ F (x=9&y=9&crashed=0) ]	R{"cost"}=? [ C<=100 ]
0.909	76.121
0.786	30.419
0.909	76.121
0.821	35.032
0.803	34.49
0.877	49.201
0.881	50.547
0.801	33.986
0.829	35.685
0.908	71.024
0.907	65.897
0.908	71.024
0.906	65.521
0.899	61.027
0.855	40.653
0.896	59.755
0.89	55.736
0.832	38.918
0.857	43.741
0.871	45.323
0.886	54.247
0.801	33.986
0.868	44.482
0.858	43.825
0.853	40.15
0.844	39.861
0.899	61.027
0.906	65.521
0.822	35.383
0.89	55.736
0.896	59.755
0.871	45.323
0.837	39.811
0.843	39.838
0.886	54.247
0.898	60.546
0.88	50.134
0.832	38.918
0.897	60.186
0.835	39.36
0.829	35.685
0.887	54.561
0.868	44.482
0.858	43.825
0.803	34.49
0.889	55.22
0.835	39.36
0.879	49.711
0.802	34.405
0.907	65.897
0.879	49.711
0.878	49.354
0.854	40.301
0.87	45.003
0.869	44.657
0.888	54.898
0.836	39.688
0.889	55.22
0.888	54.898
0.87	45.003
0.822	35.383
0.853	40.15
0.844	39.861
0.869	44.657
0.878	49.354
0.854	40.301
0.836	39.688
0.802	34.405
0.843	39.838
0.837	39.811
0.909	76.121
0.908	71.024
0.801	33.986
0.899	61.027
0.906	65.521
0.896	59.755
0.871	45.323
0.886	54.247
0.858	43.825
0.829	35.685
0.868	44.482
0.803	34.49
0.835	39.36
0.907	65.897
0.889	55.22
0.888	54.898
0.87	45.003
0.822	35.383
0.844	39.861
0.869	44.657
0.878	49.354
0.802	34.405
0.843	39.838
0.837	39.811
0.909	76.121
0.908	71.024
0.801	33.986
0.822	35.383
0.899	61.027
0.906	65.521
