P=? [ F (x=9&y=9&crashed=0) ]	R{"cost"}=? [ C<=100 ]
0.879	50.023
0.757	28.39
0.757	28.39
0.879	50.023
0.787	28.776
0.877	49.699
0.871	45.345
0.794	29.95
0.857	43.461
0.854	39.478
0.834	36.928
0.827	34.287
0.8	32.116
0.86	43.983
0.868	44.189
0.834	36.928
0.841	37.197
0.827	34.287
0.87	45.159
0.789	29.041
0.835	37.158
0.871	45.345
0.877	49.699
0.815	32.607
0.823	33.903
0.8	32.116
0.81	32.592
0.869	44.317
0.791	29.433
0.807	32.405
0.802	32.129
0.791	29.433
0.854	39.478
0.847	38.324
0.822	33.72
0.787	28.776
0.826	34.089
0.851	38.967
0.848	38.497
0.818	33.004
0.851	38.967
0.848	38.497
0.807	32.405
0.802	32.129
0.82	33.243
0.858	43.47
0.844	37.831
0.843	37.421
0.845	37.853
0.857	43.461
0.809	32.421
0.853	39.172
0.846	38.02
0.859	43.696
0.821	33.435
0.859	43.696
0.868	44.189
0.817	32.853
0.816	32.647
0.86	43.983
0.821	33.435
0.826	34.089
0.852	39.153
0.878	49.838
0.842	37.378
0.819	33.177
0.846	38.02
0.817	32.853
0.878	49.838
0.869	44.317
0.819	33.177
0.843	37.421
0.842	37.378
0.816	32.647
0.835	37.158
0.844	37.831
0.853	39.172
0.852	39.153
0.809	32.421
0.81	32.592
0.757	28.39
0.879	50.023
0.791	29.433
0.834	36.928
0.827	34.287
0.871	45.345
0.787	28.776
0.851	38.967
0.848	38.497
0.802	32.129
0.857	43.461
0.809	32.421
0.859	43.696
0.868	44.189
0.821	33.435
0.817	32.853
0.826	34.089
0.878	49.838
0.869	44.317
0.819	33.177
