P=? [ F (x=9&y=9&crashed=0) ]	R{"cost"}=? [ C<=100 ]
0.878	50.015
0.743	27.526
0.743	27.526
0.878	50.015
0.877	49.832
0.87	44.968
0.855	43.518
0.828	34.235
0.854	39.604
0.834	37.161
0.793	31.848
0.792	29.582
0.755	27.611
0.81	32.388
0.798	32.354
0.79	29.227
0.781	29.197
0.764	28.147
0.869	44.786
0.862	44.558
0.774	28.873
0.781	29.197
0.842	37.251
0.77	28.307
0.836	37.222
0.834	37.161
0.81	32.388
0.816	32.498
0.852	38.847
0.82	33.068
0.762	27.879
0.85	38.71
0.758	27.788
0.861	44.392
0.859	43.909
0.797	32.283
0.847	38.179
0.847	38.179
0.819	32.747
0.85	38.71
0.797	32.283
0.793	31.848
0.758	27.788
0.755	27.611
0.854	39.604
0.853	39.194
0.859	43.909
0.855	43.518
0.792	29.582
0.853	39.194
0.822	33.555
0.86	44.058
0.774	28.873
0.821	33.387
0.845	37.739
0.844	37.428
0.827	34.198
0.826	33.89
0.846	38.013
0.845	37.739
0.762	27.879
0.869	44.786
0.862	44.558
0.772	28.627
0.771	28.402
0.819	32.747
0.817	32.53
0.824	33.662
0.817	32.53
0.79	29.227
0.836	37.222
0.826	33.89
0.825	33.7
0.821	33.387
0.846	38.013
0.773	28.712
0.77	28.307
0.86	44.058
0.843	37.392
0.816	32.498
0.824	33.662
0.822	33.555
0.771	28.402
0.773	28.712
0.772	28.627
0.825	33.7
0.827	34.198
0.844	37.428
0.843	37.392
0.798	32.354
0.842	37.251
0.878	50.015
0.743	27.526
0.781	29.197
0.834	37.161
0.81	32.388
0.847	38.179
0.85	38.71
0.797	32.283
0.793	31.848
