P=? [ F (x=9&y=9&crashed=0) ]	R{"cost"}=? [ C<=100 ]
0.877	49.207
0.764	27.397
0.876	49.111
0.867	43.99
0.855	42.901
0.853	39.418
0.795	29.913
0.795	29.913
0.828	34.436
0.842	37.117
0.842	37.117
0.828	34.436
0.808	32.402
0.808	32.402
0.772	28.118
0.783	28.307
0.867	43.99
0.856	43.069
0.865	43.644
0.876	49.111
0.81	32.496
0.846	38.239
0.82	33.18
0.816	32.536
0.85	38.576
0.825	33.676
0.821	33.376
0.769	27.947
0.792	29.265
0.845	37.794
0.765	27.445
0.865	43.644
0.856	43.069
0.791	29.258
0.788	28.702
0.866	43.742
0.853	39.418
0.769	27.947
0.765	27.445
0.845	37.794
0.843	37.302
0.818	32.754
0.788	28.702
0.792	29.265
0.791	29.258
0.818	32.754
0.843	37.302
0.786	28.684
0.784	28.315
0.851	38.943
0.855	42.901
0.85	38.576
0.846	38.239
0.827	34.233
0.826	33.902
0.852	39.099
0.825	33.676
0.821	33.376
0.826	33.902
0.827	34.233
0.784	28.315
0.817	32.554
0.786	28.684
0.783	28.307
0.772	28.118
0.852	39.099
0.851	38.943
0.77	28.076
0.809	32.461
0.816	32.536
0.809	32.461
0.771	28.091
0.817	32.554
0.771	28.091
0.77	28.076
0.787	28.687
0.787	28.687
0.795	29.913
0.842	37.117
0.828	34.436
0.808	32.402
0.867	43.99
0.876	49.111
0.865	43.644
0.856	43.069
0.853	39.418
0.769	27.947
0.765	27.445
0.845	37.794
0.788	28.702
0.818	32.754
0.792	29.265
0.791	29.258
0.855	42.901
0.85	38.576
0.846	38.239
0.825	33.676
0.821	33.376
0.827	34.233
0.784	28.315
