P=? [ F (x=9&y=9&crashed=0) ]	R{"cost"}=? [ C<=100 ]
0.909	50.183
0.731	27.207
0.909	50.183
0.731	27.207
0.9	44.924
0.901	48.443
0.762	27.96
0.89	43.304
0.883	40.792
0.747	27.862
0.861	38.589
0.848	37.879
0.796	30.701
0.841	36.952
0.839	35.237
0.744	27.453
0.8	32.335
0.859	38.027
0.872	38.77
0.732	27.22
0.813	32.752
0.823	33.489
0.804	32.63
0.883	40.792
0.89	43.304
0.796	30.701
0.773	28.241
0.829	33.677
0.779	28.342
0.783	29.069
0.906	49.354
0.766	28.212
0.782	28.562
0.905	49.337
0.897	44.443
0.895	44.244
0.875	39.194
0.86	38.224
0.873	38.959
0.773	28.241
0.793	29.928
0.82	33.27
0.903	48.848
0.88	39.856
0.894	43.989
0.847	37.608
0.903	48.848
0.908	49.887
0.791	29.592
0.839	35.237
0.794	30.181
0.788	29.499
0.792	29.643
0.881	40.31
0.908	49.887
0.8	32.335
0.892	43.765
0.898	44.731
0.83	33.904
0.834	34.355
0.901	48.443
0.838	34.841
0.877	39.399
0.878	39.655
0.801	32.371
0.794	30.181
0.745	27.675
0.844	37.204
0.787	29.268
0.779	28.342
0.893	43.795
0.802	32.59
0.817	32.883
0.876	39.398
0.816	32.855
0.746	27.702
0.822	33.302
0.842	37.133
0.841	36.952
0.818	33.061
0.831	33.959
0.765	28.182
0.846	37.449
0.882	40.506
0.891	43.505
0.785	29.139
0.804	32.63
0.833	34.104
0.846	37.449
0.744	27.453
0.732	27.22
0.837	34.832
0.836	34.608
0.836	34.608
0.835	34.385
0.765	28.182
0.782	28.562
0.818	33.061
0.88	39.856
0.891	43.505
