P=? [ F (x=9&y=9&crashed=0) ]	R{"cost"}=? [ C<=100 ]
0.918	50.217
0.918	50.217
0.754	28.911
0.788	29.556
0.905	49.487
0.85	37.953
0.901	46.112
0.891	43.473
0.883	40.915
0.841	35.622
0.808	33.089
0.797	30.773
0.901	46.112
0.797	30.773
0.841	35.622
0.883	40.915
0.808	33.089
0.914	49.537
0.862	38.703
0.9	44.934
0.826	33.648
0.792	30.369
0.871	38.789
0.891	43.473
0.791	29.67
0.813	33.46
0.856	38.49
0.82	33.64
0.84	35.116
0.796	30.512
0.86	38.528
0.829	33.718
0.818	33.576
0.915	49.687
0.882	40.397
0.812	33.212
0.895	44.052
0.877	39.389
0.834	34.419
0.905	49.487
0.893	43.872
0.853	38.098
0.881	40.251
0.88	39.854
0.874	39.121
0.854	38.244
0.835	34.421
0.838	35.046
0.837	34.725
0.833	34.099
0.894	43.906
0.861	38.555
0.872	38.812
0.831	34.016
0.876	39.235
0.809	33.105
0.916	49.936
0.892	43.625
0.898	44.659
0.897	44.43
0.896	44.28
0.832	34.092
0.836	34.632
0.831	34.016
0.829	33.718
0.839	35.076
0.819	33.595
0.878	39.572
0.873	38.964
0.88	39.854
0.879	39.698
0.789	29.581
0.892	43.625
0.873	38.964
0.897	44.43
0.896	44.28
0.917	50.07
0.855	38.343
0.882	40.397
0.881	40.251
0.853	38.098
0.9	44.934
0.899	44.79
0.796	30.512
0.792	30.369
0.917	50.07
0.916	49.936
0.899	44.79
0.898	44.659
0.879	39.698
0.878	39.572
0.818	33.576
0.813	33.46
0.809	33.105
0.875	39.228
0.812	33.212
0.855	38.343
0.837	34.725
0.836	34.632
0.791	29.67
