P=? [ F (x=9&y=9&crashed=0) ]	R{"cost"}=? [ C<=100 ]
0.914	49.606
0.652	22.784
0.652	22.784
0.701	26.729
0.653	22.798
0.911	49.119
0.898	44.703
0.653	22.798
0.881	40.244
0.882	43.783
0.769	28.065
0.8	32.337
0.749	28.048
0.794	30.424
0.841	36.996
0.84	35.136
0.713	26.97
0.729	27.17
0.911	49.119
0.898	44.703
0.863	38.951
0.712	26.818
0.875	39.154
0.893	43.847
0.702	26.742
0.775	28.076
0.815	32.873
0.832	34.016
0.884	43.799
0.808	32.86
0.794	30.424
0.857	38.2
0.85	38.176
0.848	37.581
0.826	33.856
0.834	34.413
0.787	29.437
0.8	32.337
0.894	43.998
0.879	39.73
0.739	27.212
0.88	40.094
0.741	27.397
0.744	27.406
0.804	32.481
0.79	29.732
0.736	27.185
0.861	38.645
0.816	33.02
0.819	33.102
0.897	44.556
0.729	27.17
0.86	38.374
0.786	29.084
0.825	33.696
0.838	34.805
0.849	38.042
0.845	37.146
0.842	37.13
0.822	33.682
0.877	39.383
0.878	39.573
0.779	28.316
0.839	35.082
0.82	33.244
0.784	28.917
0.781	28.792
0.862	38.808
0.913	49.459
0.746	27.793
0.896	44.284
0.837	34.719
0.748	27.999
0.804	32.481
0.876	39.226
0.782	28.825
0.833	34.086
0.733	27.179
0.747	27.796
0.777	28.279
0.807	32.762
0.789	29.541
0.896	44.284
0.78	28.509
0.807	32.762
0.791	30.008
0.836	34.549
0.785	29.053
0.792	30.173
0.792	30.173
0.858	38.348
0.821	33.433
0.733	27.179
0.875	39.154
0.863	38.951
0.912	49.32
0.713	26.97
0.78	28.509
0.821	33.433
0.847	37.451
