P=? [ F (x=9&y=9&crashed=0) ]	R{"cost"}=? [ C<=100 ]
0.916	49.942
0.652	22.803
0.916	49.942
0.652	22.803
0.71	26.832
0.654	22.804
0.901	49.023
0.884	43.794
0.71	26.832
0.654	22.804
0.899	45.134
0.882	40.707
0.794	32.291
0.714	27.065
0.746	27.787
0.735	27.138
0.767	27.939
0.793	30.352
0.841	35.544
0.893	43.845
0.843	37.002
0.913	49.473
0.863	39.062
0.875	39.154
0.859	38.224
0.91	49.125
0.802	32.352
0.849	37.886
0.779	28.289
0.825	33.695
0.82	33.52
0.811	32.756
0.832	34.016
0.806	32.703
0.804	32.426
0.739	27.17
0.819	33.075
0.896	44.31
0.791	30.037
0.742	27.414
0.822	33.588
0.835	34.384
0.899	45.134
0.898	44.663
0.841	35.544
0.839	35.08
0.878	39.573
0.882	40.707
0.786	29.057
0.825	33.695
0.862	38.896
0.876	39.232
0.844	37.382
0.839	35.08
0.837	34.696
0.782	28.835
0.843	37.002
0.847	37.763
0.88	40.248
0.74	27.378
0.879	40.019
0.877	39.557
0.849	37.886
0.788	29.483
0.815	32.827
0.837	34.696
0.833	34.095
0.895	44.245
0.834	34.322
0.816	33.009
0.735	27.138
0.813	32.792
0.774	28.075
0.744	27.666
0.898	44.663
0.781	28.634
0.712	26.844
0.776	28.279
0.859	38.224
0.79	29.961
0.789	29.628
0.88	40.248
0.713	26.97
0.832	34.016
0.793	30.352
0.91	49.125
0.781	28.634
0.86	38.497
0.861	38.64
0.767	27.939
0.746	27.787
0.788	29.483
0.786	29.057
0.784	28.915
0.769	27.97
0.846	37.628
0.845	37.392
0.879	40.019
0.744	27.666
0.772	27.997
