P=? [ F (x=9&y=9&crashed=0) ]	R{"cost"}=? [ C<=100 ]
0.647	22.324
0.9	44.929
0.9	44.929
0.647	22.324
0.882	40.408
0.894	44.014
0.679	23.143
0.797	30.5
0.799	32.593
0.676	22.849
0.706	23.32
0.732	26.918
0.725	24.697
0.845	37.391
0.84	35.11
0.758	27.472
0.894	44.014
0.82	33.261
0.876	39.347
0.744	27.459
0.794	30.399
0.897	44.404
0.867	39.231
0.792	29.637
0.811	33.16
0.773	28.298
0.779	28.334
0.88	39.858
0.832	34.031
0.732	26.918
0.865	38.816
0.827	33.827
0.739	27.396
0.789	29.551
0.713	23.747
0.881	40.398
0.716	24.184
0.725	24.697
0.852	38.257
0.714	23.844
0.723	24.611
0.849	37.571
0.76	27.585
0.768	27.934
0.787	29.17
0.676	22.849
0.809	32.952
0.824	33.553
0.833	34.402
0.85	37.901
0.709	23.561
0.785	28.889
0.677	22.891
0.788	29.263
0.806	32.705
0.862	38.711
0.737	27.323
0.826	33.801
0.851	37.966
0.857	38.608
0.807	32.932
0.84	35.11
0.836	34.703
0.764	27.634
0.735	27.21
0.803	32.601
0.845	37.391
0.899	44.807
0.77	28.135
0.744	27.459
0.784	28.872
0.853	38.493
0.877	39.699
0.721	24.351
0.783	28.615
0.839	35.046
0.836	34.703
0.781	28.569
0.708	23.348
0.765	27.645
0.863	38.812
0.857	38.608
0.766	27.832
0.706	23.32
0.679	23.143
0.77	28.135
0.839	35.046
0.835	34.462
0.823	33.495
0.823	33.495
0.721	24.351
0.718	24.2
0.734	27.086
0.854	38.526
0.899	44.807
0.867	39.231
0.832	34.031
0.811	33.16
0.709	23.561
0.792	29.637
