P=? [ F (x=9&y=9&crashed=0) ]	R{"cost"}=? [ C<=100 ]
0.918	50.269
0.741	28.692
0.918	50.269
0.774	29.336
0.794	32.704
0.901	45.586
0.91	48.879
0.749	29.244
0.873	39.024
0.844	38.064
0.892	43.667
0.827	33.715
0.883	41.077
0.853	39.017
0.841	35.746
0.774	29.336
0.807	33.524
0.883	41.077
0.748	29.171
0.91	48.879
0.892	43.667
0.841	35.746
0.797	32.776
0.899	44.805
0.9	45.495
0.839	35.082
0.828	33.72
0.882	40.495
0.913	49.272
0.833	34.128
0.915	49.536
0.801	33.007
0.896	44.357
0.846	38.207
0.88	40.138
0.879	39.737
0.804	33.12
0.912	49.244
0.898	44.765
0.897	44.4
0.801	33.007
0.916	49.879
0.917	49.926
0.894	43.985
0.851	38.71
0.895	44.081
0.839	35.082
0.831	33.99
0.845	38.164
0.915	49.536
0.881	40.398
0.88	40.138
0.875	39.284
0.832	33.992
0.878	39.675
0.877	39.427
0.831	33.99
0.847	38.45
0.834	34.369
0.805	33.359
0.849	38.609
0.894	43.985
0.875	39.284
0.807	33.524
0.852	38.89
0.837	34.787
0.836	34.617
0.806	33.514
0.805	33.359
0.838	34.929
0.912	49.244
0.836	34.617
0.835	34.472
0.838	34.929
0.837	34.787
0.803	33.102
0.795	32.716
0.852	38.89
0.848	38.504
0.835	34.472
0.834	34.369
0.851	38.71
0.849	38.609
0.882	40.495
0.881	40.398
0.895	44.081
0.803	33.102
0.9	45.495
0.876	39.366
0.879	39.737
0.878	39.675
0.877	39.427
0.876	39.366
0.795	32.716
0.848	38.504
0.847	38.45
0.917	49.926
0.916	49.879
0.897	44.4
0.898	44.765
