P=? [ F (x=9&y=9&crashed=0) ]	R{"cost"}=? [ C<=100 ]
0.881	48.834
0.606	22.06
0.606	22.06
0.881	48.834
0.695	23.341
0.608	22.148
0.755	27.203
0.755	27.203
0.702	23.375
0.873	43.847
0.87	39.547
0.799	27.438
0.863	38.288
0.862	34.986
0.702	23.375
0.848	32.687
0.847	29.109
0.871	43.071
0.819	28.339
0.843	28.965
0.695	23.341
0.873	43.847
0.864	39.083
0.608	22.148
0.86	34.356
0.819	28.339
0.809	27.51
0.813	27.906
0.872	43.212
0.852	33.804
0.849	33.075
0.813	27.906
0.799	27.438
0.843	28.965
0.854	34.05
0.849	33.075
0.805	27.463
0.701	23.372
0.864	39.083
0.86	34.356
0.848	32.687
0.854	34.05
0.852	33.804
0.806	27.492
0.844	29.025
0.871	43.071
0.853	33.912
0.846	29.079
0.853	33.912
0.607	22.146
0.846	29.079
0.844	29.025
0.701	23.372
0.847	29.109
0.805	27.463
0.806	27.492
0.607	22.146
0.881	48.834
0.755	27.203
0.702	23.375
0.695	23.341
0.873	43.847
0.608	22.148
0.819	28.339
0.813	27.906
0.864	39.083
0.871	43.071
0.843	28.965
0.849	33.075
0.806	27.492
0.86	34.356
0.848	32.687
0.854	34.05
0.852	33.804
0.853	33.912
0.846	29.079
0.844	29.025
0.701	23.372
0.847	29.109
0.805	27.463
0.607	22.146
0.881	48.834
0.755	27.203
0.702	23.375
0.695	23.341
0.608	22.148
0.819	28.339
0.873	43.847
0.813	27.906
0.871	43.071
0.864	39.083
0.843	28.965
0.849	33.075
0.806	27.492
0.86	34.356
0.848	32.687
0.854	34.05
0.852	33.804
0.805	27.463
0.853	33.912
