P=? [ F (x=9&y=9&crashed=0) ]	R{"cost"}=? [ C<=100 ]
0.668	27.168
0.871	42.421
0.668	27.168
0.871	42.421
0.791	27.29
0.865	38.335
0.861	34.965
0.847	32.131
0.845	29.018
0.87	39.281
0.83	27.513
0.793	27.343
0.856	34.091
0.869	38.647
0.861	34.965
0.86	34.34
0.855	33.25
0.836	27.941
0.843	28.925
0.841	28.349
0.87	39.281
0.865	38.335
0.836	27.941
0.839	28.311
0.855	33.25
0.854	32.874
0.853	32.844
0.851	32.471
0.831	27.575
0.831	27.575
0.847	32.131
0.869	38.647
0.85	32.401
0.86	34.34
0.856	34.091
0.85	32.401
0.839	28.311
0.83	27.513
0.793	27.343
0.845	29.018
0.843	28.925
0.851	32.471
0.791	27.29
0.841	28.349
0.853	32.844
0.792	27.336
0.854	32.874
0.792	27.336
0.668	27.168
0.871	42.421
0.861	34.965
0.87	39.281
0.865	38.335
0.836	27.941
0.855	33.25
0.831	27.575
0.847	32.131
0.869	38.647
0.86	34.34
0.856	34.091
0.85	32.401
0.839	28.311
0.83	27.513
0.793	27.343
0.845	29.018
0.843	28.925
0.851	32.471
0.791	27.29
0.841	28.349
0.853	32.844
0.854	32.874
0.792	27.336
0.668	27.168
0.871	42.421
0.861	34.965
0.87	39.281
0.865	38.335
0.836	27.941
0.855	33.25
0.831	27.575
0.847	32.131
0.869	38.647
0.86	34.34
0.856	34.091
0.85	32.401
0.839	28.311
0.83	27.513
0.793	27.343
0.845	29.018
0.843	28.925
0.851	32.471
0.791	27.29
0.841	28.349
0.853	32.844
0.854	32.874
0.792	27.336
0.871	42.421
0.668	27.168
0.861	34.965
0.87	39.281
