P=? [ F (x=9&y=9&crashed=0) ]	R{"cost"}=? [ C<=100 ]
0.857	44.665
0.622	27.105
0.622	27.105
0.857	44.665
0.642	27.351
0.708	27.417
0.838	42.549
0.767	31.853
0.723	31.542
0.832	39.578
0.722	31.524
0.717	28.766
0.81	36.693
0.808	34.701
0.767	31.853
0.784	32.076
0.639	27.326
0.623	27.11
0.791	32.641
0.832	39.578
0.852	43.708
0.817	37.872
0.715	28.396
0.823	37.887
0.843	43.133
0.713	27.656
0.845	43.154
0.807	34.667
0.852	43.708
0.814	37.133
0.796	33.074
0.845	43.154
0.806	34.201
0.714	28.119
0.831	39.125
0.856	44.3
0.84	42.793
0.639	27.326
0.799	33.378
0.798	33.098
0.716	28.746
0.825	38.136
0.853	44.05
0.789	32.561
0.84	42.793
0.796	33.074
0.717	28.766
0.722	31.524
0.723	31.542
0.801	33.401
0.805	33.968
0.816	37.589
0.712	27.536
0.714	28.119
0.811	36.707
0.788	32.295
0.826	38.4
0.815	37.391
0.805	33.968
0.803	33.711
0.856	44.3
0.854	44.052
0.83	38.897
0.829	38.652
0.824	38.125
0.802	33.635
0.806	34.201
0.831	39.125
0.83	38.897
0.784	32.076
0.839	42.571
0.829	38.652
0.828	38.431
0.623	27.11
0.642	27.351
0.816	37.589
0.815	37.391
0.788	32.295
0.787	32.098
0.813	36.944
0.812	36.892
0.711	27.448
0.803	33.711
0.808	34.701
0.785	32.077
0.81	36.693
0.789	32.561
0.709	27.42
0.854	44.052
0.802	33.635
0.708	27.417
0.813	36.944
0.812	36.892
0.711	27.448
0.709	27.42
0.798	33.098
0.801	33.401
0.799	33.378
0.839	42.571
0.716	28.746
