P=? [ F (x=9&y=9&crashed=0) ]	R{"cost"}=? [ C<=100 ]
0.684	31.988
0.909	73.158
0.909	73.158
0.684	31.988
0.907	72.524
0.9	64.023
0.896	62.831
0.891	54.644
0.795	33.841
0.774	33.062
0.72	32.76
0.748	33.014
0.748	33.014
0.886	53.09
0.706	32.09
0.685	31.996
0.857	44.788
0.882	49.87
0.801	36.871
0.874	47.971
0.857	44.788
0.78	33.62
0.874	47.971
0.832	39.732
0.819	38.614
0.829	39.319
0.834	41.592
0.907	72.524
0.9	64.023
0.72	32.76
0.841	42.482
0.882	49.87
0.712	32.585
0.848	43.058
0.795	33.841
0.78	33.62
0.807	37.503
0.801	36.871
0.891	54.644
0.774	33.062
0.896	62.831
0.803	36.979
0.812	37.54
0.853	43.703
0.877	48.366
0.851	43.474
0.875	48.022
0.841	42.482
0.881	49.126
0.89	54.367
0.889	53.655
0.829	39.319
0.819	38.614
0.711	32.581
0.855	44.091
0.848	43.058
0.816	37.963
0.806	37.343
0.815	37.62
0.804	37.311
0.817	38.003
0.88	48.823
0.837	41.972
0.85	43.286
0.899	63.575
0.888	53.536
0.856	44.359
0.849	43.191
0.83	39.535
0.838	42.099
0.835	41.783
0.707	32.097
0.832	39.732
0.88	48.823
0.878	48.446
0.834	41.592
0.836	41.801
0.818	38.266
0.881	49.126
0.888	53.536
0.839	42.186
0.89	54.367
0.709	32.304
0.839	42.186
0.856	44.359
0.818	38.266
0.878	48.446
0.899	63.575
0.898	63.316
0.898	63.316
0.897	63.057
0.813	37.607
0.897	63.057
0.708	32.298
0.854	43.903
0.83	39.535
0.709	32.304
0.854	43.903
0.712	32.585
0.889	53.655
