P=? [ F (x=9&y=9&crashed=0) ]	R{"cost"}=? [ C<=100 ]
0.881	49.417
0.646	27.116
0.881	49.417
0.646	27.116
0.736	31.902
0.858	47.799
0.784	32.069
0.716	28.405
0.721	31.679
0.856	44.615
0.696	27.434
0.668	27.313
0.667	27.198
0.836	41.821
0.833	39.816
0.81	36.619
0.808	34.786
0.875	48.124
0.712	27.527
0.698	27.511
0.817	38.018
0.726	31.759
0.713	27.913
0.825	38.176
0.855	44.156
0.83	38.91
0.716	28.405
0.839	42.261
0.843	43.194
0.735	31.859
0.849	43.287
0.804	34.121
0.876	48.421
0.826	38.413
0.79	32.661
0.816	37.622
0.856	44.615
0.798	33.315
0.832	39.608
0.792	32.915
0.801	33.531
0.803	33.714
0.796	33.11
0.853	43.773
0.85	43.414
0.831	39.365
0.84	42.7
0.721	31.679
0.858	47.799
0.836	41.821
0.833	39.816
0.808	34.786
0.788	32.397
0.851	43.668
0.828	38.663
0.828	38.663
0.879	49.08
0.812	36.84
0.841	42.86
0.877	48.75
0.875	48.124
0.806	34.298
0.81	36.619
0.837	42.034
0.796	33.11
0.792	32.915
0.807	34.522
0.784	32.069
0.879	49.08
0.841	42.86
0.799	33.469
0.831	39.365
0.813	37.082
0.723	31.727
0.814	37.318
0.813	37.082
0.815	37.55
0.814	37.318
0.837	42.034
0.807	34.522
0.812	36.84
0.789	32.448
0.787	32.193
0.853	43.773
0.786	32.097
0.843	43.194
0.803	33.714
0.806	34.298
0.878	48.914
0.878	48.914
0.877	48.75
0.84	42.7
0.723	31.727
0.851	43.668
0.735	31.859
0.787	32.193
0.815	37.55
0.799	33.469
0.789	32.448
0.786	32.097
