P=? [ F (x=9&y=9&crashed=0) ]	R{"cost"}=? [ C<=100 ]
0.629	26.347
0.88	56.956
0.88	56.956
0.629	26.347
0.725	28.659
0.63	26.87
0.876	56.026
0.87	51.892
0.855	49.983
0.854	46.698
0.836	43.494
0.819	40.667
0.781	35.847
0.839	45.474
0.819	40.667
0.786	38.204
0.742	31.299
0.762	33.113
0.836	43.494
0.765	34.497
0.725	28.659
0.762	33.113
0.742	31.299
0.63	26.87
0.804	39.131
0.804	39.131
0.732	30.19
0.816	40.104
0.838	44.11
0.763	33.149
0.738	30.575
0.729	29.277
0.85	45.618
0.87	51.892
0.787	38.242
0.797	38.708
0.816	40.104
0.777	35.587
0.866	50.811
0.773	35.151
0.729	29.277
0.765	34.497
0.781	35.847
0.853	46.352
0.851	45.642
0.741	31.26
0.86	50.509
0.773	35.151
0.798	38.744
0.818	40.144
0.876	56.026
0.738	30.575
0.732	30.19
0.869	51.291
0.786	38.204
0.877	56.051
0.859	50.455
0.855	49.983
0.853	46.352
0.797	38.708
0.787	38.242
0.879	56.854
0.878	56.408
0.776	35.277
0.859	50.455
0.798	38.744
0.878	56.408
0.868	51.188
0.867	50.835
0.854	46.698
0.838	44.11
0.837	43.788
0.86	50.509
0.837	43.788
0.741	31.26
0.774	35.271
0.763	33.149
0.851	45.642
0.85	45.618
0.839	45.474
0.869	51.291
0.868	51.188
0.879	56.854
0.818	40.144
0.867	50.835
0.776	35.277
0.774	35.271
0.629	26.347
0.88	56.956
0.819	40.667
0.725	28.659
0.762	33.113
0.742	31.299
0.63	26.87
0.87	51.892
0.816	40.104
0.765	34.497
0.781	35.847
0.773	35.151
0.876	56.026
