P=? [ F (x=9&y=9&crashed=0) ]	R{"cost"}=? [ C<=100 ]
0.854	50.113
0.722	28.652
0.854	50.113
0.722	28.652
0.734	33.262
0.841	47.308
0.761	33.271
0.733	29.824
0.786	36.956
0.839	44.367
0.841	47.308
0.786	36.956
0.803	39.119
0.852	49.815
0.803	39.119
0.825	42.224
0.818	40.504
0.805	39.163
0.836	43.985
0.825	42.224
0.782	36.614
0.852	49.815
0.836	43.985
0.818	40.504
0.805	39.163
0.724	28.836
0.781	35.852
0.767	34.971
0.766	33.861
0.777	35.41
0.772	35.391
0.822	41.738
0.82	40.995
0.764	33.377
0.82	40.995
0.768	35.09
0.727	29.291
0.839	44.367
0.777	35.41
0.772	35.391
0.765	33.847
0.819	40.539
0.727	29.291
0.781	35.852
0.824	41.843
0.729	29.532
0.732	29.783
0.838	44.012
0.768	35.09
0.853	49.848
0.732	29.783
0.729	29.532
0.822	41.738
0.762	33.313
0.728	29.488
0.767	34.971
0.823	41.814
0.728	29.488
0.763	33.335
0.804	39.16
0.819	40.539
0.853	49.848
0.824	41.843
0.823	41.814
0.763	33.335
0.837	44.003
0.766	33.861
0.765	33.847
0.761	33.271
0.838	44.012
0.837	44.003
0.734	33.262
0.804	39.16
0.854	50.113
0.722	28.652
0.841	47.308
0.786	36.956
0.803	39.119
0.825	42.224
0.836	43.985
0.818	40.504
0.805	39.163
0.82	40.995
0.777	35.41
0.772	35.391
0.781	35.852
0.727	29.291
0.768	35.09
0.732	29.783
0.729	29.532
0.822	41.738
0.728	29.488
0.819	40.539
0.853	49.848
0.824	41.843
0.823	41.814
0.763	33.335
0.766	33.861
0.765	33.847
0.838	44.012
