P=? [ F (x=9&y=9&crashed=0) ]	R{"cost"}=? [ C<=100 ]
0.666	28.43
0.86	50.734
0.666	28.43
0.86	50.734
0.719	28.678
0.824	42.256
0.841	45.098
0.845	46.031
0.741	32.96
0.735	30.129
0.796	38.447
0.845	46.031
0.762	33.205
0.748	33.164
0.785	36.992
0.785	36.992
0.77	34.604
0.807	40.077
0.804	38.901
0.719	28.678
0.816	40.151
0.727	29.233
0.776	35.327
0.806	39.752
0.803	38.839
0.82	40.989
0.818	40.205
0.768	33.833
0.771	34.888
0.823	42.022
0.821	41.291
0.783	36.167
0.844	45.802
0.842	45.13
0.798	38.685
0.727	29.233
0.729	29.328
0.735	30.129
0.784	36.749
0.777	35.757
0.732	29.816
0.742	32.976
0.747	33.152
0.806	39.752
0.776	35.327
0.771	34.888
0.821	41.291
0.82	40.989
0.765	33.641
0.763	33.239
0.823	42.022
0.844	45.802
0.729	29.328
0.781	36.05
0.734	30.106
0.733	29.822
0.784	36.749
0.732	29.816
0.765	33.641
0.797	38.474
0.78	35.855
0.747	33.152
0.742	32.976
0.768	33.833
0.798	38.685
0.763	33.239
0.842	45.13
0.779	35.835
0.818	40.205
0.783	36.167
0.781	36.05
0.766	33.754
0.779	35.835
0.777	35.757
0.816	40.151
0.807	40.077
0.767	33.778
0.817	40.194
0.762	33.205
0.748	33.164
0.797	38.474
0.767	33.778
0.766	33.754
0.734	30.106
0.78	35.855
0.817	40.194
0.733	29.822
0.86	50.734
0.666	28.43
0.845	46.031
0.785	36.992
0.719	28.678
0.727	29.233
0.735	30.129
0.771	34.888
0.776	35.327
0.821	41.291
0.82	40.989
0.823	42.022
0.844	45.802
