P=? [ F (x=9&y=9&crashed=0) ]	R{"cost"}=? [ C<=100 ]
0.697	35.037
0.871	51.913
0.697	35.037
0.744	35.837
0.71	35.345
0.858	50.097
0.855	46.976
0.786	39.664
0.784	37.01
0.808	40.945
0.779	36.384
0.757	36.047
0.825	44.162
0.824	42.087
0.821	41.265
0.699	35.051
0.71	35.345
0.757	36.047
0.745	35.845
0.788	39.99
0.84	44.918
0.799	40.006
0.829	44.817
0.851	46.067
0.863	50.991
0.861	50.611
0.863	50.991
0.869	51.625
0.869	51.625
0.827	44.464
0.823	41.831
0.783	36.723
0.846	45.873
0.803	40.406
0.858	50.097
0.803	40.406
0.787	39.835
0.854	46.797
0.853	46.41
0.784	37.01
0.855	46.976
0.78	36.642
0.822	41.613
0.779	36.384
0.828	44.795
0.821	41.265
0.845	45.702
0.844	45.398
0.802	40.364
0.8	40.066
0.824	42.087
0.859	50.349
0.822	41.613
0.843	45.251
0.842	45.039
0.86	50.403
0.846	45.873
0.852	46.254
0.87	51.728
0.854	46.797
0.845	45.702
0.8	40.066
0.853	46.41
0.852	46.254
0.826	44.317
0.825	44.162
0.844	45.398
0.843	45.251
0.826	44.317
0.802	40.364
0.87	51.728
0.84	44.918
0.829	44.817
0.781	36.645
0.841	45.004
0.781	36.645
0.86	50.403
0.859	50.349
0.842	45.039
0.841	45.004
0.828	44.795
0.799	40.006
0.788	39.99
0.697	35.037
0.71	35.345
0.757	36.047
0.863	50.991
0.784	37.01
0.858	50.097
0.803	40.406
0.779	36.384
0.822	41.613
0.821	41.265
0.846	45.873
0.854	46.797
0.845	45.702
0.8	40.066
0.853	46.41
0.852	46.254
0.824	42.087
