P=? [ F (x=9&y=9&crashed=0) ]	R{"cost"}=? [ C<=100 ]
0.887	54.624
0.765	27.426
0.887	54.624
0.765	27.426
0.878	49.577
0.878	49.577
0.87	44.836
0.857	43.067
0.843	37.4
0.815	32.589
0.794	31.946
0.868	44.162
0.772	28.082
0.831	35.512
0.783	28.294
0.793	31.936
0.792	29.301
0.856	40.484
0.87	44.836
0.831	35.512
0.852	38.858
0.846	38.347
0.853	39.405
0.857	43.067
0.769	28.065
0.83	35.186
0.821	33.454
0.815	32.589
0.794	31.946
0.818	32.732
0.766	27.553
0.826	33.903
0.855	40.305
0.854	39.753
0.791	29.233
0.788	28.718
0.791	29.233
0.766	27.553
0.852	38.858
0.846	38.347
0.82	33.235
0.819	32.737
0.845	37.913
0.844	37.427
0.788	28.718
0.769	28.065
0.822	33.669
0.845	37.913
0.829	34.788
0.824	33.732
0.854	39.753
0.829	34.788
0.828	34.44
0.827	34.247
0.784	28.388
0.786	28.678
0.784	28.388
0.824	33.732
0.816	32.603
0.786	28.678
0.82	33.235
0.828	34.44
0.827	34.247
0.856	40.484
0.855	40.305
0.826	33.903
0.816	32.603
0.792	29.301
0.822	33.669
0.787	28.683
0.844	37.427
0.793	31.936
0.819	32.737
0.787	28.683
0.765	27.426
0.887	54.624
0.878	49.577
0.87	44.836
0.831	35.512
0.857	43.067
0.815	32.589
0.794	31.946
0.791	29.233
0.852	38.858
0.846	38.347
0.788	28.718
0.769	28.065
0.845	37.913
0.829	34.788
0.854	39.753
0.784	28.388
0.824	33.732
0.82	33.235
0.828	34.44
0.827	34.247
0.856	40.484
0.855	40.305
0.826	33.903
0.819	32.737
0.822	33.669
