P=? [ F (x=9&y=9&crashed=0) ]	R{"cost"}=? [ C<=100 ]
0.869	49.526
0.765	27.464
0.869	49.526
0.765	27.464
0.86	44.4
0.797	32.179
0.854	39.765
0.868	49.223
0.861	44.774
0.834	36.979
0.791	29.224
0.843	37.218
0.809	32.371
0.768	28.092
0.774	28.523
0.844	37.795
0.851	38.675
0.783	28.527
0.83	35.199
0.861	44.774
0.868	49.223
0.817	32.531
0.788	28.958
0.854	39.765
0.791	29.224
0.81	32.406
0.797	32.179
0.82	33.32
0.825	33.7
0.828	34.468
0.772	28.27
0.851	38.675
0.844	37.795
0.834	36.979
0.83	35.199
0.786	28.665
0.852	39.242
0.829	35.002
0.783	28.527
0.772	28.27
0.819	33.101
0.818	32.719
0.825	33.7
0.82	33.32
0.827	34.262
0.826	33.909
0.786	28.665
0.853	39.431
0.819	33.101
0.774	28.523
0.826	33.909
0.827	34.262
0.829	35.002
0.809	32.371
0.853	39.431
0.852	39.242
0.818	32.719
0.817	32.531
0.81	32.406
0.765	27.464
0.869	49.526
0.868	49.223
0.854	39.765
0.791	29.224
0.851	38.675
0.844	37.795
0.834	36.979
0.83	35.199
0.783	28.527
0.772	28.27
0.825	33.7
0.786	28.665
0.819	33.101
0.774	28.523
0.826	33.909
0.827	34.262
0.829	35.002
0.809	32.371
0.853	39.431
0.81	32.406
0.765	27.464
0.868	49.223
0.854	39.765
0.791	29.224
0.851	38.675
0.844	37.795
0.834	36.979
0.83	35.199
0.853	39.431
0.783	28.527
0.772	28.27
0.825	33.7
0.786	28.665
0.819	33.101
0.774	28.523
0.826	33.909
0.827	34.262
0.829	35.002
0.809	32.371
0.81	32.406
