P=? [ F (x=9&y=9&crashed=0) ]	R{"cost"}=? [ C<=100 ]
0.872	53.698
0.719	27.548
0.872	53.698
0.87	44.965
0.871	50.602
0.79	29.669
0.736	27.675
0.855	42.487
0.871	50.602
0.86	44.32
0.75	28.277
0.768	28.632
0.748	28.213
0.854	39.909
0.799	32.141
0.775	28.659
0.79	29.669
0.833	37.128
0.829	35.022
0.775	28.659
0.736	27.675
0.855	42.487
0.868	44.448
0.853	39.238
0.845	38.071
0.837	37.825
0.799	32.141
0.768	28.632
0.853	39.238
0.846	38.112
0.807	32.52
0.801	32.436
0.82	33.468
0.846	38.112
0.829	35.022
0.822	33.693
0.827	34.355
0.814	33.391
0.822	33.693
0.86	44.32
0.833	37.128
0.854	39.909
0.827	34.355
0.81	32.777
0.75	28.277
0.87	44.965
0.828	34.552
0.811	33.067
0.835	37.308
0.807	32.52
0.813	33.373
0.811	33.067
0.868	44.448
0.836	37.594
0.81	32.777
0.8	32.187
0.82	33.468
0.837	37.825
0.836	37.594
0.828	34.552
0.813	33.373
0.835	37.308
0.801	32.436
0.814	33.391
0.8	32.187
0.872	53.698
0.871	50.602
0.79	29.669
0.775	28.659
0.736	27.675
0.855	42.487
0.799	32.141
0.853	39.238
0.846	38.112
0.829	35.022
0.822	33.693
0.86	44.32
0.833	37.128
0.854	39.909
0.827	34.355
0.75	28.277
0.87	44.965
0.807	32.52
0.811	33.067
0.868	44.448
0.82	33.468
0.837	37.825
0.836	37.594
0.828	34.552
0.813	33.373
0.835	37.308
0.801	32.436
0.814	33.391
0.872	53.698
0.736	27.675
0.871	50.602
0.79	29.669
0.775	28.659
0.855	42.487
0.799	32.141
