P=? [ F (x=9&y=9&crashed=0) ]	R{"cost"}=? [ C<=100 ]
0.877	48.925
0.667	23.201
0.667	23.201
0.877	48.925
0.74	27.387
0.74	27.387
0.868	44.131
0.854	42.275
0.763	27.483
0.853	39.422
0.793	29.57
0.805	32.138
0.833	36.8
0.828	34.639
0.861	43.751
0.77	28.109
0.783	28.292
0.793	29.57
0.854	42.275
0.805	32.138
0.828	34.639
0.868	44.131
0.849	38.623
0.861	43.751
0.817	32.487
0.842	37.17
0.845	37.744
0.867	43.948
0.81	32.408
0.835	37.017
0.825	33.685
0.845	37.744
0.827	33.958
0.82	33.069
0.833	36.8
0.825	33.685
0.82	33.069
0.79	29.361
0.853	39.422
0.852	38.848
0.767	27.802
0.767	27.802
0.789	29.019
0.784	28.405
0.77	28.109
0.849	38.623
0.843	37.343
0.844	37.425
0.851	38.661
0.764	27.532
0.789	29.019
0.787	28.749
0.764	27.532
0.785	28.63
0.79	29.361
0.819	32.881
0.818	32.676
0.826	33.884
0.867	43.948
0.787	28.749
0.809	32.357
0.808	32.162
0.818	32.676
0.819	32.881
0.852	38.848
0.783	28.292
0.834	36.967
0.842	37.17
0.835	37.017
0.807	32.151
0.844	37.425
0.817	32.487
0.81	32.408
0.827	33.958
0.826	33.884
0.786	28.676
0.809	32.357
0.834	36.967
0.786	28.676
0.785	28.63
0.851	38.661
0.807	32.151
0.808	32.162
0.877	48.925
0.667	23.201
0.74	27.387
0.793	29.57
0.854	42.275
0.828	34.639
0.861	43.751
0.845	37.744
0.833	36.8
0.825	33.685
0.82	33.069
0.853	39.422
0.767	27.802
0.77	28.109
0.849	38.623
0.789	29.019
0.764	27.532
