P=? [ F (x=9&y=9&crashed=0) ]	R{"cost"}=? [ C<=100 ]
0.873	74.009
0.724	31.238
0.873	74.009
0.724	31.238
0.872	63.689
0.743	35.135
0.778	36.234
0.864	59.264
0.871	59.368
0.863	54.265
0.854	53.223
0.735	32.219
0.872	63.689
0.8	38.492
0.787	38.433
0.853	50.068
0.812	39.849
0.819	42.39
0.74	34.759
0.731	31.531
0.812	39.849
0.837	47.16
0.836	45.197
0.819	42.39
0.822	43.088
0.844	47.823
0.785	38.024
0.838	47.466
0.828	43.139
0.785	38.024
0.779	36.354
0.802	38.907
0.779	36.354
0.808	39.085
0.86	53.42
0.846	48.214
0.846	48.214
0.74	34.759
0.85	49.362
0.778	36.234
0.743	35.135
0.85	49.362
0.821	42.679
0.832	44.304
0.83	43.515
0.733	32.029
0.809	39.139
0.81	39.562
0.851	49.504
0.835	44.9
0.844	47.823
0.731	31.531
0.82	42.514
0.832	44.304
0.863	54.265
0.862	53.77
0.733	32.029
0.83	43.515
0.838	47.466
0.786	38.345
0.862	53.77
0.861	53.458
0.837	47.16
0.836	45.197
0.853	50.068
0.852	49.777
0.801	38.78
0.81	39.562
0.852	49.777
0.833	44.554
0.834	44.801
0.833	44.554
0.829	43.38
0.742	34.975
0.741	34.76
0.86	53.42
0.854	53.223
0.808	39.085
0.802	38.907
0.742	34.975
0.829	43.38
0.801	38.78
0.871	59.368
0.864	59.264
0.834	44.801
0.786	38.345
0.8	38.492
0.787	38.433
0.828	43.139
0.822	43.088
0.861	53.458
0.741	34.76
0.873	74.009
0.724	31.238
0.872	63.689
0.733	32.029
0.819	42.39
0.812	39.849
0.74	34.759
0.785	38.024
