P=? [ F (x=9&y=9&crashed=0) ]	R{"cost"}=? [ C<=100 ]
0.669	26.219
0.837	44.236
0.837	44.236
0.669	26.219
0.819	43.294
0.701	26.891
0.674	26.634
0.796	34.952
0.797	37.141
0.734	28.728
0.747	30.456
0.817	41.47
0.817	41.47
0.815	39.768
0.706	27.412
0.723	28.581
0.72	27.767
0.803	38.47
0.832	43.334
0.747	30.456
0.741	29.408
0.737	29.202
0.798	37.267
0.788	34.393
0.757	31.307
0.787	33.708
0.765	32.381
0.757	31.307
0.741	29.408
0.793	34.434
0.815	39.768
0.771	32.389
0.834	43.673
0.798	37.267
0.722	28.039
0.784	33.662
0.813	39.282
0.803	38.47
0.705	27.182
0.807	38.507
0.834	43.673
0.674	26.634
0.794	34.69
0.72	27.767
0.706	27.412
0.809	38.846
0.764	32.176
0.758	31.342
0.761	31.89
0.781	33.353
0.781	33.353
0.774	32.443
0.763	32.159
0.761	31.89
0.703	27.163
0.794	34.69
0.672	26.61
0.784	33.662
0.701	26.891
0.702	27.13
0.776	32.757
0.775	32.518
0.771	32.389
0.78	33.274
0.779	33.056
0.76	31.68
0.808	38.639
0.833	43.467
0.671	26.587
0.67	26.382
0.811	39.009
0.812	39.208
0.721	27.958
0.759	31.524
0.813	39.282
0.67	26.382
0.76	31.68
0.759	31.524
0.819	43.294
0.723	28.581
0.779	33.056
0.778	32.917
0.833	43.467
0.808	38.639
0.811	39.009
0.81	38.877
0.797	37.141
0.763	32.159
0.777	32.843
0.776	32.757
0.722	28.039
0.721	27.958
0.78	33.274
0.775	32.518
0.778	32.917
0.777	32.843
0.812	39.208
0.774	32.443
0.787	33.708
0.793	34.434
