P=? [ F (x=9&y=9&crashed=0) ]	R{"cost"}=? [ C<=100 ]
0.838	44.574
0.67	26.382
0.67	26.382
0.838	44.574
0.819	42.828
0.818	38.23
0.701	26.902
0.674	26.653
0.797	36.654
0.795	34.767
0.748	31.268
0.708	27.452
0.821	43.553
0.729	29.136
0.816	37.936
0.833	43.554
0.804	37.67
0.758	31.333
0.72	27.944
0.742	29.289
0.74	29.264
0.745	30.365
0.798	37.217
0.763	32.196
0.747	30.378
0.82	43.18
0.788	34.351
0.793	34.406
0.765	32.532
0.772	32.613
0.774	32.633
0.787	34.117
0.783	33.538
0.803	37.542
0.787	34.117
0.723	28.501
0.721	27.964
0.783	33.538
0.72	27.944
0.795	34.767
0.761	31.746
0.836	44.133
0.834	43.7
0.728	28.822
0.779	33.037
0.778	32.885
0.701	26.902
0.703	27.146
0.723	28.501
0.705	27.198
0.803	37.542
0.798	37.217
0.777	32.782
0.837	44.268
0.764	32.487
0.816	37.936
0.804	37.67
0.726	28.806
0.834	43.7
0.674	26.653
0.759	31.581
0.673	26.63
0.836	44.133
0.742	29.289
0.673	26.63
0.74	29.264
0.724	28.737
0.707	27.426
0.745	30.365
0.782	33.334
0.761	31.746
0.772	32.613
0.817	38.1
0.793	34.406
0.705	27.198
0.703	27.146
0.777	32.782
0.78	33.178
0.837	44.268
0.707	27.426
0.818	38.23
0.817	38.1
0.721	27.964
0.729	29.136
0.782	33.334
0.781	33.236
0.76	31.662
0.765	32.532
0.76	31.662
0.759	31.581
0.758	31.333
0.748	31.268
0.781	33.236
0.78	33.178
0.764	32.487
0.725	28.775
0.724	28.737
0.725	28.775
0.728	28.822
0.747	30.378
