P=? [ F (x=9&y=9&crashed=0) ]	R{"cost"}=? [ C<=100 ]
0.872	67.246
0.731	31.947
0.872	67.246
0.731	31.947
0.87	58.895
0.871	66.886
0.751	33.337
0.751	33.337
0.776	36.227
0.842	48.447
0.854	49.421
0.87	58.895
0.863	54.299
0.779	36.809
0.733	32.275
0.797	37.767
0.859	53.393
0.802	41.84
0.799	38.022
0.838	44.733
0.833	43.59
0.822	43.448
0.776	36.227
0.851	48.534
0.814	42.402
0.863	54.299
0.804	42.072
0.811	42.247
0.862	53.983
0.859	53.393
0.853	49.112
0.733	32.275
0.819	42.762
0.797	37.767
0.838	44.733
0.779	36.809
0.842	48.447
0.836	44.156
0.799	38.022
0.802	41.84
0.811	42.247
0.821	43.025
0.819	42.762
0.835	43.866
0.777	36.244
0.804	42.072
0.871	66.886
0.851	48.534
0.778	36.474
0.837	44.429
0.835	43.866
0.837	44.429
0.821	43.025
0.778	36.474
0.822	43.448
0.731	31.947
0.872	67.246
0.751	33.337
0.776	36.227
0.863	54.299
0.859	53.393
0.733	32.275
0.797	37.767
0.838	44.733
0.779	36.809
0.799	38.022
0.802	41.84
0.819	42.762
0.804	42.072
0.871	66.886
0.837	44.429
0.835	43.866
0.821	43.025
0.778	36.474
0.822	43.448
0.872	67.246
0.731	31.947
0.751	33.337
0.776	36.227
0.863	54.299
0.859	53.393
0.733	32.275
0.779	36.809
0.799	38.022
0.802	41.84
0.819	42.762
0.804	42.072
0.871	66.886
0.837	44.429
0.835	43.866
0.821	43.025
0.778	36.474
0.822	43.448
0.731	31.947
0.872	67.246
0.776	36.227
0.863	54.299
0.859	53.393
0.733	32.275
0.779	36.809
