P=? [ F (x=9&y=9&crashed=0) ]	R{"cost"}=? [ C<=100 ]
0.846	49.73
0.653	23.558
0.653	23.558
0.846	49.73
0.696	26.626
0.821	42.508
0.842	48.816
0.838	44.584
0.82	38.732
0.724	27.015
0.8	37.503
0.798	34.36
0.696	26.626
0.701	26.881
0.738	27.96
0.758	31.312
0.754	29.356
0.76	31.639
0.834	43.692
0.802	37.569
0.815	37.832
0.746	28.349
0.772	31.683
0.734	27.554
0.842	48.816
0.834	43.692
0.821	42.508
0.78	32.501
0.837	44.283
0.751	28.8
0.787	32.647
0.758	31.312
0.776	32.232
0.838	44.584
0.818	38.206
0.697	26.864
0.73	27.545
0.726	27.314
0.795	33.784
0.78	32.501
0.753	29.344
0.701	26.881
0.747	28.451
0.729	27.316
0.79	33.185
0.788	32.692
0.751	28.8
0.793	33.522
0.835	43.829
0.754	29.356
0.797	34.221
0.796	33.82
0.793	33.522
0.82	38.732
0.819	38.379
0.747	28.451
0.817	37.864
0.791	33.198
0.775	31.924
0.798	34.36
0.835	43.829
0.724	27.015
0.776	32.232
0.815	37.832
0.802	37.569
0.788	32.692
0.76	31.639
0.774	31.895
0.773	31.72
0.819	38.379
0.8	37.503
0.791	33.198
0.79	33.185
0.753	29.344
0.787	32.647
0.797	34.221
0.726	27.314
0.772	31.683
0.773	31.72
0.796	33.82
0.801	37.536
0.801	37.536
0.775	31.924
0.774	31.895
0.816	37.853
0.697	26.864
0.817	37.864
0.816	37.853
0.73	27.545
0.729	27.316
0.846	49.73
0.653	23.558
0.696	26.626
0.842	48.816
0.834	43.692
0.821	42.508
0.758	31.312
0.838	44.584
0.701	26.881
0.754	29.356
