P=? [ F (x=9&y=9&crashed=0) ]	R{"cost"}=? [ C<=100 ]
0.649	26.174
0.829	43.612
0.649	26.174
0.82	42.438
0.819	39.538
0.817	38.084
0.701	26.898
0.675	26.652
0.795	34.754
0.796	36.91
0.67	26.355
0.65	26.231
0.72	27.725
0.818	39.407
0.707	27.448
0.805	37.752
0.722	28.002
0.755	31.267
0.747	30.326
0.746	30.022
0.747	30.326
0.826	43.044
0.733	28.208
0.731	28.131
0.738	29.011
0.828	43.488
0.77	32.241
0.826	43.044
0.755	31.267
0.782	33.654
0.763	32.184
0.802	37.576
0.786	33.666
0.82	42.438
0.788	34.006
0.743	29.648
0.791	34.079
0.743	29.648
0.793	34.386
0.733	28.208
0.675	26.652
0.672	26.585
0.741	29.333
0.741	29.333
0.779	33.03
0.793	34.386
0.797	37.156
0.738	29.011
0.781	33.36
0.72	27.725
0.706	27.402
0.804	37.631
0.795	34.754
0.757	31.283
0.799	37.359
0.805	37.752
0.781	33.36
0.779	33.03
0.705	27.174
0.776	32.555
0.739	29.018
0.778	32.722
0.773	32.471
0.707	27.448
0.762	32.099
0.761	31.822
0.759	31.543
0.796	36.91
0.701	26.898
0.703	27.155
0.702	27.131
0.731	28.131
0.722	28.002
0.67	26.355
0.799	37.359
0.759	31.543
0.791	34.079
0.788	34.006
0.761	31.822
0.76	31.657
0.672	26.585
0.798	37.215
0.819	39.538
0.818	39.407
0.65	26.231
0.777	32.678
0.772	32.363
0.771	32.245
0.76	31.657
0.757	31.283
0.786	33.666
0.772	32.363
0.739	29.018
0.762	32.099
0.776	32.555
0.773	32.471
0.798	37.215
0.763	32.184
0.778	32.722
0.777	32.678
