P=? [ F (x=9&y=9&crashed=0) ]	R{"cost"}=? [ C<=100 ]
0.762	46.021
0.862	58.938
0.762	46.021
0.862	58.938
0.847	57.308
0.846	54.248
0.783	46.025
0.855	58.047
0.802	47.563
0.822	51.003
0.82	49.44
0.829	52.299
0.823	51.249
0.854	57.808
0.831	52.799
0.802	47.563
0.798	46.734
0.81	48.173
0.837	52.905
0.823	51.249
0.79	46.117
0.829	52.299
0.861	58.798
0.783	46.025
0.839	53.399
0.861	58.798
0.794	46.226
0.844	53.852
0.798	46.734
0.81	48.173
0.814	48.787
0.854	57.808
0.847	57.308
0.79	46.117
0.844	53.852
0.839	53.399
0.796	46.51
0.822	51.003
0.83	52.44
0.796	46.51
0.817	49.076
0.814	48.787
0.817	49.076
0.846	54.248
0.845	53.987
0.838	53.163
0.819	49.345
0.818	49.091
0.813	48.534
0.811	48.188
0.812	48.44
0.794	46.226
0.838	53.163
0.82	49.44
0.83	52.44
0.845	53.987
0.837	52.905
0.831	52.799
0.819	49.345
0.813	48.534
0.812	48.44
0.818	49.091
0.811	48.188
0.762	46.021
0.862	58.938
0.802	47.563
0.823	51.249
0.829	52.299
0.783	46.025
0.861	58.798
0.798	46.734
0.81	48.173
0.854	57.808
0.847	57.308
0.79	46.117
0.844	53.852
0.839	53.399
0.822	51.003
0.796	46.51
0.814	48.787
0.817	49.076
0.846	54.248
0.794	46.226
0.838	53.163
0.82	49.44
0.845	53.987
0.837	52.905
0.831	52.799
0.819	49.345
0.813	48.534
0.812	48.44
0.818	49.091
0.811	48.188
0.862	58.938
0.762	46.021
0.802	47.563
0.823	51.249
0.829	52.299
0.783	46.025
0.861	58.798
