P=? [ F (x=9&y=9&crashed=0) ]	R{"cost"}=? [ C<=100 ]
0.859	54.151
0.67	26.362
0.859	54.151
0.67	26.362
0.85	53.986
0.842	48.553
0.834	48.401
0.833	44.085
0.702	27.095
0.817	42.044
0.675	26.738
0.743	31.121
0.816	38.961
0.825	42.474
0.799	37.171
0.798	34.763
0.826	43.905
0.756	31.3
0.73	29.099
0.702	27.095
0.743	31.121
0.73	29.099
0.714	27.387
0.781	33.758
0.718	27.42
0.79	33.768
0.842	48.553
0.85	53.986
0.76	31.662
0.858	54.129
0.795	34.137
0.776	32.844
0.815	38.923
0.763	32.29
0.801	37.507
0.729	29.058
0.724	28.266
0.806	38.271
0.801	37.507
0.81	38.764
0.714	27.387
0.724	28.266
0.729	29.058
0.756	31.3
0.806	38.271
0.768	32.366
0.809	38.595
0.773	32.424
0.778	33.421
0.797	34.669
0.795	34.137
0.774	32.566
0.723	28.205
0.722	27.742
0.769	32.384
0.791	33.775
0.825	42.474
0.817	42.044
0.791	33.775
0.675	26.738
0.762	32.207
0.761	31.873
0.721	27.723
0.721	27.723
0.8	37.204
0.778	33.421
0.808	38.325
0.797	34.669
0.761	31.873
0.674	26.719
0.672	26.514
0.775	32.757
0.833	44.085
0.826	43.905
0.78	33.583
0.672	26.514
0.674	26.719
0.81	38.764
0.834	48.401
0.779	33.569
0.858	54.129
0.671	26.488
0.798	34.763
0.775	32.757
0.762	32.207
0.768	32.366
0.723	28.205
0.773	32.424
0.769	32.384
0.816	38.961
0.8	37.204
0.799	37.171
0.808	38.325
0.807	38.293
0.671	26.488
0.807	38.293
0.722	27.742
0.78	33.583
0.779	33.569
0.79	33.768
