P=? [ F (x=9&y=9&crashed=0) ]	R{"cost"}=? [ C<=100 ]
0.846	53.584
0.694	26.486
0.846	53.584
0.694	26.486
0.842	48.4
0.843	52.771
0.842	48.4
0.837	44.533
0.824	42.423
0.822	39.15
0.746	30.534
0.801	35.579
0.714	27.108
0.7	27.039
0.815	37.796
0.759	32.175
0.815	37.796
0.801	35.579
0.763	32.422
0.727	28.31
0.759	32.175
0.833	42.579
0.837	44.533
0.774	32.446
0.735	28.622
0.746	30.534
0.825	42.476
0.791	33.785
0.745	30.015
0.836	43.451
0.74	29.416
0.797	34.679
0.795	34.136
0.735	28.622
0.739	29.132
0.723	28.245
0.722	27.766
0.783	33.57
0.777	32.798
0.787	33.645
0.745	30.015
0.74	29.416
0.779	32.988
0.835	43.147
0.819	38.38
0.762	32.268
0.739	29.132
0.845	53.27
0.843	52.771
0.845	53.27
0.835	43.147
0.822	39.15
0.697	26.805
0.788	33.72
0.716	27.356
0.78	33.388
0.794	34.108
0.724	28.273
0.818	38.297
0.817	37.913
0.718	27.453
0.794	34.108
0.697	26.805
0.836	43.451
0.82	38.679
0.821	38.851
0.8	35.284
0.799	35.016
0.798	34.722
0.833	42.579
0.776	32.734
0.775	32.456
0.698	26.904
0.716	27.356
0.8	35.284
0.799	35.016
0.783	33.57
0.781	33.462
0.72	27.704
0.714	27.108
0.7	27.039
0.824	42.423
0.779	32.988
0.719	27.631
0.82	38.679
0.821	38.851
0.698	26.904
0.781	33.462
0.718	27.453
0.762	32.268
0.817	37.913
0.816	37.826
0.818	38.297
0.787	33.645
0.78	33.388
0.719	27.631
0.788	33.72
0.776	32.734
0.722	27.766
0.72	27.704
