P=? [ F (x=9&y=9&crashed=0) ]	R{"cost"}=? [ C<=100 ]
0.84	48.069
0.594	21.77
0.84	48.069
0.594	21.77
0.683	26.072
0.839	43.637
0.624	23.26
0.646	24.157
0.704	28.651
0.738	28.869
0.624	23.26
0.828	42.834
0.825	39.522
0.643	24.125
0.785	34.59
0.752	32.224
0.746	29.814
0.789	36.956
0.646	24.157
0.818	38.108
0.766	32.438
0.754	32.434
0.694	28.204
0.805	37.949
0.69	27.74
0.687	26.724
0.703	28.535
0.831	43.406
0.838	43.407
0.771	33.279
0.792	37.561
0.742	29.359
0.746	29.814
0.825	39.522
0.821	38.461
0.69	27.74
0.752	32.224
0.78	33.567
0.789	36.956
0.687	26.724
0.776	33.504
0.684	26.355
0.742	29.359
0.776	33.504
0.691	28.114
0.739	28.879
0.686	26.392
0.797	37.711
0.824	39.105
0.782	33.99
0.82	38.16
0.8	37.918
0.77	32.896
0.828	42.834
0.745	29.657
0.768	32.519
0.703	28.535
0.791	37.256
0.745	29.657
0.784	34.298
0.83	43.114
0.805	37.949
0.781	33.803
0.769	32.75
0.79	37.186
0.824	39.105
0.823	38.876
0.771	33.279
0.739	28.879
0.823	38.876
0.822	38.655
0.738	28.869
0.704	28.651
0.803	37.947
0.799	37.721
0.822	38.655
0.784	34.298
0.783	34.107
0.781	33.803
0.693	28.136
0.829	43.0
0.753	32.271
0.819	38.157
0.797	37.711
0.792	37.561
0.77	32.896
0.769	32.75
0.803	37.947
0.783	34.107
0.798	37.715
0.83	43.114
0.829	43.0
0.768	32.519
0.791	37.256
0.79	37.186
0.78	33.567
0.753	32.271
0.686	26.392
0.8	37.918
0.693	28.136
