P=? [ F (x=9&y=9&crashed=0) ]	R{"cost"}=? [ C<=100 ]
0.889	60.535
0.698	32.267
0.889	60.535
0.881	54.618
0.748	34.607
0.869	54.572
0.887	60.248
0.847	48.52
0.83	43.753
0.862	49.856
0.78	36.855
0.845	44.408
0.829	39.945
0.797	38.238
0.78	36.855
0.857	48.945
0.812	38.364
0.714	32.634
0.723	32.817
0.791	37.485
0.795	37.813
0.838	43.759
0.862	49.856
0.887	60.248
0.705	32.314
0.869	54.572
0.785	37.232
0.741	34.07
0.707	32.496
0.713	32.58
0.792	37.685
0.733	33.72
0.736	34.004
0.847	48.52
0.729	33.659
0.726	33.056
0.825	39.17
0.814	38.391
0.816	38.577
0.734	33.993
0.828	39.723
0.727	33.249
0.842	44.114
0.841	43.974
0.816	38.577
0.819	38.819
0.823	38.984
0.724	33.017
0.783	36.872
0.727	33.249
0.819	38.819
0.706	32.367
0.845	44.408
0.826	39.477
0.84	43.856
0.747	34.565
0.797	38.238
0.843	44.233
0.785	37.232
0.861	49.671
0.86	49.422
0.839	43.818
0.742	34.155
0.829	39.945
0.736	34.004
0.784	37.07
0.731	33.67
0.827	39.674
0.826	39.477
0.86	49.422
0.859	49.227
0.858	49.131
0.861	49.671
0.723	32.817
0.745	34.455
0.744	34.275
0.843	44.233
0.821	38.863
0.781	36.866
0.784	37.07
0.731	33.67
0.729	33.659
0.782	36.87
0.812	38.364
0.824	39.109
0.744	34.275
0.743	34.158
0.859	49.227
0.858	49.131
0.822	38.889
0.746	34.48
0.713	32.58
0.707	32.496
0.824	39.109
0.827	39.674
0.705	32.314
0.821	38.863
0.724	33.017
0.822	38.889
0.813	38.365
