P=? [ F (x=9&y=9&crashed=0) ]	R{"cost"}=? [ C<=100 ]
0.871	54.312
0.652	27.204
0.871	54.312
0.652	27.204
0.713	29.826
0.867	53.744
0.862	49.627
0.845	44.208
0.846	48.239
0.688	27.813
0.656	27.597
0.742	32.48
0.767	32.671
0.829	43.082
0.828	39.714
0.804	38.091
0.819	38.154
0.723	31.292
0.858	48.924
0.79	36.961
0.788	35.543
0.704	28.95
0.862	49.627
0.723	31.292
0.842	43.895
0.867	53.744
0.704	28.95
0.792	37.169
0.699	28.926
0.83	43.223
0.85	48.421
0.77	33.129
0.858	48.924
0.729	31.815
0.738	32.07
0.798	37.217
0.692	28.005
0.836	43.271
0.741	32.244
0.841	43.503
0.8	37.425
0.85	48.421
0.735	32.031
0.725	31.376
0.825	39.155
0.688	27.813
0.772	33.514
0.697	28.486
0.695	28.444
0.775	33.517
0.787	35.197
0.837	43.435
0.771	33.182
0.786	35.126
0.785	34.621
0.779	33.986
0.781	34.071
0.788	35.543
0.735	32.031
0.692	28.005
0.767	32.671
0.847	48.389
0.821	38.464
0.727	31.562
0.778	33.816
0.776	33.703
0.729	31.815
0.791	36.971
0.782	34.223
0.845	44.208
0.727	31.562
0.801	37.731
0.695	28.444
0.802	37.884
0.655	27.457
0.653	27.343
0.823	38.845
0.822	38.596
0.826	39.395
0.824	38.92
0.656	27.597
0.827	39.611
0.826	39.395
0.784	34.489
0.783	34.275
0.802	37.884
0.82	38.334
0.798	37.217
0.697	28.486
0.801	37.731
0.846	48.239
0.699	28.926
0.829	43.082
0.79	36.961
0.785	34.621
0.784	34.489
0.822	38.596
0.82	38.334
0.655	27.457
0.653	27.343
