P=? [ F (x=9&y=9&crashed=0) ]	R{"cost"}=? [ C<=100 ]
0.593	21.89
0.88	54.657
0.593	21.89
0.88	54.657
0.861	48.711
0.649	25.846
0.594	21.899
0.649	25.846
0.879	54.246
0.863	49.325
0.845	44.308
0.829	43.345
0.594	21.899
0.828	40.076
0.753	32.369
0.691	27.772
0.748	30.25
0.71	28.108
0.739	28.885
0.79	36.927
0.82	38.253
0.683	26.046
0.879	54.246
0.804	38.179
0.722	28.854
0.666	25.953
0.666	25.953
0.863	49.325
0.845	44.308
0.787	35.18
0.766	32.42
0.771	33.306
0.715	28.721
0.78	33.574
0.838	43.416
0.745	29.589
0.746	29.998
0.721	28.783
0.71	28.108
0.689	27.028
0.783	34.037
0.791	37.193
0.745	29.589
0.739	28.885
0.827	39.517
0.841	43.423
0.844	44.109
0.715	28.721
0.753	32.369
0.796	37.218
0.787	35.18
0.821	38.595
0.823	38.713
0.688	26.818
0.802	37.87
0.842	43.839
0.799	37.418
0.862	49.119
0.786	34.949
0.785	34.542
0.8	37.524
0.769	32.849
0.77	32.934
0.767	32.447
0.684	26.219
0.781	33.811
0.824	39.052
0.686	26.39
0.687	26.724
0.689	27.028
0.798	37.225
0.685	26.286
0.784	34.313
0.78	33.574
0.771	33.306
0.839	43.42
0.786	34.949
0.785	34.542
0.768	32.676
0.784	34.313
0.781	33.811
0.843	43.902
0.862	49.119
0.827	39.517
0.826	39.312
0.803	37.98
0.801	37.677
0.768	32.676
0.801	37.677
0.796	37.218
0.826	39.312
0.825	39.179
0.825	39.179
0.824	39.052
0.823	38.713
0.821	38.595
0.803	37.98
0.686	26.39
0.687	26.724
0.77	32.934
