P=? [ F (x=9&y=9&crashed=0) ]	R{"cost"}=? [ C<=100 ]
0.606	23.828
0.862	49.719
0.862	49.719
0.606	23.828
0.852	48.655
0.649	25.783
0.845	44.657
0.834	43.206
0.829	39.975
0.795	37.004
0.739	28.882
0.704	28.537
0.649	25.783
0.787	35.034
0.721	28.783
0.748	30.317
0.76	32.065
0.651	25.969
0.748	30.317
0.721	28.783
0.667	26.014
0.683	26.056
0.802	37.887
0.816	37.95
0.666	25.989
0.697	27.971
0.845	44.657
0.76	32.065
0.685	26.221
0.787	35.034
0.837	43.358
0.78	33.547
0.843	44.069
0.692	27.834
0.689	27.033
0.772	33.347
0.701	28.501
0.842	44.057
0.778	33.36
0.84	43.569
0.688	26.906
0.781	33.995
0.799	37.428
0.783	34.028
0.745	29.668
0.744	29.46
0.829	39.975
0.744	29.46
0.825	39.179
0.834	43.206
0.768	32.49
0.693	27.927
0.786	34.868
0.739	28.882
0.769	32.879
0.857	48.824
0.762	32.071
0.784	34.445
0.745	29.668
0.828	39.776
0.826	39.38
0.77	32.887
0.796	37.011
0.858	49.097
0.821	38.465
0.854	48.67
0.86	49.311
0.855	48.822
0.823	38.667
0.701	28.501
0.798	37.19
0.801	37.65
0.689	27.033
0.688	26.906
0.84	43.569
0.826	39.38
0.828	39.776
0.692	27.834
0.765	32.31
0.771	33.17
0.824	38.908
0.82	38.195
0.684	26.124
0.861	49.57
0.785	34.615
0.824	38.908
0.801	37.65
0.766	32.418
0.86	49.311
0.858	49.097
0.823	38.667
0.821	38.465
0.798	37.19
0.771	33.17
0.764	32.235
0.767	32.428
0.785	34.615
0.784	34.445
0.764	32.235
0.817	38.002
