P=? [ F (x=9&y=9&crashed=0) ]	R{"cost"}=? [ C<=100 ]
0.747	29.229
0.795	40.899
0.795	40.899
0.756	30.617
0.776	33.449
0.789	39.604
0.787	35.438
0.776	33.449
0.756	30.617
0.792	40.623
0.789	39.604
0.778	34.419
0.755	30.056
0.753	29.99
0.777	33.493
0.753	29.99
0.749	29.276
0.792	40.623
0.749	29.276
0.785	34.828
0.787	35.438
0.78	34.49
0.786	35.141
0.786	35.141
0.78	34.49
0.785	34.828
0.783	34.552
0.783	34.552
0.782	34.543
0.778	34.419
0.782	34.543
0.777	33.493
0.748	29.238
0.748	29.238
0.795	40.899
0.776	33.449
0.756	30.617
0.789	39.604
0.792	40.623
0.787	35.438
0.786	35.141
0.78	34.49
0.785	34.828
0.783	34.552
0.782	34.543
0.777	33.493
0.748	29.238
0.795	40.899
0.776	33.449
0.789	39.604
0.792	40.623
0.787	35.438
0.78	34.49
0.785	34.828
0.782	34.543
0.777	33.493
0.748	29.238
0.795	40.899
0.776	33.449
0.789	39.604
0.792	40.623
0.787	35.438
0.78	34.49
0.785	34.828
0.782	34.543
0.777	33.493
0.748	29.238
0.776	33.449
0.789	39.604
0.792	40.623
0.787	35.438
0.78	34.49
0.785	34.828
0.782	34.543
0.777	33.493
0.748	29.238
0.776	33.449
0.789	39.604
0.792	40.623
0.787	35.438
0.78	34.49
0.785	34.828
0.782	34.543
0.777	33.493
0.748	29.238
0.776	33.449
0.792	40.623
0.787	35.438
0.78	34.49
0.782	34.543
0.748	29.238
0.776	33.449
0.792	40.623
0.787	35.438
0.78	34.49
0.782	34.543
0.776	33.449
0.792	40.623
0.787	35.438
0.782	34.543
