P=? [ F (x=9&y=9&crashed=0) ]	R{"cost"}=? [ C<=100 ]
0.733	33.454
0.846	66.26
0.846	66.26
0.733	33.454
0.838	61.311
0.821	47.143
0.827	50.919
0.75	33.682
0.783	38.758
0.835	56.616
0.829	52.015
0.767	38.064
0.811	44.178
0.837	57.139
0.797	41.508
0.818	45.871
0.811	44.178
0.797	41.508
0.829	52.015
0.835	56.616
0.764	36.118
0.759	35.375
0.813	44.585
0.813	44.585
0.752	34.061
0.766	38.034
0.765	36.847
0.756	34.502
0.788	39.604
0.82	46.363
0.788	39.604
0.792	41.041
0.784	38.819
0.758	34.8
0.784	38.819
0.764	36.118
0.759	35.375
0.791	40.305
0.756	34.502
0.752	34.061
0.765	36.847
0.79	39.872
0.767	38.064
0.828	51.509
0.794	41.114
0.828	51.509
0.836	57.093
0.819	46.324
0.791	40.305
0.796	41.401
0.794	41.114
0.758	34.8
0.796	41.401
0.79	39.872
0.792	41.041
0.837	57.139
0.836	57.093
0.819	46.324
0.766	38.034
0.733	33.454
0.811	44.178
0.797	41.508
0.829	52.015
0.813	44.585
0.788	39.604
0.784	38.819
0.759	35.375
0.756	34.502
0.752	34.061
0.765	36.847
0.767	38.064
0.828	51.509
0.791	40.305
0.758	34.8
0.796	41.401
0.79	39.872
0.792	41.041
0.837	57.139
0.836	57.093
0.819	46.324
0.766	38.034
0.733	33.454
0.811	44.178
0.829	52.015
0.813	44.585
0.752	34.061
0.788	39.604
0.784	38.819
0.759	35.375
0.756	34.502
0.767	38.064
0.791	40.305
0.758	34.8
0.796	41.401
0.79	39.872
0.792	41.041
0.828	51.509
0.837	57.139
0.836	57.093
0.819	46.324
