P=? [ F (x=9&y=9&crashed=0) ]	R{"cost"}=? [ C<=100 ]
0.799	27.665
0.936	50.899
0.936	50.899
0.799	27.665
0.807	28.02
0.862	32.262
0.888	35.914
0.807	28.02
0.862	32.262
0.932	50.138
0.927	46.082
0.909	43.515
0.898	39.103
0.908	40.537
0.87	33.07
0.881	33.696
0.885	34.151
0.898	39.103
0.87	33.07
0.914	44.738
0.863	32.471
0.909	43.515
0.927	46.082
0.881	33.696
0.916	44.842
0.922	44.918
0.906	39.772
0.932	50.138
0.914	44.738
0.907	40.486
0.863	32.471
0.934	50.242
0.926	45.597
0.884	34.129
0.926	45.597
0.925	45.173
0.885	34.151
0.884	34.129
0.935	50.594
0.899	39.259
0.924	45.021
0.935	50.594
0.904	39.747
0.922	44.918
0.916	44.842
0.903	39.67
0.902	39.45
0.901	39.432
0.901	39.432
0.899	39.259
0.925	45.173
0.934	50.242
0.924	45.021
0.903	39.67
0.908	40.537
0.907	40.486
0.906	39.772
0.904	39.747
0.902	39.45
0.936	50.899
0.799	27.665
0.807	28.02
0.862	32.262
0.898	39.103
0.909	43.515
0.927	46.082
0.881	33.696
0.932	50.138
0.863	32.471
0.926	45.597
0.885	34.151
0.884	34.129
0.935	50.594
0.922	44.918
0.916	44.842
0.901	39.432
0.899	39.259
0.925	45.173
0.934	50.242
0.924	45.021
0.903	39.67
0.908	40.537
0.907	40.486
0.906	39.772
0.904	39.747
0.902	39.45
0.936	50.899
0.799	27.665
0.807	28.02
0.862	32.262
0.898	39.103
0.909	43.515
0.927	46.082
0.881	33.696
0.932	50.138
0.863	32.471
0.926	45.597
0.885	34.151
0.884	34.129
0.935	50.594
