P=? [ F (x=9&y=9&crashed=0) ]	R{"cost"}=? [ C<=100 ]
0.761	27.501
0.906	40.315
0.761	27.501
0.906	40.315
0.84	27.706
0.781	27.558
0.866	32.33
0.891	37.758
0.889	35.368
0.86	30.27
0.884	34.575
0.781	27.558
0.881	33.122
0.899	38.751
0.856	29.785
0.853	28.497
0.902	39.628
0.86	30.27
0.84	27.706
0.874	32.354
0.849	28.047
0.858	29.805
0.853	28.497
0.904	39.895
0.905	40.125
0.866	32.33
0.849	28.047
0.881	33.122
0.852	28.127
0.897	38.35
0.877	32.567
0.887	34.937
0.891	37.758
0.88	32.908
0.889	35.368
0.896	38.263
0.895	37.991
0.898	38.512
0.885	34.719
0.878	32.71
0.888	35.168
0.903	39.677
0.887	34.937
0.885	34.719
0.894	37.973
0.877	32.567
0.874	32.354
0.888	35.168
0.88	32.908
0.878	32.71
0.856	29.785
0.894	37.973
0.898	38.512
0.851	28.072
0.858	29.805
0.896	38.263
0.852	28.127
0.903	39.677
0.851	28.072
0.895	37.991
0.906	40.315
0.761	27.501
0.781	27.558
0.86	30.27
0.853	28.497
0.866	32.33
0.849	28.047
0.881	33.122
0.889	35.368
0.896	38.263
0.887	34.937
0.877	32.567
0.885	34.719
0.874	32.354
0.888	35.168
0.88	32.908
0.878	32.71
0.858	29.805
0.852	28.127
0.903	39.677
0.851	28.072
0.898	38.512
0.906	40.315
0.761	27.501
0.86	30.27
0.781	27.558
0.853	28.497
0.866	32.33
0.881	33.122
0.889	35.368
0.849	28.047
0.887	34.937
0.877	32.567
0.874	32.354
0.888	35.168
0.878	32.71
0.896	38.263
0.852	28.127
0.851	28.072
0.898	38.512
