P=? [ F (x=9&y=9&crashed=0) ]	R{"cost"}=? [ C<=100 ]
0.782	27.354
0.905	39.904
0.782	27.354
0.861	32.184
0.891	38.737
0.888	35.292
0.787	27.597
0.818	27.608
0.859	29.208
0.838	27.648
0.818	27.608
0.899	39.482
0.845	27.672
0.892	39.097
0.899	39.482
0.867	32.485
0.875	33.701
0.851	28.068
0.881	34.43
0.883	34.442
0.846	28.051
0.875	33.701
0.838	27.648
0.891	38.737
0.881	34.43
0.857	28.849
0.867	32.485
0.886	34.852
0.853	28.491
0.787	27.597
0.886	34.852
0.861	32.184
0.892	39.097
0.87	32.866
0.888	35.292
0.872	33.326
0.871	32.964
0.874	33.344
0.857	28.849
0.854	28.502
0.858	29.166
0.87	32.866
0.887	35.122
0.854	28.502
0.887	35.122
0.859	29.208
0.851	28.068
0.853	28.491
0.871	32.964
0.858	29.166
0.845	27.672
0.873	33.343
0.846	28.051
0.872	33.326
0.874	33.344
0.873	33.343
0.782	27.354
0.818	27.608
0.881	34.43
0.899	39.482
0.875	33.701
0.838	27.648
0.891	38.737
0.867	32.485
0.886	34.852
0.787	27.597
0.861	32.184
0.892	39.097
0.857	28.849
0.87	32.866
0.854	28.502
0.887	35.122
0.859	29.208
0.851	28.068
0.853	28.491
0.871	32.964
0.858	29.166
0.845	27.672
0.846	28.051
0.872	33.326
0.874	33.344
0.873	33.343
0.782	27.354
0.818	27.608
0.881	34.43
0.899	39.482
0.875	33.701
0.838	27.648
0.891	38.737
0.867	32.485
0.886	34.852
0.861	32.184
0.892	39.097
0.857	28.849
0.87	32.866
0.854	28.502
0.887	35.122
0.859	29.208
0.851	28.068
0.853	28.491
