P=? [ F (x=9&y=9&crashed=0) ]	R{"cost"}=? [ C<=100 ]
0.652	23.088
0.919	46.032
0.919	46.032
0.652	23.088
0.719	27.264
0.847	27.728
0.781	27.315
0.781	27.315
0.715	23.513
0.91	43.702
0.856	29.186
0.857	32.5
0.891	38.941
0.697	23.42
0.659	23.129
0.889	35.759
0.909	40.73
0.861	33.27
0.918	45.45
0.91	43.702
0.707	23.481
0.907	39.964
0.882	33.589
0.888	35.669
0.886	34.331
0.897	39.721
0.918	45.45
0.873	33.369
0.853	28.466
0.697	23.42
0.853	28.466
0.847	27.728
0.873	33.369
0.909	40.73
0.86	32.621
0.885	34.31
0.856	29.186
0.893	39.23
0.893	39.23
0.897	39.721
0.882	33.589
0.659	23.129
0.891	38.941
0.907	39.964
0.719	27.264
0.715	23.513
0.654	23.109
0.885	34.31
0.657	23.119
0.858	32.592
0.889	35.759
0.888	35.669
0.886	34.331
0.657	23.119
0.654	23.109
0.857	32.5
0.86	32.621
0.858	32.592
0.919	46.032
0.652	23.088
0.781	27.315
0.697	23.42
0.91	43.702
0.918	45.45
0.853	28.466
0.847	27.728
0.873	33.369
0.909	40.73
0.856	29.186
0.893	39.23
0.897	39.721
0.882	33.589
0.659	23.129
0.891	38.941
0.715	23.513
0.907	39.964
0.719	27.264
0.885	34.31
0.889	35.759
0.888	35.669
0.886	34.331
0.654	23.109
0.857	32.5
0.86	32.621
0.858	32.592
0.652	23.088
0.781	27.315
0.697	23.42
0.91	43.702
0.918	45.45
0.853	28.466
0.847	27.728
0.873	33.369
0.909	40.73
0.856	29.186
0.893	39.23
0.897	39.721
0.882	33.589
0.659	23.129
0.891	38.941
