P=? [ F (x=9&y=9&crashed=0) ]	R{"cost"}=? [ C<=100 ]
0.609	23.121
0.925	45.792
0.925	45.792
0.609	23.121
0.707	23.482
0.707	23.482
0.782	27.342
0.791	28.319
0.853	28.491
0.782	27.342
0.86	32.208
0.854	28.502
0.909	43.811
0.908	40.82
0.895	38.095
0.891	35.856
0.878	32.709
0.861	32.499
0.921	44.324
0.887	35.151
0.907	40.776
0.905	39.723
0.885	34.125
0.903	39.142
0.924	45.238
0.91	43.847
0.889	35.812
0.887	35.151
0.883	33.488
0.86	32.208
0.884	34.112
0.895	38.095
0.785	27.498
0.904	39.683
0.922	44.861
0.881	33.1
0.788	28.278
0.921	44.324
0.91	43.847
0.899	38.785
0.881	33.1
0.787	27.899
0.898	38.49
0.787	27.899
0.898	38.49
0.883	33.488
0.854	28.502
0.923	44.9
0.791	28.319
0.891	35.856
0.9	38.884
0.9	38.884
0.785	27.498
0.861	32.499
0.853	28.491
0.889	35.812
0.907	40.776
0.905	39.723
0.885	34.125
0.908	40.82
0.788	28.278
0.904	39.683
0.923	44.9
0.922	44.861
0.884	34.112
0.925	45.792
0.609	23.121
0.707	23.482
0.782	27.342
0.887	35.151
0.86	32.208
0.895	38.095
0.921	44.324
0.91	43.847
0.881	33.1
0.787	27.899
0.898	38.49
0.883	33.488
0.854	28.502
0.791	28.319
0.891	35.856
0.785	27.498
0.861	32.499
0.853	28.491
0.889	35.812
0.907	40.776
0.905	39.723
0.885	34.125
0.908	40.82
0.788	28.278
0.904	39.683
0.923	44.9
0.922	44.861
0.884	34.112
0.609	23.121
0.707	23.482
0.782	27.342
0.86	32.208
0.895	38.095
0.91	43.847
