P=? [ F (x=9&y=9&crashed=0) ]	R{"cost"}=? [ C<=100 ]
0.787	28.349
0.896	44.991
0.787	28.349
0.896	44.991
0.879	39.915
0.881	44.013
0.846	35.028
0.848	37.5
0.807	30.68
0.818	32.305
0.807	30.68
0.818	32.305
0.875	39.548
0.855	37.755
0.839	34.966
0.857	38.052
0.894	44.71
0.888	44.693
0.838	34.747
0.837	33.72
0.857	38.052
0.868	39.263
0.863	38.864
0.829	33.286
0.863	38.864
0.8	29.616
0.8	29.616
0.796	28.757
0.79	28.371
0.834	33.355
0.797	29.064
0.797	29.064
0.802	30.001
0.828	33.079
0.806	30.33
0.794	28.714
0.794	28.714
0.79	28.371
0.804	30.005
0.825	32.756
0.868	39.263
0.886	44.413
0.825	32.756
0.855	37.755
0.848	37.5
0.823	32.65
0.821	32.43
0.876	39.583
0.876	39.583
0.806	30.33
0.828	33.079
0.837	33.72
0.836	33.425
0.884	44.396
0.866	39.234
0.823	32.65
0.881	44.013
0.819	32.385
0.838	34.747
0.821	32.43
0.894	44.71
0.888	44.693
0.886	44.413
0.804	30.005
0.802	30.001
0.883	44.268
0.882	44.119
0.865	39.118
0.864	38.97
0.883	44.268
0.865	39.118
0.882	44.119
0.864	38.97
0.834	33.355
0.829	33.286
0.839	34.966
0.836	33.425
0.835	33.369
0.819	32.385
0.866	39.234
0.884	44.396
0.835	33.369
0.896	44.991
0.787	28.349
0.807	30.68
0.818	32.305
0.857	38.052
0.863	38.864
0.8	29.616
0.79	28.371
0.868	39.263
0.825	32.756
0.855	37.755
0.797	29.064
0.794	28.714
0.876	39.583
0.806	30.33
0.837	33.72
0.881	44.013
0.823	32.65
