P=? [ F (x=9&y=9&crashed=0) ]	R{"cost"}=? [ C<=100 ]
0.904	49.649
0.698	26.612
0.904	49.649
0.698	26.612
0.735	27.408
0.784	27.555
0.855	35.024
0.701	26.758
0.858	38.902
0.897	45.233
0.885	44.422
0.879	40.038
0.735	27.408
0.811	32.061
0.807	30.064
0.825	32.373
0.842	34.927
0.868	39.229
0.84	33.679
0.859	39.189
0.801	29.046
0.845	34.983
0.806	29.997
0.895	44.963
0.897	45.233
0.83	33.117
0.879	40.038
0.836	33.245
0.888	44.836
0.871	39.732
0.811	32.061
0.828	32.805
0.877	39.768
0.885	44.422
0.801	29.046
0.806	29.997
0.796	28.768
0.795	28.484
0.839	33.401
0.79	27.97
0.825	32.373
0.887	44.831
0.886	44.423
0.87	39.636
0.787	27.736
0.807	30.064
0.84	33.679
0.827	32.758
0.784	27.555
0.836	33.245
0.799	28.96
0.799	28.96
0.792	28.32
0.787	27.736
0.791	28.246
0.855	35.024
0.845	34.983
0.896	44.979
0.878	39.785
0.699	26.749
0.83	33.117
0.87	39.636
0.796	28.768
0.789	27.915
0.789	27.915
0.795	28.484
0.792	28.32
0.827	32.758
0.839	33.401
0.868	39.229
0.888	44.836
0.791	28.246
0.859	39.189
0.877	39.768
0.871	39.732
0.878	39.785
0.896	44.979
0.699	26.749
0.887	44.831
0.886	44.423
0.698	26.612
0.904	49.649
0.735	27.408
0.897	45.233
0.879	40.038
0.811	32.061
0.801	29.046
0.827	32.758
0.825	32.373
0.807	30.064
0.784	27.555
0.836	33.245
0.83	33.117
0.799	28.96
0.787	27.736
0.855	35.024
0.845	34.983
0.87	39.636
0.796	28.768
0.789	27.915
