P=? [ F (x=9&y=9&crashed=0) ]	R{"cost"}=? [ C<=100 ]
0.86	49.382
0.649	25.784
0.844	44.202
0.761	32.152
0.839	43.571
0.827	39.672
0.745	29.682
0.787	36.745
0.708	28.033
0.844	44.202
0.785	34.644
0.69	27.769
0.745	29.682
0.65	25.843
0.723	28.866
0.739	28.928
0.667	26.002
0.666	25.974
0.683	26.058
0.807	38.232
0.686	26.407
0.827	39.672
0.819	38.268
0.839	43.571
0.687	27.668
0.712	28.405
0.772	33.336
0.782	33.987
0.842	43.754
0.778	33.349
0.712	28.405
0.791	37.179
0.719	28.788
0.796	37.227
0.719	28.788
0.708	28.033
0.78	33.534
0.744	29.475
0.822	38.863
0.768	32.553
0.821	38.452
0.742	29.368
0.805	38.078
0.79	36.921
0.805	38.078
0.685	26.221
0.769	32.845
0.722	28.809
0.84	43.75
0.74	28.982
0.825	39.288
0.824	38.911
0.69	27.769
0.801	37.715
0.801	37.715
0.784	34.505
0.783	34.168
0.826	39.354
0.78	33.534
0.787	36.745
0.771	33.162
0.77	32.875
0.765	32.344
0.798	37.387
0.785	34.644
0.742	29.368
0.764	32.249
0.766	32.407
0.821	38.452
0.783	34.168
0.79	36.921
0.771	33.162
0.74	28.982
0.798	37.387
0.823	38.869
0.796	37.227
0.799	37.544
0.819	38.268
0.688	27.699
0.8	37.685
0.799	37.544
0.784	34.505
0.684	26.083
0.666	25.974
0.65	25.843
0.778	33.349
0.767	32.432
0.762	32.155
0.764	32.249
0.762	32.155
0.688	27.699
0.826	39.354
0.825	39.288
0.739	28.928
0.723	28.866
0.683	26.058
0.667	26.002
0.791	37.179
0.824	38.911
0.687	27.668
