P=? [ F (x=9&y=9&crashed=0) ]	R{"cost"}=? [ C<=100 ]
0.88	54.24
0.701	32.555
0.701	32.555
0.88	54.24
0.846	44.375
0.74	32.687
0.877	53.949
0.863	49.135
0.703	32.602
0.756	36.874
0.837	43.369
0.859	48.396
0.828	39.687
0.746	33.795
0.786	37.102
0.807	38.255
0.863	49.135
0.771	36.992
0.877	53.949
0.746	33.795
0.77	36.971
0.859	48.396
0.797	38.159
0.756	36.874
0.828	39.687
0.837	43.369
0.744	33.288
0.744	33.288
0.813	38.371
0.786	37.102
0.841	43.413
0.791	37.443
0.821	38.841
0.817	38.558
0.817	38.558
0.791	37.443
0.74	32.687
0.826	39.431
0.862	48.713
0.821	38.841
0.795	37.727
0.793	37.513
0.814	38.427
0.845	44.09
0.796	37.995
0.825	39.205
0.878	54.015
0.842	43.635
0.795	37.727
0.843	43.844
0.842	43.635
0.861	48.692
0.86	48.488
0.793	37.513
0.878	54.015
0.823	39.023
0.825	39.205
0.824	39.024
0.827	39.517
0.845	44.09
0.844	43.921
0.796	37.995
0.814	38.427
0.823	39.023
0.813	38.371
0.77	36.971
0.797	38.159
0.86	48.488
0.827	39.517
0.844	43.921
0.843	43.844
0.841	43.413
0.862	48.713
0.861	48.692
0.824	39.024
0.88	54.24
0.701	32.555
0.863	49.135
0.877	53.949
0.746	33.795
0.859	48.396
0.756	36.874
0.828	39.687
0.837	43.369
0.744	33.288
0.786	37.102
0.817	38.558
0.791	37.443
0.74	32.687
0.821	38.841
0.795	37.727
0.842	43.635
0.793	37.513
0.878	54.015
0.825	39.205
0.845	44.09
0.796	37.995
0.823	39.023
0.77	36.971
0.797	38.159
