P=? [ F (x=9&y=9&crashed=0) ]	R{"cost"}=? [ C<=100 ]
0.881	63.928
0.606	23.701
0.881	63.928
0.649	25.823
0.864	54.226
0.871	54.468
0.863	49.111
0.872	59.071
0.877	63.386
0.872	59.071
0.861	48.82
0.847	44.654
0.84	43.31
0.829	39.991
0.705	27.857
0.684	26.102
0.723	28.088
0.667	26.014
0.651	25.985
0.706	27.869
0.817	38.141
0.667	26.014
0.847	44.654
0.649	25.823
0.69	27.303
0.861	48.82
0.803	38.058
0.749	30.87
0.829	39.991
0.84	43.31
0.761	32.264
0.79	36.961
0.761	32.264
0.749	30.87
0.727	28.385
0.789	35.66
0.74	28.97
0.732	28.772
0.729	28.673
0.828	39.626
0.8	37.631
0.743	29.485
0.842	43.815
0.771	33.122
0.785	34.645
0.877	63.386
0.791	37.053
0.826	39.324
0.821	38.392
0.845	44.278
0.844	44.185
0.783	34.213
0.797	37.367
0.768	32.487
0.802	38.036
0.819	38.149
0.685	26.252
0.723	28.088
0.765	32.428
0.746	30.371
0.745	29.79
0.799	37.383
0.69	27.303
0.78	33.548
0.769	32.732
0.774	33.358
0.788	35.321
0.787	35.278
0.732	28.772
0.778	33.545
0.777	33.37
0.797	37.367
0.744	29.739
0.764	32.286
0.781	33.801
0.747	30.627
0.823	38.857
0.781	33.801
0.741	29.087
0.748	30.634
0.784	34.256
0.689	27.132
0.687	26.759
0.686	26.618
0.789	35.66
0.786	34.953
0.689	27.132
0.762	32.276
0.791	37.053
0.786	34.953
0.774	33.358
0.863	49.111
0.687	26.759
0.741	29.087
0.822	38.648
0.746	30.371
0.878	63.64
0.841	43.561
0.879	63.674
0.841	43.561
