P=? [ F (x=9&y=9&crashed=0) ]	R{"cost"}=? [ C<=100 ]
0.861	54.287
0.633	23.374
0.861	54.287
0.633	23.374
0.859	49.116
0.846	48.447
0.649	25.816
0.683	26.073
0.845	44.587
0.838	43.314
0.829	39.959
0.732	32.178
0.706	28.551
0.724	29.156
0.75	32.202
0.731	31.842
0.729	30.119
0.8	37.413
0.788	35.221
0.764	32.234
0.817	38.091
0.75	32.202
0.856	48.59
0.788	35.221
0.8	37.413
0.804	38.081
0.692	27.831
0.773	33.55
0.636	24.009
0.838	43.314
0.643	24.231
0.829	39.959
0.727	29.96
0.7	27.835
0.646	25.258
0.706	28.551
0.779	33.555
0.648	25.281
0.689	27.164
0.724	29.156
0.689	27.164
0.802	38.06
0.726	29.42
0.644	24.752
0.827	39.475
0.686	26.383
0.685	26.25
0.634	23.438
0.819	38.099
0.702	27.853
0.826	39.313
0.703	28.096
0.77	32.879
0.644	24.752
0.787	34.979
0.769	32.74
0.765	32.248
0.687	26.72
0.784	34.259
0.781	33.801
0.703	28.096
0.687	26.72
0.841	43.854
0.771	33.116
0.857	48.828
0.842	43.901
0.824	39.037
0.801	37.642
0.84	43.6
0.825	39.091
0.683	26.073
0.78	33.566
0.771	33.116
0.784	34.259
0.782	33.898
0.636	24.009
0.785	34.592
0.828	39.792
0.692	27.831
0.844	44.405
0.843	44.14
0.726	29.42
0.786	34.852
0.785	34.592
0.839	43.573
0.649	25.816
0.82	38.353
0.843	44.14
0.858	48.878
0.782	33.898
0.768	32.51
0.801	37.642
0.823	38.808
0.822	38.622
0.821	38.398
0.643	24.231
0.634	23.438
0.767	32.447
0.767	32.447
0.823	38.808
