P=? [ F (x=9&y=9&crashed=0) ]	R{"cost"}=? [ C<=100 ]
0.881	54.33
0.634	23.95
0.881	54.33
0.701	27.905
0.651	26.355
0.725	31.227
0.767	32.945
0.87	53.469
0.864	49.332
0.849	48.179
0.847	44.601
0.838	43.434
0.83	40.141
0.79	37.566
0.649	26.342
0.809	38.711
0.788	35.243
0.822	38.934
0.716	30.211
0.707	29.529
0.649	26.342
0.767	32.945
0.725	31.227
0.651	26.355
0.706	28.631
0.774	34.083
0.83	40.141
0.864	49.332
0.805	38.425
0.872	53.825
0.879	54.0
0.793	37.738
0.838	43.434
0.85	48.35
0.824	39.043
0.87	53.469
0.8	37.741
0.771	33.45
0.803	38.16
0.706	28.631
0.702	27.922
0.707	29.529
0.801	37.743
0.72	30.321
0.78	34.114
0.856	48.65
0.786	34.868
0.825	39.438
0.862	48.801
0.783	34.518
0.844	43.992
0.769	33.032
0.858	48.687
0.772	33.507
0.863	48.946
0.702	27.922
0.847	44.601
0.773	33.716
0.782	34.167
0.785	34.641
0.721	30.626
0.856	48.65
0.85	48.35
0.841	43.488
0.84	43.451
0.79	37.566
0.849	48.179
0.724	30.943
0.843	43.895
0.842	43.628
0.846	44.35
0.787	35.117
0.788	35.243
0.793	37.738
0.871	53.596
0.718	30.215
0.828	39.75
0.827	39.525
0.845	44.21
0.829	39.928
0.768	32.954
0.826	39.449
0.773	33.716
0.804	38.217
0.724	30.943
0.723	30.742
0.769	33.032
0.88	54.182
0.829	39.928
0.828	39.75
0.879	54.0
0.872	53.825
0.857	48.652
0.88	54.182
0.863	48.946
0.842	43.628
0.846	44.35
0.845	44.21
0.871	53.596
0.718	30.215
