P=? [ F (x=9&y=9&crashed=0) ]	R{"cost"}=? [ C<=100 ]
0.854	49.661
0.854	49.661
0.648	25.786
0.648	25.786
0.846	44.615
0.688	26.911
0.829	42.943
0.828	39.772
0.738	32.176
0.668	26.15
0.759	32.189
0.787	35.024
0.788	37.06
0.65	25.947
0.666	26.008
0.8	37.927
0.816	38.207
0.718	29.576
0.844	44.045
0.724	30.869
0.735	31.925
0.831	43.416
0.689	27.922
0.841	43.556
0.735	31.925
0.724	30.869
0.722	30.003
0.846	44.615
0.723	30.832
0.711	29.006
0.701	28.521
0.668	26.15
0.77	32.884
0.696	28.463
0.773	33.54
0.721	29.918
0.794	37.861
0.714	29.087
0.838	43.54
0.694	28.377
0.783	34.038
0.766	32.413
0.78	33.564
0.791	37.127
0.767	32.492
0.763	32.231
0.703	28.961
0.793	37.533
0.792	37.444
0.816	38.207
0.692	28.108
0.826	39.321
0.706	28.981
0.768	32.853
0.783	34.038
0.829	42.943
0.778	33.557
0.772	33.346
0.714	29.087
0.691	28.106
0.784	34.438
0.787	35.024
0.785	34.631
0.762	32.208
0.845	44.427
0.82	38.252
0.737	32.012
0.838	43.54
0.823	38.729
0.772	33.346
0.785	34.631
0.789	37.118
0.8	37.927
0.825	39.191
0.824	38.92
0.819	38.213
0.702	28.786
0.706	28.981
0.799	37.911
0.827	39.572
0.759	32.189
0.831	43.416
0.78	33.564
0.797	37.907
0.822	38.688
0.821	38.459
0.821	38.459
0.828	39.772
0.827	39.572
0.784	34.438
0.824	38.92
0.845	44.427
0.689	27.922
0.666	26.008
0.65	25.947
0.702	28.786
0.797	37.907
0.778	33.557
0.825	39.191
0.736	31.935
