P=? [ F (x=9&y=9&crashed=0) ]	R{"cost"}=? [ C<=100 ]
0.625	26.203
0.81	37.581
0.81	37.581
0.625	26.203
0.734	28.478
0.741	31.645
0.799	36.055
0.786	33.706
0.72	27.341
0.693	27.181
0.652	26.349
0.628	26.227
0.67	27.163
0.692	27.174
0.754	31.724
0.771	31.785
0.786	33.706
0.799	36.055
0.754	31.724
0.742	31.661
0.809	37.348
0.656	26.613
0.665	26.627
0.734	28.478
0.741	31.645
0.72	27.341
0.808	37.025
0.724	27.366
0.669	27.154
0.667	26.845
0.78	32.714
0.779	32.412
0.653	26.503
0.667	26.845
0.802	36.517
0.729	28.102
0.628	26.227
0.805	36.737
0.785	33.475
0.778	32.389
0.777	32.16
0.731	28.328
0.729	28.102
0.805	36.737
0.802	36.517
0.782	32.998
0.781	32.782
0.666	26.638
0.727	27.798
0.726	27.606
0.777	32.16
0.776	31.969
0.728	27.915
0.771	31.785
0.784	33.358
0.783	33.177
0.783	33.177
0.782	32.998
0.8	36.227
0.693	27.181
0.801	36.375
0.8	36.227
0.801	36.375
0.656	26.613
0.776	31.969
0.775	31.832
0.732	28.399
0.731	28.328
0.725	27.496
0.774	31.828
0.652	26.349
0.785	33.475
0.784	33.358
0.728	27.915
0.727	27.798
0.806	36.849
0.726	27.606
0.725	27.496
0.653	26.503
0.808	37.025
0.807	36.918
0.732	28.399
0.669	27.154
0.807	36.918
0.806	36.849
0.781	32.782
0.78	32.714
0.742	31.661
0.774	31.828
0.724	27.366
0.779	32.412
0.778	32.389
0.666	26.638
0.692	27.174
0.67	27.163
0.775	31.832
0.625	26.203
0.786	33.706
0.799	36.055
0.754	31.724
