P=? [ F (x=9&y=9&crashed=0) ]	R{"cost"}=? [ C<=100 ]
0.855	57.321
0.689	31.139
0.855	57.321
0.751	32.126
0.76	32.4
0.81	40.509
0.847	52.708
0.846	48.82
0.784	35.918
0.854	53.716
0.832	46.461
0.829	42.693
0.804	36.766
0.784	35.918
0.785	36.114
0.798	36.142
0.751	32.126
0.804	36.766
0.757	32.199
0.838	47.622
0.821	41.537
0.853	53.671
0.852	53.178
0.815	40.578
0.85	52.858
0.842	47.967
0.825	42.018
0.845	48.544
0.829	42.693
0.825	42.018
0.821	41.537
0.832	46.461
0.842	47.967
0.838	47.622
0.852	53.178
0.85	52.858
0.846	48.82
0.837	47.346
0.8	36.168
0.803	36.504
0.844	48.383
0.843	48.128
0.82	41.297
0.837	47.346
0.836	47.121
0.828	42.513
0.827	42.289
0.836	47.121
0.835	46.9
0.819	41.102
0.819	41.102
0.82	41.297
0.818	40.907
0.758	32.207
0.798	36.142
0.828	42.513
0.818	40.907
0.817	40.733
0.758	32.207
0.843	48.128
0.844	48.383
0.833	46.618
0.835	46.9
0.834	46.746
0.847	52.708
0.817	40.733
0.816	40.594
0.826	42.155
0.827	42.289
0.826	42.155
0.803	36.504
0.802	36.374
0.834	46.746
0.833	46.618
0.801	36.275
0.802	36.374
0.801	36.275
0.757	32.199
0.815	40.578
0.8	36.168
0.816	40.594
0.855	57.321
0.784	35.918
0.751	32.126
0.804	36.766
0.829	42.693
0.825	42.018
0.821	41.537
0.832	46.461
0.842	47.967
0.838	47.622
0.852	53.178
0.837	47.346
0.836	47.121
0.819	41.102
0.798	36.142
0.828	42.513
0.818	40.907
0.758	32.207
0.835	46.9
