P=? [ F (x=9&y=9&crashed=0) ]	R{"cost"}=? [ C<=100 ]
0.9	59.867
0.619	31.326
0.619	31.326
0.9	59.867
0.778	35.205
0.684	32.833
0.807	35.96
0.671	31.893
0.898	54.673
0.621	31.632
0.778	35.205
0.899	59.183
0.853	39.048
0.854	42.355
0.873	47.444
0.87	44.355
0.89	52.913
0.887	50.079
0.684	32.833
0.824	37.644
0.816	37.356
0.843	37.722
0.862	42.802
0.816	37.356
0.673	32.324
0.892	53.622
0.89	52.913
0.88	48.863
0.879	48.171
0.824	37.644
0.896	53.989
0.899	59.183
0.87	44.355
0.85	38.59
0.857	42.68
0.886	50.03
0.885	49.396
0.877	47.949
0.679	32.405
0.873	47.444
0.882	48.93
0.85	38.59
0.869	43.888
0.865	43.265
0.853	39.048
0.865	43.265
0.884	49.346
0.892	53.622
0.68	32.421
0.876	47.763
0.846	38.189
0.844	37.809
0.671	31.893
0.621	31.632
0.866	43.493
0.868	43.664
0.68	32.421
0.876	47.763
0.847	38.276
0.895	53.933
0.847	38.276
0.895	53.933
0.887	50.079
0.855	42.448
0.869	43.888
0.857	42.68
0.879	48.171
0.855	42.448
0.846	38.189
0.844	37.809
0.673	32.324
0.868	43.664
0.866	43.493
0.882	48.93
0.896	53.989
0.884	49.346
0.854	42.355
0.679	32.405
0.843	37.722
0.88	48.863
0.885	49.396
0.886	50.03
0.619	31.326
0.9	59.867
0.778	35.205
0.684	32.833
0.816	37.356
0.89	52.913
0.824	37.644
0.899	59.183
0.87	44.355
0.873	47.444
0.85	38.59
0.853	39.048
0.865	43.265
0.892	53.622
0.671	31.893
0.621	31.632
0.876	47.763
0.887	50.079
