P=? [ F (x=9&y=9&crashed=0) ]	R{"cost"}=? [ C<=100 ]
0.895	53.472
0.675	31.817
0.895	53.472
0.675	31.817
0.694	32.086
0.829	38.332
0.759	35.299
0.694	32.086
0.805	35.856
0.882	48.341
0.885	52.355
0.864	46.733
0.759	35.299
0.767	35.313
0.846	41.752
0.863	43.317
0.814	38.292
0.846	41.752
0.811	36.608
0.767	35.313
0.813	37.814
0.858	42.614
0.87	46.949
0.877	47.881
0.808	36.52
0.862	43.285
0.892	52.904
0.882	48.341
0.807	35.999
0.813	37.814
0.887	52.388
0.877	47.881
0.874	47.473
0.87	46.949
0.856	42.496
0.852	41.999
0.889	52.862
0.875	47.494
0.847	41.834
0.852	41.999
0.851	41.957
0.856	42.496
0.862	43.285
0.874	47.473
0.892	52.904
0.885	52.355
0.864	46.733
0.811	36.608
0.807	35.999
0.887	52.388
0.851	41.957
0.847	41.834
0.875	47.494
0.89	52.87
0.889	52.862
0.808	36.52
0.857	42.537
0.857	42.537
0.814	38.292
0.89	52.87
0.863	43.317
0.675	31.817
0.895	53.472
0.694	32.086
0.759	35.299
0.846	41.752
0.767	35.313
0.882	48.341
0.813	37.814
0.877	47.881
0.87	46.949
0.852	41.999
0.856	42.496
0.862	43.285
0.874	47.473
0.892	52.904
0.885	52.355
0.864	46.733
0.811	36.608
0.807	35.999
0.887	52.388
0.851	41.957
0.847	41.834
0.875	47.494
0.889	52.862
0.808	36.52
0.857	42.537
0.814	38.292
0.89	52.87
0.863	43.317
0.675	31.817
0.895	53.472
0.694	32.086
0.759	35.299
0.846	41.752
0.767	35.313
0.882	48.341
0.877	47.881
0.87	46.949
0.852	41.999
