P=? [ F (x=9&y=9&crashed=0) ]	R{"cost"}=? [ C<=100 ]
0.896	57.509
0.616	29.733
0.896	57.509
0.616	29.733
0.741	32.451
0.883	52.667
0.792	34.94
0.677	31.224
0.723	31.228
0.878	48.493
0.893	53.278
0.867	47.775
0.671	30.9
0.741	32.451
0.863	44.077
0.635	29.747
0.635	29.747
0.792	34.94
0.822	38.547
0.811	36.754
0.833	40.084
0.671	30.9
0.845	42.686
0.811	36.754
0.842	41.328
0.727	31.569
0.831	38.872
0.859	43.029
0.727	31.569
0.878	48.493
0.876	47.852
0.822	38.547
0.801	35.308
0.839	40.522
0.861	43.808
0.888	52.67
0.809	36.196
0.797	34.952
0.827	38.548
0.854	42.902
0.848	42.797
0.803	35.793
0.833	40.084
0.892	53.048
0.724	31.546
0.854	42.902
0.677	31.224
0.863	44.077
0.806	36.058
0.839	40.522
0.893	53.278
0.871	47.809
0.841	41.281
0.84	40.878
0.892	53.048
0.802	35.421
0.84	40.878
0.806	36.058
0.797	34.952
0.845	42.686
0.867	47.775
0.848	42.797
0.888	52.67
0.83	38.828
0.803	35.793
0.842	41.328
0.83	38.828
0.809	36.196
0.859	43.029
0.87	47.786
0.827	38.548
0.861	43.808
0.862	43.907
0.831	38.872
0.876	47.852
0.802	35.421
0.862	43.907
0.841	41.281
0.871	47.809
0.724	31.546
0.87	47.786
0.723	31.228
0.896	57.509
0.616	29.733
0.635	29.747
0.792	34.94
0.671	30.9
0.811	36.754
0.727	31.569
0.822	38.547
0.833	40.084
0.854	42.902
0.677	31.224
0.802	35.421
0.839	40.522
0.893	53.278
0.797	34.952
0.892	53.048
0.84	40.878
0.845	42.686
