P=? [ F (x=9&y=9&crashed=0) ]	R{"cost"}=? [ C<=100 ]
0.661	35.637
0.906	62.782
0.661	35.637
0.906	62.782
0.808	35.659
0.85	38.586
0.902	58.084
0.905	58.746
0.896	54.052
0.869	47.321
0.882	52.146
0.851	42.069
0.879	48.571
0.868	43.837
0.833	37.041
0.823	36.35
0.833	37.041
0.808	35.659
0.85	38.586
0.823	36.35
0.831	36.48
0.876	47.868
0.896	54.052
0.856	42.891
0.895	53.619
0.871	47.699
0.902	58.084
0.853	42.243
0.861	43.332
0.879	48.571
0.866	43.409
0.888	53.003
0.86	43.044
0.882	52.146
0.878	48.135
0.904	58.316
0.891	53.338
0.905	58.746
0.887	52.585
0.868	43.837
0.867	43.428
0.853	42.243
0.884	52.538
0.856	42.891
0.893	53.36
0.888	53.003
0.878	48.135
0.891	53.338
0.831	36.48
0.904	58.316
0.87	47.515
0.87	47.515
0.851	42.069
0.86	43.044
0.886	52.574
0.893	53.36
0.884	52.538
0.861	43.332
0.885	52.549
0.867	43.428
0.887	52.585
0.885	52.549
0.906	62.782
0.661	35.637
0.833	37.041
0.808	35.659
0.85	38.586
0.823	36.35
0.902	58.084
0.879	48.571
0.882	52.146
0.905	58.746
0.868	43.837
0.853	42.243
0.856	42.891
0.888	53.003
0.878	48.135
0.891	53.338
0.831	36.48
0.904	58.316
0.87	47.515
0.851	42.069
0.86	43.044
0.893	53.36
0.884	52.538
0.861	43.332
0.887	52.585
0.885	52.549
0.661	35.637
0.833	37.041
0.85	38.586
0.823	36.35
0.879	48.571
0.882	52.146
0.853	42.243
0.856	42.891
0.87	47.515
0.888	53.003
0.878	48.135
0.831	36.48
