P=? [ F (x=9&y=9&crashed=0) ]	R{"cost"}=? [ C<=100 ]
0.877	48.27
0.737	32.329
0.877	48.27
0.756	35.604
0.8	36.185
0.869	47.24
0.862	43.909
0.747	34.548
0.743	32.811
0.811	39.332
0.81	37.162
0.847	41.897
0.756	35.604
0.747	34.548
0.841	41.171
0.841	41.171
0.821	39.562
0.869	47.24
0.813	39.54
0.875	47.873
0.829	39.805
0.743	32.811
0.821	39.562
0.862	43.909
0.861	43.838
0.859	43.132
0.8	36.185
0.837	40.479
0.806	36.846
0.848	41.996
0.834	40.218
0.806	36.846
0.852	42.373
0.837	40.479
0.803	36.449
0.803	36.449
0.852	42.373
0.848	41.996
0.834	40.218
0.831	39.962
0.87	47.571
0.873	47.671
0.802	36.279
0.856	42.85
0.831	39.962
0.829	39.805
0.858	43.06
0.856	42.85
0.811	39.332
0.836	40.413
0.808	37.04
0.859	43.132
0.858	43.06
0.861	43.838
0.836	40.413
0.871	47.636
0.854	42.613
0.853	42.441
0.808	37.04
0.855	42.685
0.873	47.671
0.813	39.54
0.83	39.849
0.802	36.279
0.855	42.685
0.854	42.613
0.853	42.441
0.81	37.162
0.809	37.096
0.87	47.571
0.809	37.096
0.83	39.849
0.871	47.636
0.877	48.27
0.756	35.604
0.747	34.548
0.841	41.171
0.869	47.24
0.743	32.811
0.821	39.562
0.862	43.909
0.8	36.185
0.806	36.846
0.837	40.479
0.803	36.449
0.852	42.373
0.848	41.996
0.834	40.218
0.831	39.962
0.829	39.805
0.856	42.85
0.811	39.332
0.859	43.132
0.858	43.06
0.861	43.838
0.836	40.413
0.808	37.04
0.873	47.671
0.813	39.54
0.802	36.279
