P=? [ F (x=9&y=9&crashed=0) ]	R{"cost"}=? [ C<=100 ]
0.651	23.218
0.845	44.441
0.845	44.441
0.651	23.218
0.663	26.988
0.721	28.192
0.685	28.005
0.836	42.884
0.756	32.541
0.753	29.75
0.656	24.141
0.829	40.385
0.792	34.987
0.721	28.192
0.742	28.308
0.794	37.254
0.836	42.884
0.674	27.94
0.829	40.385
0.822	38.552
0.779	33.025
0.685	28.005
0.767	32.946
0.81	38.433
0.652	23.256
0.672	27.863
0.653	24.127
0.672	27.863
0.843	43.829
0.806	38.412
0.843	43.829
0.762	32.875
0.828	39.65
0.802	37.852
0.656	24.141
0.745	28.412
0.758	32.819
0.796	37.521
0.753	29.75
0.79	34.726
0.756	32.541
0.802	37.852
0.8	37.721
0.81	38.433
0.751	29.413
0.751	29.413
0.749	29.092
0.746	28.837
0.788	34.301
0.784	33.96
0.783	33.537
0.844	44.034
0.792	34.987
0.79	34.726
0.747	29.086
0.806	38.412
0.788	34.301
0.742	28.308
0.8	37.721
0.782	33.354
0.78	33.187
0.765	32.899
0.746	28.837
0.827	39.486
0.826	39.239
0.795	37.277
0.787	34.067
0.824	38.948
0.823	38.723
0.844	44.034
0.796	37.521
0.767	32.946
0.783	33.537
0.825	39.129
0.824	38.948
0.823	38.723
0.782	33.354
0.78	33.187
0.758	32.819
0.828	39.65
0.827	39.486
0.765	32.899
0.794	37.254
0.822	38.552
0.749	29.092
0.655	24.139
0.826	39.239
0.825	39.129
0.745	28.412
0.786	34.053
0.785	33.973
0.779	33.025
0.795	37.277
0.787	34.067
0.786	34.053
0.785	33.973
0.784	33.96
0.655	24.139
0.653	24.127
0.747	29.086
