P=? [ F (x=9&y=9&crashed=0) ]	R{"cost"}=? [ C<=100 ]
0.844	45.015
0.648	27.125
0.844	45.015
0.648	27.125
0.666	27.569
0.843	44.857
0.828	39.808
0.722	27.671
0.766	32.357
0.751	29.542
0.796	37.483
0.791	34.747
0.666	27.569
0.828	39.808
0.738	27.681
0.751	29.542
0.722	27.671
0.843	44.857
0.766	32.357
0.775	32.431
0.81	38.381
0.811	38.642
0.825	39.135
0.818	38.848
0.796	37.483
0.777	32.922
0.791	34.747
0.817	38.801
0.804	38.294
0.797	37.68
0.776	32.463
0.783	33.662
0.785	34.105
0.783	33.662
0.801	37.746
0.741	28.232
0.779	32.972
0.803	38.262
0.802	37.895
0.827	39.444
0.747	29.059
0.782	33.308
0.739	27.929
0.743	28.334
0.789	34.594
0.787	34.275
0.739	27.929
0.781	33.272
0.825	39.135
0.818	38.848
0.746	28.788
0.787	34.275
0.75	29.302
0.744	28.572
0.746	28.788
0.745	28.586
0.749	29.192
0.741	28.232
0.817	38.801
0.811	38.642
0.827	39.444
0.826	39.289
0.826	39.289
0.786	34.123
0.79	34.596
0.802	37.895
0.779	32.972
0.749	29.192
0.747	29.059
0.781	33.272
0.75	29.302
0.785	34.105
0.743	28.334
0.789	34.594
0.81	38.381
0.804	38.294
0.775	32.431
0.801	37.746
0.797	37.68
0.777	32.922
0.782	33.308
0.776	32.463
0.803	38.262
0.786	34.123
0.745	28.586
0.744	28.572
0.738	27.681
0.79	34.596
0.648	27.125
0.844	45.015
0.828	39.808
0.751	29.542
0.722	27.671
0.843	44.857
0.796	37.483
0.791	34.747
0.783	33.662
0.739	27.929
0.825	39.135
0.818	38.848
