P=? [ F (x=9&y=9&crashed=0) ]	R{"cost"}=? [ C<=100 ]
0.871	54.359
0.738	27.975
0.738	27.975
0.871	54.359
0.754	32.475
0.853	48.163
0.847	44.686
0.863	52.92
0.862	49.523
0.835	42.816
0.753	29.361
0.81	38.793
0.777	32.694
0.763	32.587
0.831	40.345
0.823	38.797
0.794	37.182
0.791	34.797
0.864	53.308
0.75	29.09
0.856	49.349
0.801	37.703
0.745	28.987
0.763	32.587
0.839	43.806
0.756	32.483
0.847	44.686
0.861	49.373
0.853	48.163
0.864	53.308
0.844	44.019
0.781	33.566
0.796	37.508
0.838	43.379
0.809	38.312
0.855	48.603
0.831	40.345
0.744	28.474
0.802	37.85
0.794	37.182
0.836	42.878
0.786	33.974
0.791	34.797
0.778	32.909
0.808	38.243
0.742	28.207
0.783	33.613
0.779	32.991
0.79	34.652
0.789	34.219
0.742	28.207
0.74	27.98
0.83	40.199
0.829	39.777
0.78	33.151
0.805	38.202
0.863	52.92
0.804	38.015
0.837	43.247
0.784	33.62
0.788	34.065
0.846	44.491
0.845	44.188
0.756	32.483
0.855	48.603
0.854	48.31
0.786	33.974
0.752	29.36
0.795	37.45
0.744	28.474
0.826	39.291
0.825	39.028
0.806	38.222
0.844	44.019
0.839	43.806
0.784	33.62
0.825	39.028
0.824	38.823
0.74	27.98
0.752	29.36
0.796	37.508
0.846	44.491
0.829	39.777
0.828	39.601
0.845	44.188
0.804	38.015
0.78	33.151
0.827	39.448
0.826	39.291
0.789	34.219
0.828	39.601
0.827	39.448
0.862	49.523
0.854	48.31
0.83	40.199
0.79	34.652
0.837	43.247
0.777	32.694
0.745	28.987
0.788	34.065
