P=? [ F (x=9&y=9&crashed=0) ]	R{"cost"}=? [ C<=100 ]
0.641	23.254
0.864	50.001
0.864	50.001
0.641	23.254
0.654	24.146
0.729	28.295
0.758	32.916
0.654	24.146
0.796	37.511
0.729	28.295
0.836	43.289
0.828	39.704
0.753	29.632
0.79	34.601
0.853	48.028
0.846	45.131
0.779	33.018
0.731	28.833
0.746	28.837
0.645	23.955
0.846	45.131
0.79	34.601
0.801	37.704
0.853	48.028
0.839	43.441
0.861	48.987
0.643	23.541
0.804	38.374
0.855	48.437
0.836	43.289
0.81	38.431
0.828	39.704
0.818	38.576
0.81	38.431
0.784	33.929
0.821	38.609
0.861	48.987
0.855	48.437
0.863	49.455
0.753	29.632
0.845	44.545
0.758	32.916
0.788	34.035
0.844	44.116
0.803	37.949
0.748	29.024
0.73	28.34
0.783	33.443
0.863	49.455
0.841	43.878
0.824	39.043
0.845	44.545
0.827	39.67
0.826	39.28
0.818	38.576
0.824	39.043
0.75	29.398
0.842	44.111
0.841	43.878
0.645	23.955
0.748	29.024
0.821	38.609
0.78	33.266
0.787	34.028
0.803	37.949
0.751	29.447
0.751	29.447
0.75	29.398
0.783	33.443
0.782	33.303
0.825	39.181
0.788	34.035
0.746	28.837
0.779	33.018
0.826	39.28
0.825	39.181
0.787	34.028
0.784	33.929
0.804	38.374
0.73	28.34
0.827	39.67
0.782	33.303
0.781	33.282
0.781	33.282
0.78	33.266
0.844	44.116
0.842	44.111
0.731	28.833
0.641	23.254
0.864	50.001
0.654	24.146
0.729	28.295
0.846	45.131
0.79	34.601
0.853	48.028
0.836	43.289
0.828	39.704
0.81	38.431
0.758	32.916
0.863	49.455
