P=? [ F (x=9&y=9&crashed=0) ]	R{"cost"}=? [ C<=100 ]
0.648	27.073
0.881	55.096
0.881	55.096
0.648	27.073
0.738	27.731
0.666	27.681
0.871	53.171
0.863	49.457
0.83	40.07
0.835	42.812
0.754	32.322
0.753	29.734
0.852	47.542
0.847	44.958
0.792	37.041
0.791	34.853
0.81	38.527
0.776	32.493
0.761	32.345
0.861	48.833
0.822	38.62
0.657	27.164
0.863	49.457
0.658	27.407
0.871	53.171
0.879	54.419
0.872	53.447
0.879	54.419
0.872	53.447
0.809	38.255
0.665	27.521
0.855	48.245
0.761	32.345
0.805	38.09
0.845	44.216
0.847	44.958
0.862	49.066
0.778	32.769
0.844	44.015
0.747	28.937
0.841	43.868
0.795	37.439
0.794	37.16
0.75	29.072
0.789	34.258
0.855	48.245
0.802	37.796
0.801	37.608
0.804	37.925
0.823	38.78
0.745	28.381
0.741	28.084
0.852	47.542
0.825	39.178
0.797	37.582
0.785	33.679
0.846	44.682
0.854	47.975
0.853	47.568
0.751	29.465
0.88	54.811
0.752	29.684
0.741	28.084
0.826	39.417
0.746	28.735
0.781	33.251
0.838	43.433
0.78	33.099
0.828	39.591
0.786	33.882
0.79	34.564
0.784	33.506
0.84	43.691
0.791	34.853
0.79	34.564
0.744	28.336
0.88	54.811
0.788	34.096
0.846	44.682
0.739	27.811
0.78	33.099
0.829	39.798
0.854	47.975
0.84	43.691
0.838	43.433
0.744	28.336
0.824	39.031
0.837	43.214
0.836	42.968
0.837	43.214
0.751	29.465
0.788	34.096
0.786	33.882
0.829	39.798
0.746	28.735
0.739	27.811
0.783	33.5
0.828	39.591
0.782	33.326
0.826	39.417
