P=? [ F (x=9&y=9&crashed=0) ]	R{"cost"}=? [ C<=100 ]
0.846	48.17
0.671	26.48
0.846	48.17
0.671	26.48
0.842	47.276
0.838	43.724
0.833	42.537
0.728	27.525
0.822	39.156
0.702	27.13
0.697	26.82
0.74	31.113
0.736	28.153
0.815	37.819
0.798	37.28
0.833	42.537
0.762	31.981
0.757	31.316
0.822	39.156
0.745	31.289
0.78	32.919
0.774	32.073
0.795	36.962
0.794	35.662
0.731	27.858
0.816	38.008
0.782	33.661
0.838	43.724
0.792	35.176
0.728	27.525
0.697	26.82
0.845	47.862
0.835	43.105
0.845	47.862
0.815	37.819
0.798	37.28
0.784	34.227
0.789	34.985
0.702	27.13
0.7	26.9
0.837	43.42
0.835	43.105
0.793	35.6
0.782	33.661
0.736	28.153
0.74	31.113
0.787	34.598
0.784	34.227
0.818	38.371
0.787	34.598
0.778	32.585
0.734	28.07
0.818	38.371
0.836	43.409
0.821	38.857
0.778	32.585
0.783	33.949
0.742	31.152
0.759	31.551
0.783	33.949
0.777	32.41
0.776	32.133
0.788	34.709
0.745	31.289
0.759	31.551
0.761	31.923
0.76	31.706
0.734	28.07
0.7	26.9
0.792	35.176
0.789	34.985
0.819	38.561
0.775	32.131
0.797	37.099
0.777	32.41
0.76	31.706
0.82	38.712
0.819	38.561
0.757	31.316
0.821	38.857
0.82	38.712
0.742	31.152
0.797	37.099
0.796	36.974
0.788	34.709
0.774	32.073
0.735	28.149
0.794	35.662
0.793	35.6
0.761	31.923
0.741	31.115
0.796	36.974
0.795	36.962
0.836	43.409
0.735	28.149
0.776	32.133
0.741	31.115
0.846	48.17
0.822	39.156
0.838	43.724
