P=? [ F (x=9&y=9&crashed=0) ]	R{"cost"}=? [ C<=100 ]
0.872	63.692
0.705	31.354
0.872	63.692
0.705	31.354
0.734	31.751
0.863	58.966
0.851	52.441
0.862	53.928
0.87	63.067
0.863	58.966
0.846	48.38
0.782	36.247
0.764	36.236
0.755	33.824
0.83	43.808
0.843	47.688
0.745	32.766
0.817	41.53
0.805	38.742
0.745	32.766
0.786	37.356
0.817	41.53
0.805	38.742
0.834	46.063
0.796	37.396
0.759	35.57
0.783	36.518
0.87	63.067
0.853	53.058
0.859	53.343
0.756	34.125
0.837	46.618
0.837	46.618
0.846	48.38
0.834	46.063
0.8	37.758
0.756	34.125
0.825	42.881
0.859	53.343
0.821	42.323
0.759	35.57
0.796	37.396
0.762	35.812
0.763	36.044
0.862	53.928
0.845	48.261
0.825	42.881
0.821	42.323
0.871	63.552
0.803	38.534
0.802	38.054
0.853	53.058
0.835	46.344
0.786	37.356
0.8	37.758
0.845	48.261
0.835	46.344
0.827	43.251
0.826	42.985
0.82	42.248
0.819	41.992
0.818	41.781
0.829	43.558
0.801	38.004
0.762	35.812
0.819	41.992
0.818	41.781
0.804	38.559
0.828	43.425
0.827	43.251
0.871	63.552
0.829	43.558
0.828	43.425
0.826	42.985
0.82	42.248
0.802	38.054
0.801	38.004
0.804	38.559
0.803	38.534
0.782	36.247
0.764	36.236
0.872	63.692
0.705	31.354
0.863	58.966
0.745	32.766
0.817	41.53
0.805	38.742
0.87	63.067
0.837	46.618
0.846	48.38
0.834	46.063
0.756	34.125
0.859	53.343
0.759	35.57
0.796	37.396
0.786	37.356
0.782	36.247
0.862	53.928
0.825	42.881
0.853	53.058
