P=? [ F (x=9&y=9&crashed=0) ]	R{"cost"}=? [ C<=100 ]
0.783	46.025
0.854	58.872
0.783	46.025
0.854	58.872
0.853	58.503
0.847	54.407
0.805	48.324
0.822	51.587
0.821	49.572
0.817	48.85
0.825	52.039
0.853	58.503
0.847	54.407
0.828	52.586
0.79	46.117
0.842	53.6
0.838	53.413
0.8	47.348
0.799	46.798
0.817	48.85
0.805	48.324
0.803	47.983
0.802	47.46
0.804	48.231
0.83	52.809
0.791	46.179
0.794	46.226
0.833	52.91
0.846	54.044
0.821	49.572
0.82	49.215
0.837	53.119
0.846	54.044
0.845	53.771
0.819	49.119
0.818	48.867
0.824	51.788
0.803	47.983
0.796	46.51
0.795	46.288
0.838	53.413
0.798	46.734
0.797	46.572
0.845	53.771
0.844	53.636
0.829	52.674
0.837	53.119
0.836	52.988
0.824	51.788
0.823	51.658
0.833	52.91
0.83	52.809
0.82	49.215
0.819	49.119
0.79	46.117
0.829	52.674
0.823	51.658
0.822	51.587
0.801	47.418
0.8	47.348
0.799	46.798
0.798	46.734
0.797	46.572
0.796	46.51
0.795	46.288
0.794	46.226
0.791	46.179
0.802	47.46
0.801	47.418
0.834	52.946
0.835	52.974
0.834	52.946
0.843	53.619
0.844	53.636
0.843	53.619
0.818	48.867
0.836	52.988
0.835	52.974
0.854	58.872
0.783	46.025
0.853	58.503
0.847	54.407
0.817	48.85
0.805	48.324
0.821	49.572
0.846	54.044
0.803	47.983
0.838	53.413
0.845	53.771
0.837	53.119
0.833	52.91
0.83	52.809
0.82	49.215
0.819	49.119
0.79	46.117
0.829	52.674
0.823	51.658
0.822	51.587
0.8	47.348
0.799	46.798
