P=? [ F (x=9&y=9&crashed=0) ]	R{"cost"}=? [ C<=100 ]
0.85	49.369
0.669	26.407
0.85	49.369
0.669	26.407
0.836	44.246
0.749	28.958
0.825	42.446
0.821	39.078
0.697	26.81
0.773	31.808
0.674	26.749
0.754	31.538
0.795	36.8
0.736	28.189
0.794	34.531
0.72	27.728
0.757	31.79
0.836	44.246
0.72	27.728
0.709	27.71
0.802	37.473
0.775	32.516
0.736	28.189
0.814	37.706
0.791	33.294
0.745	28.615
0.781	33.219
0.794	34.531
0.793	33.465
0.835	44.107
0.701	27.15
0.745	28.615
0.754	31.538
0.701	27.15
0.821	39.078
0.797	37.097
0.801	37.244
0.78	33.101
0.833	43.56
0.705	27.668
0.825	42.446
0.756	31.778
0.778	32.882
0.818	38.373
0.817	37.885
0.778	32.882
0.697	26.81
0.705	27.668
0.671	26.487
0.819	38.682
0.818	38.373
0.82	38.771
0.706	27.705
0.816	37.758
0.828	43.032
0.827	42.748
0.829	43.179
0.833	43.56
0.796	36.846
0.673	26.732
0.814	37.706
0.802	37.473
0.671	26.487
0.831	43.373
0.829	43.179
0.831	43.373
0.827	42.748
0.826	42.58
0.828	43.032
0.801	37.244
0.797	37.097
0.673	26.732
0.826	42.58
0.832	43.429
0.793	33.465
0.792	33.335
0.817	37.885
0.82	38.771
0.819	38.682
0.781	33.219
0.674	26.749
0.832	43.429
0.796	36.846
0.792	33.335
0.815	37.723
0.757	31.79
0.815	37.723
0.706	27.705
0.669	26.407
0.85	49.369
0.836	44.246
0.72	27.728
0.794	34.531
0.701	27.15
0.821	39.078
0.745	28.615
0.825	42.446
0.778	32.882
0.697	26.81
0.705	27.668
