P=? [ F (x=9&y=9&crashed=0) ]	R{"cost"}=? [ C<=100 ]
0.854	49.104
0.612	21.868
0.854	49.104
0.65	25.693
0.613	21.877
0.843	47.809
0.838	43.911
0.65	25.693
0.613	21.877
0.822	39.207
0.833	42.679
0.729	27.57
0.696	26.745
0.707	27.397
0.674	26.364
0.795	34.806
0.772	31.812
0.798	37.569
0.796	36.941
0.655	25.851
0.814	37.718
0.671	25.953
0.757	31.339
0.833	42.679
0.822	39.207
0.736	28.24
0.755	31.318
0.746	30.248
0.74	29.264
0.755	31.318
0.746	30.248
0.85	48.189
0.844	48.1
0.707	27.397
0.777	32.641
0.838	43.911
0.777	32.641
0.843	47.809
0.7	27.081
0.743	30.12
0.741	29.445
0.78	33.27
0.736	28.24
0.696	26.745
0.789	34.344
0.775	32.036
0.851	48.507
0.757	31.339
0.816	37.75
0.837	43.566
0.834	43.021
0.837	43.566
0.834	43.021
0.851	48.507
0.74	29.264
0.788	33.963
0.781	33.389
0.655	25.851
0.729	27.57
0.674	26.364
0.732	27.951
0.82	38.876
0.651	25.708
0.785	33.656
0.797	37.218
0.78	33.27
0.82	38.876
0.817	38.076
0.699	27.068
0.7	27.081
0.673	26.268
0.672	25.965
0.741	29.445
0.788	33.963
0.786	33.67
0.792	34.447
0.797	37.218
0.796	36.941
0.819	38.615
0.818	38.34
0.733	27.965
0.785	33.656
0.781	33.389
0.818	38.34
0.817	38.076
0.814	37.718
0.819	38.615
0.733	27.965
0.732	27.951
0.699	27.068
0.743	30.12
0.774	32.017
0.794	34.638
0.773	31.979
0.651	25.708
0.794	34.638
0.793	34.499
0.775	32.036
0.786	33.67
0.792	34.447
