P=? [ F (x=9&y=9&crashed=0) ]	R{"cost"}=? [ C<=100 ]
0.837	44.234
0.625	25.95
0.625	25.95
0.837	44.234
0.825	42.477
0.818	38.168
0.738	30.756
0.737	28.251
0.725	27.232
0.627	26.136
0.793	34.738
0.704	27.165
0.693	26.538
0.649	26.189
0.673	26.534
0.669	26.219
0.794	36.52
0.649	26.189
0.761	31.766
0.773	31.895
0.727	27.541
0.748	31.304
0.816	38.007
0.825	42.477
0.807	37.945
0.831	43.286
0.757	31.338
0.733	27.873
0.776	32.57
0.802	37.857
0.818	38.168
0.701	26.887
0.775	32.032
0.73	27.862
0.698	26.834
0.74	30.903
0.745	31.159
0.796	37.006
0.835	44.006
0.735	28.201
0.807	37.945
0.698	26.834
0.827	42.942
0.784	33.69
0.782	33.403
0.791	34.708
0.795	36.643
0.787	33.939
0.693	26.538
0.834	43.659
0.827	42.942
0.782	33.403
0.798	37.341
0.796	37.006
0.826	42.807
0.784	33.69
0.746	31.271
0.779	33.123
0.778	32.811
0.79	34.426
0.788	34.201
0.745	31.159
0.74	30.903
0.78	33.153
0.832	43.307
0.786	33.929
0.739	30.79
0.835	44.006
0.834	43.659
0.703	27.106
0.833	43.44
0.758	31.342
0.801	37.716
0.8	37.513
0.778	32.811
0.777	32.626
0.73	27.862
0.76	31.638
0.759	31.47
0.671	26.385
0.725	27.232
0.703	27.106
0.801	37.716
0.627	26.136
0.735	28.201
0.8	37.513
0.799	37.378
0.826	42.807
0.833	43.44
0.773	31.895
0.761	31.766
0.759	31.47
0.817	38.04
0.76	31.638
0.671	26.385
0.798	37.341
0.795	36.643
0.794	36.52
0.79	34.426
0.789	34.306
