P=? [ F (x=9&y=9&crashed=0) ]	R{"cost"}=? [ C<=100 ]
0.773	52.086
0.645	27.32
0.645	27.32
0.773	52.086
0.7	36.146
0.725	40.616
0.72	37.575
0.758	47.795
0.769	50.57
0.758	47.795
0.747	45.506
0.742	42.749
0.672	28.852
0.699	33.521
0.677	31.4
0.769	50.57
0.749	45.891
0.684	31.856
0.771	50.832
0.69	32.149
0.755	46.222
0.668	28.085
0.72	37.575
0.742	42.749
0.757	46.71
0.649	27.419
0.728	41.143
0.655	27.424
0.67	28.633
0.672	28.852
0.735	41.668
0.747	45.506
0.705	36.395
0.69	32.149
0.71	36.449
0.659	28.005
0.725	40.616
0.741	42.424
0.738	41.879
0.677	31.4
0.663	28.008
0.712	36.722
0.697	32.94
0.704	36.227
0.669	28.207
0.732	41.155
0.694	32.413
0.663	28.008
0.682	31.605
0.718	37.083
0.649	27.419
0.678	31.404
0.716	36.81
0.771	50.832
0.739	41.887
0.657	27.506
0.719	37.21
0.698	33.278
0.755	46.222
0.74	42.134
0.658	27.718
0.717	36.813
0.727	40.879
0.694	32.413
0.757	46.71
0.756	46.459
0.74	42.134
0.699	33.521
0.698	33.278
0.756	46.459
0.734	41.489
0.733	41.254
0.727	40.879
0.726	40.66
0.696	32.722
0.696	32.722
0.695	32.506
0.658	27.718
0.748	45.684
0.682	31.605
0.678	31.404
0.655	27.424
0.734	41.489
0.748	45.684
0.683	31.679
0.711	36.546
0.719	37.21
0.733	41.254
0.711	36.546
0.695	32.506
0.716	36.81
0.712	36.722
0.657	27.506
0.704	36.227
0.7	36.146
0.683	31.679
0.71	36.449
0.705	36.395
0.726	40.66
0.732	41.155
