P=? [ F (x=9&y=9&crashed=0) ]	R{"cost"}=? [ C<=100 ]
0.772	51.553
0.635	27.074
0.635	27.074
0.772	51.553
0.757	46.815
0.743	45.866
0.699	33.096
0.742	42.722
0.702	36.115
0.725	40.347
0.757	46.815
0.72	37.545
0.675	31.447
0.672	28.672
0.645	27.278
0.636	27.222
0.749	46.13
0.731	40.998
0.662	27.893
0.668	27.946
0.651	27.434
0.725	40.347
0.735	41.508
0.735	41.508
0.704	36.336
0.72	37.545
0.677	31.686
0.75	46.318
0.651	27.434
0.709	36.362
0.727	40.638
0.739	42.315
0.69	32.282
0.755	46.417
0.682	31.82
0.656	27.548
0.684	31.999
0.658	27.692
0.672	28.672
0.662	27.893
0.733	41.103
0.739	42.315
0.694	32.338
0.688	32.028
0.67	28.086
0.727	40.638
0.74	42.335
0.689	32.037
0.713	36.987
0.675	31.447
0.715	37.012
0.703	36.122
0.756	46.445
0.702	36.115
0.683	31.842
0.671	28.437
0.657	27.559
0.733	41.103
0.698	32.818
0.743	45.866
0.741	42.596
0.712	36.759
0.711	36.502
0.671	28.437
0.712	36.759
0.658	27.692
0.719	37.344
0.676	31.492
0.697	32.662
0.696	32.478
0.719	37.344
0.718	37.174
0.698	32.818
0.697	32.662
0.682	31.82
0.677	31.686
0.669	28.074
0.742	42.722
0.741	42.596
0.696	32.478
0.695	32.354
0.717	37.146
0.716	37.032
0.656	27.548
0.71	36.476
0.755	46.417
0.75	46.318
0.694	32.338
0.69	32.282
0.636	27.222
0.668	27.946
0.676	31.492
0.688	32.028
0.684	31.999
0.756	46.445
0.718	37.174
0.717	37.146
0.709	36.362
0.711	36.502
0.704	36.336
