P=? [ F (x=9&y=9&crashed=0) ]	R{"cost"}=? [ C<=100 ]
0.615	23.364
0.814	62.254
0.615	23.364
0.814	62.254
0.797	48.882
0.809	57.161
0.682	30.881
0.62	26.563
0.651	26.6
0.709	31.025
0.813	57.74
0.78	43.453
0.675	27.633
0.759	38.759
0.783	46.631
0.658	27.589
0.767	41.815
0.617	23.516
0.618	26.288
0.797	48.882
0.809	57.161
0.759	38.759
0.681	29.309
0.746	36.984
0.777	42.864
0.767	41.815
0.792	47.747
0.788	47.58
0.679	28.556
0.751	37.017
0.772	42.666
0.68	29.114
0.676	28.115
0.72	32.03
0.735	34.44
0.678	28.142
0.719	31.636
0.733	33.679
0.718	31.412
0.653	26.864
0.709	31.025
0.744	36.255
0.724	32.602
0.729	32.81
0.811	57.568
0.655	27.05
0.793	48.02
0.722	32.529
0.757	38.426
0.756	37.964
0.739	35.285
0.736	34.636
0.74	35.459
0.713	31.218
0.784	46.77
0.81	57.428
0.736	34.636
0.713	31.218
0.731	33.034
0.739	35.285
0.716	31.258
0.795	48.338
0.783	46.631
0.727	32.701
0.752	37.114
0.794	48.248
0.778	43.181
0.754	37.652
0.657	27.551
0.726	32.671
0.785	47.041
0.652	26.68
0.734	33.988
0.77	42.351
0.787	47.356
0.744	36.255
0.655	27.05
0.732	33.4
0.757	38.426
0.787	47.356
0.785	47.041
0.756	37.964
0.754	37.652
0.753	37.342
0.734	33.988
0.795	48.338
0.721	32.314
0.732	33.4
0.778	43.181
0.741	35.728
0.619	26.301
0.771	42.412
0.769	42.16
0.768	41.92
0.716	31.258
0.657	27.551
0.746	36.984
0.753	37.342
0.721	32.314
0.743	36.044
