P=? [ F (x=9&y=9&crashed=0) ]	R{"cost"}=? [ C<=100 ]
0.627	23.317
0.795	52.08
0.627	23.317
0.795	52.08
0.686	27.355
0.655	27.051
0.793	51.816
0.788	47.772
0.76	41.435
0.785	47.375
0.692	28.671
0.78	43.704
0.758	38.548
0.646	26.464
0.646	26.464
0.711	31.047
0.711	31.047
0.692	28.671
0.737	35.126
0.745	36.908
0.78	43.704
0.69	28.074
0.764	42.105
0.771	42.712
0.769	42.388
0.776	42.829
0.785	47.375
0.735	34.145
0.793	51.816
0.75	36.936
0.779	43.151
0.69	28.074
0.74	35.426
0.686	27.355
0.788	47.772
0.763	41.739
0.738	35.159
0.744	36.279
0.734	34.062
0.717	31.247
0.647	26.653
0.731	33.14
0.715	31.218
0.776	42.829
0.719	31.658
0.769	42.388
0.724	32.609
0.652	26.825
0.654	27.038
0.733	33.703
0.731	33.14
0.729	32.787
0.732	33.488
0.65	26.823
0.65	26.823
0.757	38.309
0.756	37.972
0.779	43.151
0.721	32.093
0.72	31.771
0.787	47.681
0.763	41.739
0.729	32.787
0.728	32.655
0.753	37.255
0.744	36.279
0.743	35.978
0.756	37.972
0.755	37.679
0.755	37.679
0.754	37.386
0.771	42.712
0.753	37.255
0.751	36.967
0.714	31.11
0.764	42.105
0.722	32.359
0.721	32.093
0.787	47.681
0.735	34.145
0.718	31.487
0.757	38.309
0.733	33.703
0.732	33.488
0.741	35.638
0.726	32.615
0.723	32.568
0.722	32.359
0.751	36.967
0.653	26.857
0.743	35.978
0.742	35.798
0.713	31.102
0.726	32.615
0.718	31.487
0.647	26.653
0.742	35.798
0.741	35.638
0.754	37.386
0.72	31.771
