P=? [ F (x=9&y=9&crashed=0) ]	R{"cost"}=? [ C<=100 ]
0.838	68.132
0.646	27.781
0.838	68.132
0.709	32.302
0.665	32.229
0.66	32.205
0.803	52.052
0.837	63.09
0.834	62.705
0.797	48.522
0.818	57.111
0.829	57.935
0.782	47.344
0.728	36.61
0.736	37.506
0.754	37.71
0.813	53.283
0.714	32.989
0.781	43.906
0.761	41.945
0.759	38.742
0.714	32.989
0.66	32.205
0.728	36.61
0.732	36.625
0.824	57.245
0.765	42.261
0.829	57.935
0.734	36.952
0.813	53.283
0.834	62.705
0.786	47.373
0.818	57.111
0.769	42.402
0.711	32.528
0.665	32.229
0.809	52.63
0.713	32.609
0.791	47.662
0.805	52.508
0.788	47.641
0.757	38.239
0.804	52.344
0.828	57.652
0.776	43.048
0.779	43.377
0.77	42.732
0.773	43.036
0.787	47.594
0.759	38.742
0.756	38.041
0.771	42.733
0.825	57.434
0.761	41.945
0.793	47.978
0.735	37.327
0.778	43.358
0.78	43.731
0.827	57.514
0.809	52.63
0.763	42.24
0.836	62.969
0.811	52.899
0.755	37.999
0.795	48.273
0.794	47.992
0.811	52.899
0.836	62.969
0.812	53.019
0.758	38.501
0.758	38.501
0.754	37.71
0.772	42.93
0.735	37.327
0.777	43.225
0.781	43.906
0.78	43.731
0.762	42.118
0.792	47.825
0.792	47.825
0.769	42.402
0.824	57.245
0.796	48.406
0.795	48.273
0.777	43.225
0.805	52.508
0.762	42.118
0.837	63.09
0.812	53.019
0.796	48.406
0.772	42.93
0.827	57.514
0.825	57.434
0.755	37.999
0.763	42.24
0.794	47.992
0.776	43.048
0.773	43.036
0.66	32.205
0.728	36.61
