P=? [ F (x=9&y=9&crashed=0) ]	R{"cost"}=? [ C<=100 ]
0.619	26.685
0.797	48.531
0.797	48.531
0.619	26.685
0.784	46.666
0.781	43.849
0.653	28.5
0.709	31.038
0.768	41.759
0.65	26.976
0.631	26.736
0.692	30.909
0.759	39.555
0.672	29.216
0.759	39.555
0.652	27.012
0.672	29.216
0.68	30.634
0.692	30.909
0.631	26.736
0.681	30.653
0.768	41.759
0.735	34.457
0.775	42.526
0.621	26.711
0.751	37.074
0.743	35.984
0.743	35.984
0.665	28.645
0.758	38.524
0.736	35.137
0.68	30.634
0.751	37.074
0.665	28.645
0.66	28.587
0.727	32.773
0.724	32.628
0.73	32.807
0.781	43.849
0.739	35.276
0.711	31.074
0.66	28.587
0.752	37.079
0.72	32.052
0.718	31.508
0.791	47.325
0.721	32.091
0.794	47.576
0.784	46.666
0.78	43.339
0.796	48.022
0.787	47.067
0.717	31.25
0.771	42.154
0.792	47.498
0.776	42.834
0.778	43.035
0.779	43.156
0.732	33.578
0.731	33.165
0.734	34.056
0.74	35.519
0.714	31.225
0.724	32.628
0.758	38.524
0.757	38.134
0.718	31.508
0.756	37.943
0.755	37.57
0.771	42.154
0.65	26.976
0.741	35.55
0.731	33.165
0.734	34.056
0.733	33.743
0.754	37.39
0.754	37.39
0.721	32.091
0.714	31.225
0.786	46.931
0.77	42.022
0.786	46.931
0.791	47.325
0.787	47.067
0.796	48.022
0.681	30.653
0.795	47.766
0.77	42.022
0.742	35.758
0.742	35.758
0.757	38.134
0.756	37.943
0.795	47.766
0.777	42.848
0.78	43.339
0.755	37.57
0.733	33.743
0.732	33.578
0.72	32.052
0.621	26.711
