P=? [ F (x=9&y=9&crashed=0) ]	R{"cost"}=? [ C<=100 ]
0.789	47.931
0.618	26.311
0.789	47.931
0.784	46.87
0.646	26.484
0.767	41.748
0.758	38.354
0.78	43.552
0.693	31.016
0.679	30.598
0.709	31.051
0.666	28.73
0.666	28.73
0.657	27.771
0.691	30.725
0.679	30.598
0.767	41.748
0.758	38.354
0.681	30.683
0.664	28.005
0.751	36.854
0.744	36.183
0.738	35.139
0.779	43.297
0.72	32.309
0.718	31.429
0.776	42.658
0.647	26.808
0.751	36.854
0.744	36.183
0.653	26.873
0.732	33.558
0.785	47.135
0.78	43.552
0.655	27.265
0.726	32.612
0.736	34.532
0.772	42.593
0.733	33.577
0.721	32.33
0.655	27.265
0.735	34.513
0.734	33.995
0.731	33.04
0.77	42.382
0.752	37.175
0.665	28.452
0.755	37.776
0.716	31.248
0.753	37.179
0.734	33.995
0.726	32.612
0.777	42.92
0.768	41.969
0.769	42.005
0.777	42.92
0.741	35.712
0.74	35.52
0.739	35.17
0.73	33.023
0.757	38.135
0.756	37.806
0.754	37.488
0.717	31.427
0.714	31.237
0.711	31.074
0.754	37.488
0.652	26.852
0.721	32.33
0.665	28.452
0.711	31.074
0.743	35.918
0.65	26.84
0.714	31.237
0.786	47.385
0.664	28.005
0.728	32.72
0.757	38.135
0.77	42.382
0.788	47.72
0.729	32.823
0.74	35.52
0.772	42.593
0.788	47.72
0.787	47.544
0.646	26.484
0.681	30.683
0.709	31.051
0.693	31.016
0.787	47.544
0.786	47.385
0.65	26.84
0.743	35.918
0.742	35.769
0.72	32.309
0.736	34.532
0.718	31.429
0.728	32.72
0.729	32.823
0.742	35.769
