P=? [ F (x=9&y=9&crashed=0) ]	R{"cost"}=? [ C<=100 ]
0.872	53.935
0.605	23.68
0.872	53.935
0.605	23.68
0.652	27.651
0.871	53.779
0.863	49.064
0.646	25.889
0.83	43.143
0.687	27.765
0.849	48.373
0.848	44.849
0.829	39.804
0.766	32.546
0.74	32.425
0.799	37.513
0.706	29.65
0.646	25.889
0.771	33.517
0.791	37.414
0.788	35.315
0.725	31.191
0.821	38.686
0.738	32.402
0.69	28.239
0.852	48.857
0.719	30.182
0.808	38.268
0.738	32.402
0.65	26.328
0.84	43.452
0.699	28.598
0.725	31.191
0.781	33.972
0.861	48.883
0.871	53.779
0.792	37.484
0.863	49.064
0.807	38.263
0.807	38.263
0.769	33.029
0.828	39.566
0.769	33.029
0.825	39.227
0.69	28.239
0.783	34.361
0.851	48.524
0.721	30.599
0.719	30.182
0.821	38.686
0.72	30.189
0.782	34.135
0.699	28.598
0.701	28.954
0.781	33.972
0.823	38.894
0.788	35.315
0.703	29.123
0.84	43.452
0.808	38.268
0.844	44.176
0.784	34.592
0.785	34.64
0.845	44.248
0.766	32.546
0.687	27.765
0.705	29.436
0.824	38.907
0.724	30.871
0.705	29.436
0.83	43.143
0.842	43.751
0.842	43.751
0.791	37.414
0.703	29.123
0.701	28.954
0.826	39.389
0.85	48.407
0.65	26.328
0.649	26.179
0.829	39.804
0.843	43.946
0.722	30.616
0.786	34.869
0.787	35.097
0.786	34.869
0.652	27.651
0.647	26.0
0.847	44.656
0.846	44.432
0.787	35.097
0.843	43.946
0.848	44.849
0.847	44.656
0.846	44.432
0.649	26.179
0.647	26.0
0.826	39.389
0.724	30.871
0.723	30.715
