P=? [ F (x=9&y=9&crashed=0) ]	R{"cost"}=? [ C<=100 ]
0.861	49.446
0.649	25.79
0.649	25.79
0.861	49.446
0.855	48.297
0.829	42.935
0.844	43.903
0.748	30.31
0.826	39.364
0.744	29.453
0.795	36.997
0.72	28.711
0.786	34.803
0.726	29.338
0.683	26.07
0.667	26.015
0.803	37.993
0.704	28.633
0.76	32.046
0.651	25.957
0.817	38.03
0.666	25.975
0.844	43.903
0.76	32.046
0.725	29.299
0.786	34.803
0.838	43.042
0.86	48.932
0.795	36.997
0.688	27.006
0.694	28.299
0.858	48.601
0.785	34.612
0.8	37.44
0.689	27.695
0.783	34.028
0.688	27.006
0.686	26.4
0.745	29.8
0.857	48.436
0.72	28.711
0.745	29.8
0.692	28.123
0.699	28.477
0.769	32.706
0.703	28.543
0.776	33.306
0.826	39.364
0.802	37.734
0.7	28.535
0.773	33.137
0.784	34.217
0.842	43.449
0.768	32.496
0.822	38.664
0.781	33.775
0.78	33.546
0.84	43.224
0.82	38.213
0.829	42.935
0.771	33.088
0.766	32.398
0.825	39.181
0.824	38.878
0.685	26.21
0.686	26.4
0.69	27.741
0.778	33.361
0.693	28.278
0.762	32.199
0.843	43.719
0.775	33.152
0.761	32.053
0.765	32.252
0.801	37.701
0.781	33.775
0.691	27.882
0.821	38.436
0.841	43.448
0.821	38.436
0.838	43.042
0.767	32.444
0.77	32.88
0.798	37.235
0.784	34.217
0.798	37.235
0.797	37.161
0.78	33.546
0.843	43.719
0.825	39.181
0.84	43.224
0.824	38.878
0.823	38.697
0.699	28.477
0.77	32.88
0.778	33.361
0.797	37.161
0.82	38.213
0.818	38.064
0.818	38.064
