P=? [ F (x=9&y=9&crashed=0) ]	R{"cost"}=? [ C<=100 ]
0.649	25.808
0.862	48.84
0.649	25.808
0.828	39.579
0.847	44.641
0.839	43.32
0.789	37.247
0.746	32.421
0.787	35.106
0.766	32.696
0.725	31.508
0.847	44.641
0.666	25.991
0.667	26.043
0.651	25.962
0.683	26.094
0.806	38.482
0.739	32.153
0.684	26.133
0.819	38.518
0.722	30.572
0.839	43.32
0.711	29.547
0.722	30.572
0.711	29.547
0.691	27.984
0.724	30.92
0.739	32.153
0.774	33.685
0.688	26.984
0.795	37.789
0.802	37.95
0.705	28.942
0.69	27.185
0.785	34.419
0.699	28.766
0.781	33.802
0.725	31.508
0.842	43.738
0.803	38.148
0.794	37.589
0.805	38.294
0.742	32.178
0.787	35.106
0.771	33.078
0.841	43.531
0.792	37.269
0.768	32.744
0.843	44.032
0.827	39.458
0.706	28.951
0.821	38.538
0.766	32.696
0.746	32.421
0.692	27.99
0.784	34.051
0.786	34.74
0.708	29.128
0.783	33.825
0.688	26.984
0.786	34.74
0.84	43.385
0.823	38.591
0.695	28.336
0.694	28.144
0.77	32.916
0.844	44.037
0.744	32.244
0.769	32.894
0.698	28.609
0.696	28.342
0.698	28.609
0.826	39.28
0.825	39.025
0.793	37.337
0.709	29.355
0.784	34.051
0.825	39.025
0.824	38.799
0.781	33.802
0.846	44.416
0.773	33.477
0.824	38.799
0.846	44.416
0.845	44.212
0.772	33.278
0.773	33.477
0.772	33.278
0.69	27.185
0.689	26.99
0.723	30.729
0.71	29.538
0.709	29.355
0.826	39.28
0.708	29.128
0.699	28.766
0.845	44.212
0.744	32.244
0.802	37.95
0.795	37.789
