P=? [ F (x=9&y=9&crashed=0) ]	R{"cost"}=? [ C<=100 ]
0.7	32.01
0.863	49.653
0.7	32.01
0.863	49.653
0.836	43.547
0.849	48.5
0.846	44.578
0.829	39.879
0.771	36.694
0.723	32.616
0.747	32.649
0.761	34.33
0.718	32.172
0.702	32.048
0.796	38.193
0.805	38.238
0.771	36.694
0.814	38.503
0.761	34.33
0.852	48.999
0.78	36.863
0.829	39.879
0.843	44.109
0.849	48.5
0.844	44.201
0.827	39.752
0.807	38.259
0.841	43.7
0.755	33.244
0.858	49.032
0.846	44.578
0.718	32.172
0.787	37.191
0.783	37.076
0.823	39.001
0.723	32.616
0.826	39.411
0.756	33.665
0.824	39.275
0.76	34.179
0.758	33.816
0.807	38.259
0.861	49.523
0.751	33.054
0.749	32.71
0.86	49.179
0.838	43.691
0.795	37.852
0.823	39.001
0.82	38.686
0.791	37.439
0.782	36.877
0.78	36.863
0.76	34.179
0.852	48.999
0.758	33.816
0.702	32.048
0.791	37.439
0.789	37.208
0.816	38.533
0.82	38.686
0.792	37.644
0.753	33.139
0.749	32.71
0.819	38.681
0.818	38.648
0.757	33.677
0.816	38.533
0.826	39.411
0.824	39.275
0.837	43.564
0.751	33.054
0.841	43.7
0.789	37.208
0.818	38.648
0.783	37.076
0.793	37.742
0.792	37.644
0.86	49.179
0.859	49.089
0.754	33.159
0.794	37.823
0.793	37.742
0.752	33.064
0.862	49.58
0.859	49.089
0.862	49.58
0.861	49.523
0.748	32.662
0.796	38.193
0.747	32.649
0.858	49.032
0.795	37.852
0.794	37.823
0.754	33.159
0.837	43.564
0.782	36.877
0.748	32.662
0.757	33.677
0.756	33.665
