P=? [ F (x=9&y=9&crashed=0) ]	R{"cost"}=? [ C<=100 ]
0.604	23.684
0.863	49.716
0.863	49.716
0.604	23.684
0.649	25.799
0.846	48.261
0.83	43.54
0.767	32.443
0.829	39.959
0.844	44.834
0.734	28.686
0.709	28.04
0.691	27.792
0.717	28.594
0.798	37.216
0.787	35.068
0.748	30.46
0.748	30.46
0.805	38.253
0.666	25.957
0.683	26.055
0.86	49.243
0.667	25.971
0.819	38.465
0.798	37.216
0.787	35.068
0.846	48.261
0.734	28.686
0.744	29.576
0.86	49.243
0.689	27.692
0.709	28.04
0.838	43.696
0.771	33.324
0.744	29.576
0.688	26.819
0.717	28.594
0.861	49.48
0.822	38.705
0.746	30.21
0.777	33.404
0.825	39.191
0.77	32.925
0.745	29.664
0.783	34.05
0.786	34.97
0.827	39.74
0.844	44.834
0.778	33.52
0.824	38.923
0.784	34.407
0.826	39.388
0.8	37.652
0.686	26.384
0.687	26.731
0.769	32.871
0.781	33.821
0.78	33.585
0.821	38.469
0.843	44.499
0.819	38.465
0.785	34.715
0.784	34.407
0.803	37.991
0.785	34.715
0.746	30.21
0.768	32.681
0.799	37.42
0.783	34.05
0.781	33.821
0.685	26.282
0.829	39.959
0.827	39.74
0.824	38.923
0.803	37.991
0.802	37.874
0.801	37.668
0.799	37.42
0.685	26.282
0.843	44.499
0.839	43.898
0.842	44.297
0.826	39.388
0.768	32.681
0.683	26.055
0.84	44.069
0.839	43.898
0.838	43.696
0.83	43.54
0.842	44.297
0.841	44.156
0.802	37.874
0.686	26.384
0.689	27.692
0.745	29.664
0.688	26.819
0.687	26.731
0.841	44.156
0.84	44.069
0.667	25.971
