P=? [ F (x=9&y=9&crashed=0) ]	R{"cost"}=? [ C<=100 ]
0.649	25.782
0.842	44.384
0.649	25.782
0.835	43.27
0.826	39.502
0.76	32.251
0.743	29.606
0.723	27.964
0.697	27.955
0.79	36.962
0.785	34.795
0.743	29.606
0.802	37.986
0.651	25.965
0.683	26.062
0.76	32.251
0.667	26.004
0.818	38.096
0.667	26.004
0.689	27.614
0.826	39.502
0.792	37.364
0.731	28.573
0.687	26.747
0.835	43.27
0.739	28.868
0.742	29.179
0.785	34.795
0.772	33.487
0.692	27.814
0.791	36.978
0.731	28.573
0.798	37.402
0.763	32.253
0.78	33.534
0.776	33.518
0.79	36.962
0.697	27.955
0.769	32.851
0.767	32.462
0.764	32.439
0.838	43.569
0.784	34.56
0.783	34.213
0.728	28.325
0.727	28.171
0.686	26.607
0.685	26.261
0.801	37.647
0.8	37.407
0.724	28.106
0.692	27.814
0.771	33.171
0.841	44.147
0.84	43.831
0.74	28.908
0.689	27.614
0.684	26.074
0.771	33.171
0.77	32.876
0.739	28.868
0.823	38.824
0.822	38.533
0.781	33.783
0.728	28.325
0.825	39.263
0.824	39.015
0.801	37.647
0.825	39.263
0.84	43.831
0.839	43.594
0.837	43.332
0.841	44.147
0.687	26.747
0.784	34.56
0.783	34.213
0.782	33.982
0.821	38.392
0.82	38.166
0.777	33.529
0.782	33.982
0.781	33.783
0.824	39.015
0.823	38.824
0.685	26.261
0.819	38.138
0.741	29.074
0.822	38.533
0.821	38.392
0.686	26.607
0.651	25.965
0.798	37.402
0.769	32.851
0.767	32.462
0.766	32.447
0.818	38.096
0.802	37.986
0.741	29.074
0.727	28.171
0.724	28.106
