P=? [ F (x=9&y=9&crashed=0) ]	R{"cost"}=? [ C<=100 ]
0.802	59.295
0.658	33.083
0.802	59.295
0.658	33.083
0.795	52.888
0.787	48.648
0.794	52.797
0.692	36.634
0.676	33.757
0.659	33.146
0.678	33.851
0.764	46.684
0.758	44.16
0.692	36.634
0.678	33.851
0.724	40.964
0.784	47.806
0.773	47.44
0.721	39.6
0.721	39.6
0.705	36.86
0.75	42.767
0.701	36.764
0.743	42.755
0.718	38.298
0.758	44.16
0.795	52.888
0.708	37.293
0.771	47.028
0.73	41.162
0.735	41.365
0.765	46.721
0.764	46.684
0.713	37.447
0.718	38.298
0.73	41.162
0.717	37.728
0.755	43.252
0.75	42.767
0.785	48.019
0.701	36.764
0.659	33.146
0.724	40.964
0.757	43.797
0.756	43.271
0.708	37.293
0.755	43.252
0.715	37.662
0.742	42.544
0.784	47.806
0.773	47.44
0.757	43.797
0.736	41.702
0.713	37.447
0.786	48.319
0.739	42.184
0.738	41.864
0.771	47.028
0.765	46.721
0.74	42.303
0.786	48.319
0.715	37.662
0.742	42.544
0.74	42.303
0.772	47.244
0.735	41.365
0.772	47.244
0.739	42.184
0.737	41.785
0.736	41.702
0.738	41.864
0.737	41.785
0.717	37.728
0.756	43.271
0.743	42.755
0.802	59.295
0.658	33.083
0.721	39.6
0.795	52.888
0.764	46.684
0.718	38.298
0.73	41.162
0.75	42.767
0.755	43.252
0.659	33.146
0.757	43.797
0.784	47.806
0.773	47.44
0.713	37.447
0.771	47.028
0.765	46.721
0.786	48.319
0.742	42.544
0.74	42.303
0.735	41.365
0.772	47.244
0.739	42.184
0.678	33.851
0.736	41.702
0.738	41.864
