P=? [ F (x=9&y=9&crashed=0) ]	R{"cost"}=? [ C<=100 ]
0.777	47.98
0.593	28.137
0.777	47.98
0.593	28.137
0.598	31.575
0.762	43.399
0.766	47.113
0.74	38.954
0.743	41.648
0.636	32.285
0.677	33.518
0.654	32.386
0.657	32.677
0.616	31.695
0.633	31.774
0.614	31.614
0.672	32.79
0.747	42.411
0.692	33.634
0.721	37.259
0.702	36.454
0.7	34.951
0.709	37.216
0.776	47.55
0.767	47.357
0.759	43.162
0.744	42.375
0.743	41.648
0.756	42.756
0.676	33.215
0.635	31.961
0.766	47.113
0.762	43.399
0.729	37.995
0.655	32.557
0.598	31.575
0.695	34.069
0.757	42.769
0.674	32.942
0.724	37.669
0.756	42.756
0.706	36.733
0.697	34.302
0.698	34.617
0.722	37.458
0.7	34.951
0.694	33.77
0.634	31.78
0.732	38.18
0.738	38.75
0.737	38.474
0.674	32.942
0.703	36.589
0.702	36.454
0.732	38.18
0.707	36.955
0.672	32.79
0.728	37.968
0.727	37.758
0.723	37.459
0.737	38.474
0.736	38.276
0.776	47.55
0.767	47.357
0.699	34.759
0.708	37.034
0.739	38.782
0.697	34.302
0.696	34.132
0.734	38.206
0.699	34.759
0.698	34.617
0.706	36.733
0.704	36.597
0.757	42.769
0.692	33.634
0.704	36.597
0.694	33.77
0.693	33.663
0.654	32.386
0.636	32.285
0.633	31.774
0.708	37.034
0.707	36.955
0.616	31.695
0.696	34.132
0.735	38.266
0.615	31.667
0.709	37.216
0.725	37.711
0.614	31.614
0.744	42.375
0.739	38.782
0.738	38.75
0.727	37.758
0.726	37.729
0.693	33.663
0.615	31.667
0.728	37.968
0.734	38.206
