P=? [ F (x=9&y=9&crashed=0) ]	R{"cost"}=? [ C<=100 ]
0.814	59.039
0.662	30.049
0.814	59.039
0.798	54.824
0.69	33.772
0.797	50.972
0.76	43.765
0.813	55.877
0.688	31.041
0.67	30.501
0.685	30.786
0.72	34.725
0.81	54.974
0.785	48.397
0.73	38.162
0.709	34.344
0.759	41.826
0.706	33.818
0.729	36.275
0.769	43.872
0.74	39.154
0.67	30.501
0.782	46.787
0.699	33.791
0.746	39.181
0.699	33.791
0.727	35.625
0.782	46.787
0.723	35.41
0.686	30.927
0.812	55.742
0.788	48.998
0.749	39.604
0.778	45.515
0.721	35.011
0.75	39.911
0.779	45.633
0.777	45.196
0.787	48.699
0.772	44.256
0.751	40.02
0.771	44.175
0.748	39.472
0.736	38.939
0.737	39.068
0.781	46.289
0.747	39.269
0.811	55.434
0.755	40.749
0.754	40.332
0.757	41.17
0.756	40.761
0.759	41.826
0.758	41.421
0.792	50.039
0.791	49.635
0.728	36.02
0.709	34.344
0.796	50.683
0.795	50.307
0.708	34.18
0.781	46.289
0.78	45.928
0.708	34.18
0.734	38.598
0.733	38.263
0.791	49.635
0.79	49.321
0.811	55.434
0.78	45.928
0.773	44.547
0.796	50.683
0.685	30.786
0.77	43.909
0.722	35.152
0.753	40.291
0.729	36.275
0.728	36.02
0.775	44.901
0.774	44.649
0.758	41.421
0.757	41.17
0.752	40.265
0.776	45.13
0.775	44.901
0.786	48.617
0.732	38.235
0.727	35.625
0.723	35.41
0.793	50.231
0.792	50.039
0.735	38.747
0.79	49.321
0.789	49.138
0.81	54.974
0.798	54.824
0.735	38.747
0.734	38.598
0.722	35.152
0.789	49.138
