P=? [ F (x=9&y=9&crashed=0) ]	R{"cost"}=? [ C<=100 ]
0.804	55.51
0.67	30.404
0.804	55.51
0.67	30.404
0.689	33.413
0.798	51.482
0.689	33.413
0.733	38.328
0.788	49.429
0.784	47.006
0.761	43.862
0.76	41.849
0.73	36.343
0.699	33.58
0.718	35.026
0.771	44.562
0.742	39.733
0.798	51.482
0.707	33.942
0.764	44.323
0.748	39.835
0.714	34.866
0.709	34.407
0.791	49.876
0.784	47.006
0.701	33.786
0.73	36.343
0.752	40.118
0.758	41.306
0.708	34.016
0.781	45.936
0.734	38.417
0.78	45.872
0.795	50.418
0.788	49.429
0.755	40.478
0.774	44.879
0.726	35.581
0.723	35.441
0.779	45.514
0.739	39.111
0.713	34.618
0.735	38.757
0.793	50.093
0.797	50.971
0.762	43.969
0.712	34.519
0.773	44.611
0.76	41.849
0.759	41.429
0.796	50.833
0.793	50.093
0.783	46.61
0.7	33.777
0.777	45.323
0.753	40.169
0.79	49.493
0.721	35.357
0.782	46.311
0.729	35.972
0.757	40.953
0.721	35.357
0.795	50.418
0.727	35.897
0.783	46.61
0.782	46.311
0.757	40.953
0.756	40.685
0.728	35.911
0.741	39.472
0.789	49.447
0.75	39.875
0.764	44.323
0.772	44.606
0.725	35.536
0.75	39.875
0.737	38.929
0.756	40.685
0.776	45.121
0.763	44.169
0.74	39.308
0.779	45.514
0.777	45.323
0.737	38.929
0.735	38.757
0.699	33.58
0.741	39.472
0.74	39.308
0.754	40.315
0.738	38.953
0.701	33.786
0.763	44.169
0.776	45.121
0.754	40.315
0.775	44.975
0.797	50.971
0.796	50.833
0.759	41.429
0.712	34.519
0.761	43.862
