P=? [ F (x=9&y=9&crashed=0) ]	R{"cost"}=? [ C<=100 ]
0.696	35.038
0.845	71.432
0.845	71.432
0.696	35.038
0.837	65.642
0.838	66.089
0.72	38.554
0.83	61.079
0.819	60.188
0.814	55.951
0.751	43.32
0.805	54.321
0.72	38.554
0.705	35.124
0.705	35.124
0.75	40.783
0.782	49.251
0.799	52.066
0.735	38.983
0.799	52.066
0.829	60.57
0.821	60.559
0.747	40.206
0.757	43.39
0.83	61.079
0.777	48.641
0.838	66.089
0.775	46.931
0.728	38.747
0.798	50.749
0.814	55.951
0.726	38.609
0.813	55.448
0.819	60.188
0.788	49.705
0.807	55.058
0.702	35.052
0.811	55.082
0.773	45.65
0.79	50.224
0.766	44.635
0.744	39.942
0.742	39.556
0.793	50.287
0.775	46.931
0.779	48.733
0.774	46.32
0.763	44.142
0.739	39.416
0.774	46.32
0.766	44.635
0.769	44.995
0.75	40.783
0.806	54.525
0.737	39.261
0.796	50.696
0.761	44.068
0.744	39.942
0.728	38.747
0.771	45.552
0.77	45.094
0.788	49.705
0.789	49.771
0.78	48.847
0.737	39.261
0.764	44.248
0.742	39.556
0.739	39.416
0.794	50.349
0.759	43.672
0.769	44.995
0.78	48.847
0.764	44.248
0.772	45.59
0.777	48.641
0.726	38.609
0.704	35.075
0.759	43.672
0.795	50.424
0.811	55.082
0.76	43.801
0.702	35.052
0.821	60.559
0.806	54.525
0.76	43.801
0.77	45.094
0.795	50.424
0.761	44.068
0.789	49.771
0.79	50.224
0.798	50.749
0.796	50.696
0.771	45.552
0.807	55.058
0.704	35.075
0.829	60.57
0.696	35.038
0.845	71.432
0.72	38.554
0.83	61.079
