P=? [ F (x=9&y=9&crashed=0) ]	R{"cost"}=? [ C<=100 ]
0.858	43.247
0.639	25.247
0.639	25.247
0.858	43.247
0.828	37.543
0.827	33.976
0.855	42.457
0.853	39.101
0.764	31.181
0.794	31.527
0.664	26.279
0.664	26.279
0.641	25.445
0.708	27.051
0.754	29.387
0.692	26.839
0.727	27.114
0.846	37.965
0.681	26.303
0.708	27.051
0.832	37.754
0.687	26.576
0.744	29.232
0.758	30.54
0.795	31.607
0.809	31.677
0.738	27.733
0.753	29.348
0.855	42.457
0.739	28.594
0.641	25.445
0.853	39.101
0.85	38.359
0.742	28.645
0.692	26.839
0.832	37.754
0.814	32.322
0.826	33.966
0.817	32.758
0.814	32.322
0.817	32.758
0.764	31.181
0.82	33.031
0.813	32.035
0.736	27.726
0.733	27.439
0.824	33.704
0.818	33.022
0.794	31.527
0.81	31.689
0.812	32.033
0.682	26.318
0.821	33.374
0.849	38.33
0.847	38.019
0.761	30.858
0.759	30.549
0.762	30.878
0.823	33.425
0.73	27.39
0.728	27.127
0.824	33.704
0.682	26.318
0.758	30.54
0.828	37.543
0.744	29.232
0.85	38.359
0.64	25.432
0.733	27.439
0.736	27.726
0.847	38.019
0.74	28.636
0.731	27.432
0.73	27.39
0.849	38.33
0.762	30.878
0.761	30.858
0.728	27.127
0.81	31.689
0.742	28.645
0.759	30.549
0.812	32.033
0.809	31.677
0.795	31.607
0.727	27.114
0.739	28.594
0.823	33.425
0.822	33.388
0.681	26.303
0.822	33.388
0.821	33.374
0.64	25.432
0.827	33.976
0.82	33.031
0.74	28.636
0.818	33.022
0.738	27.733
0.731	27.432
0.639	25.247
0.858	43.247
