P=? [ F (x=9&y=9&crashed=0) ]	R{"cost"}=? [ C<=100 ]
0.684	25.763
0.863	44.542
0.863	44.542
0.684	25.763
0.765	27.693
0.794	31.408
0.83	34.641
0.855	42.861
0.854	39.616
0.845	37.726
0.765	27.693
0.794	31.408
0.687	26.92
0.708	27.013
0.728	27.124
0.747	27.664
0.809	31.437
0.711	27.069
0.845	37.726
0.733	27.426
0.746	27.572
0.685	26.709
0.861	44.17
0.859	43.411
0.852	39.234
0.85	38.516
0.828	34.444
0.733	27.426
0.852	39.234
0.85	38.516
0.848	38.137
0.861	44.17
0.728	27.124
0.859	43.411
0.857	43.042
0.854	39.616
0.825	33.792
0.822	33.583
0.821	33.248
0.846	37.95
0.81	31.738
0.82	33.231
0.818	32.935
0.815	32.518
0.814	32.224
0.848	38.137
0.857	43.042
0.826	34.068
0.818	32.935
0.813	32.154
0.812	31.92
0.817	32.796
0.816	32.576
0.685	26.709
0.827	34.243
0.687	26.92
0.846	37.95
0.855	42.861
0.827	34.243
0.826	34.068
0.823	33.645
0.711	27.069
0.825	33.792
0.823	33.645
0.746	27.572
0.817	32.796
0.811	31.862
0.81	31.738
0.82	33.231
0.709	27.029
0.708	27.013
0.814	32.224
0.813	32.154
0.822	33.583
0.811	31.862
0.816	32.576
0.815	32.518
0.812	31.92
0.709	27.029
0.809	31.437
0.747	27.664
0.821	33.248
0.765	27.693
0.794	31.408
0.845	37.726
0.733	27.426
0.852	39.234
0.85	38.516
0.861	44.17
0.728	27.124
0.859	43.411
0.854	39.616
0.848	38.137
0.857	43.042
0.818	32.935
0.685	26.709
0.687	26.92
0.846	37.95
0.855	42.861
0.827	34.243
