P=? [ F (x=9&y=9&crashed=0) ]	R{"cost"}=? [ C<=100 ]
0.81	49.768
0.702	28.898
0.702	28.898
0.81	49.768
0.807	49.496
0.781	42.952
0.762	37.718
0.712	33.309
0.795	44.077
0.757	34.471
0.78	38.549
0.707	29.566
0.792	43.69
0.776	38.057
0.795	44.077
0.726	33.446
0.738	33.453
0.723	33.388
0.741	33.619
0.751	34.011
0.762	37.718
0.707	29.566
0.712	33.309
0.781	42.952
0.74	33.497
0.704	28.914
0.778	38.085
0.776	38.057
0.706	29.26
0.725	33.394
0.751	34.011
0.741	33.619
0.756	34.082
0.706	29.26
0.779	38.427
0.794	43.737
0.723	33.388
0.809	49.519
0.755	34.052
0.704	28.914
0.753	34.034
0.738	33.453
0.78	38.549
0.779	38.427
0.756	34.082
0.778	38.085
0.794	43.737
0.793	43.712
0.793	43.712
0.755	34.052
0.753	34.034
0.808	49.512
0.752	34.018
0.726	33.446
0.809	49.519
0.752	34.018
0.808	49.512
0.81	49.768
0.702	28.898
0.795	44.077
0.762	37.718
0.712	33.309
0.781	42.952
0.776	38.057
0.751	34.011
0.741	33.619
0.706	29.26
0.723	33.388
0.704	28.914
0.78	38.549
0.779	38.427
0.778	38.085
0.794	43.737
0.793	43.712
0.753	34.034
0.726	33.446
0.809	49.519
0.752	34.018
0.808	49.512
0.702	28.898
0.81	49.768
0.795	44.077
0.706	29.26
0.762	37.718
0.712	33.309
0.781	42.952
0.751	34.011
0.741	33.619
0.723	33.388
0.704	28.914
0.78	38.549
0.779	38.427
0.726	33.446
0.778	38.085
0.794	43.737
0.793	43.712
0.753	34.034
0.809	49.519
0.752	34.018
0.808	49.512
