P=? [ F (x=9&y=9&crashed=0) ]	R{"cost"}=? [ C<=100 ]
0.582	26.325
0.803	44.905
0.582	26.325
0.601	27.637
0.665	28.417
0.792	43.955
0.783	39.011
0.712	32.702
0.77	37.481
0.71	30.043
0.759	34.67
0.703	28.988
0.752	33.491
0.724	33.195
0.676	28.933
0.587	26.617
0.597	26.901
0.665	28.417
0.759	34.67
0.601	27.637
0.777	37.754
0.792	43.955
0.77	37.481
0.71	30.043
0.705	29.262
0.757	34.387
0.783	39.011
0.8	44.22
0.794	44.208
0.718	32.8
0.78	38.378
0.705	29.262
0.802	44.765
0.597	26.901
0.755	33.925
0.782	38.985
0.781	38.54
0.72	33.074
0.754	33.68
0.801	44.391
0.67	28.487
0.673	28.908
0.672	28.572
0.78	38.378
0.755	33.925
0.752	33.491
0.724	33.195
0.774	37.561
0.719	32.831
0.758	34.476
0.723	33.18
0.801	44.391
0.781	38.54
0.776	37.611
0.753	33.608
0.723	33.18
0.72	33.074
0.794	44.208
0.758	34.476
0.774	37.561
0.753	33.608
0.672	28.572
0.671	28.501
0.67	28.487
0.676	28.933
0.776	37.611
0.775	37.576
0.719	32.831
0.782	38.985
0.775	37.576
0.671	28.501
0.675	28.92
0.675	28.92
0.674	28.912
0.674	28.912
0.673	28.908
0.582	26.325
0.665	28.417
0.601	27.637
0.792	43.955
0.77	37.481
0.783	39.011
0.597	26.901
0.78	38.378
0.752	33.491
0.724	33.195
0.781	38.54
0.801	44.391
0.719	32.831
0.755	33.925
0.753	33.608
0.794	44.208
0.723	33.18
0.72	33.074
0.758	34.476
0.672	28.572
0.676	28.933
0.776	37.611
0.782	38.985
0.775	37.576
