P=? [ F (x=9&y=9&crashed=0) ]	R{"cost"}=? [ C<=100 ]
0.819	50.858
0.75	29.3
0.819	50.858
0.75	29.3
0.811	45.124
0.803	39.517
0.815	49.939
0.806	44.043
0.756	30.257
0.79	37.997
0.78	34.217
0.767	33.816
0.759	33.215
0.786	35.29
0.796	38.005
0.764	33.268
0.797	38.308
0.815	49.939
0.811	45.124
0.786	35.29
0.806	44.043
0.803	39.517
0.76	33.255
0.79	37.997
0.754	30.035
0.752	29.52
0.799	38.762
0.801	39.067
0.759	33.215
0.809	44.915
0.784	34.765
0.801	39.067
0.799	38.762
0.782	34.544
0.754	30.035
0.752	29.52
0.766	33.795
0.807	44.518
0.817	50.44
0.817	50.44
0.78	34.217
0.767	33.816
0.816	50.307
0.766	33.795
0.764	33.268
0.808	44.59
0.785	35.089
0.781	34.316
0.784	34.765
0.782	34.544
0.809	44.915
0.785	35.089
0.816	50.307
0.781	34.316
0.808	44.59
0.807	44.518
0.76	33.255
0.796	38.005
0.819	50.858
0.75	29.3
0.815	49.939
0.811	45.124
0.786	35.29
0.806	44.043
0.803	39.517
0.759	33.215
0.801	39.067
0.799	38.762
0.754	30.035
0.78	34.217
0.767	33.816
0.766	33.795
0.764	33.268
0.784	34.765
0.782	34.544
0.809	44.915
0.785	35.089
0.781	34.316
0.808	44.59
0.807	44.518
0.76	33.255
0.796	38.005
0.819	50.858
0.75	29.3
0.796	38.005
0.786	35.29
0.754	30.035
0.759	33.215
0.811	45.124
0.806	44.043
0.803	39.517
0.801	39.067
0.799	38.762
0.78	34.217
0.767	33.816
0.766	33.795
0.764	33.268
0.784	34.765
0.782	34.544
0.809	44.915
