P=? [ F (x=9&y=9&crashed=0) ]	R{"cost"}=? [ C<=100 ]
0.808	45.184
0.746	28.937
0.746	28.937
0.808	45.184
0.8	38.781
0.75	29.581
0.777	33.641
0.807	45.145
0.792	38.695
0.777	33.641
0.75	29.581
0.786	35.043
0.784	34.776
0.807	45.145
0.799	38.745
0.786	35.043
0.792	38.695
0.78	34.181
0.749	29.242
0.78	34.181
0.779	33.882
0.749	29.242
0.747	28.95
0.747	28.95
0.779	33.882
0.799	38.745
0.746	28.937
0.808	45.184
0.777	33.641
0.792	38.695
0.749	29.242
0.747	28.95
0.808	45.184
0.777	33.641
0.792	38.695
0.808	45.184
0.777	33.641
0.792	38.695
0.808	45.184
0.777	33.641
0.792	38.695
0.808	45.184
0.777	33.641
0.792	38.695
0.808	45.184
0.792	38.695
0.792	38.695
0.777	33.641
0.808	45.184
0.792	38.695
0.792	38.695
0.808	45.184
0.792	38.695
0.792	38.695
0.808	45.184
0.792	38.695
0.792	38.695
0.808	45.184
0.808	45.184
0.747	28.95
0.792	38.695
0.792	38.695
0.792	38.695
0.808	45.184
0.792	38.695
0.792	38.695
0.777	33.641
0.746	28.937
0.808	45.184
0.746	28.937
0.792	38.695
0.792	38.695
0.746	28.937
0.792	38.695
0.792	38.695
0.792	38.695
0.792	38.695
0.808	45.184
0.808	45.184
0.808	45.184
0.808	45.184
0.808	45.184
0.792	38.695
0.792	38.695
0.792	38.695
0.808	45.184
0.792	38.695
0.808	45.184
0.792	38.695
0.746	28.937
0.777	33.641
0.792	38.695
0.792	38.695
0.808	45.184
0.808	45.184
0.792	38.695
0.746	28.937
0.792	38.695
0.777	33.641
0.777	33.641
