P=? [ F (x=9&y=9&crashed=0) ]	R{"cost"}=? [ C<=100 ]
0.919	55.087
0.752	29.308
0.919	55.087
0.752	29.308
0.764	30.406
0.918	50.358
0.798	32.821
0.901	48.644
0.81	33.539
0.892	43.608
0.882	40.545
0.873	38.96
0.9	45.893
0.841	37.789
0.839	35.083
0.856	38.918
0.827	33.64
0.798	32.821
0.764	30.406
0.76	29.526
0.911	49.001
0.882	40.545
0.892	43.608
0.763	30.21
0.848	38.195
0.9	45.893
0.899	44.804
0.806	33.116
0.8	33.108
0.842	38.07
0.879	39.737
0.875	39.264
0.807	33.429
0.88	40.327
0.917	50.08
0.852	38.847
0.895	44.043
0.76	29.526
0.838	35.067
0.856	38.918
0.916	49.943
0.841	37.789
0.851	38.763
0.913	49.388
0.911	49.001
0.901	48.644
0.835	34.428
0.837	34.713
0.912	49.347
0.896	44.377
0.849	38.515
0.879	39.737
0.877	39.452
0.799	32.823
0.829	33.778
0.833	34.32
0.832	34.055
0.898	44.764
0.897	44.503
0.877	39.452
0.894	43.986
0.893	43.743
0.915	49.797
0.914	49.565
0.831	33.986
0.831	33.986
0.829	33.778
0.836	34.625
0.873	38.96
0.85	38.57
0.914	49.565
0.839	35.083
0.881	40.395
0.915	49.797
0.893	43.743
0.897	44.503
0.896	44.377
0.848	38.195
0.842	38.07
0.828	33.659
0.807	33.429
0.834	34.424
0.833	34.32
0.876	39.35
0.827	33.64
0.837	34.713
0.836	34.625
0.876	39.35
0.852	38.847
0.832	34.055
0.881	40.395
0.88	40.327
0.894	43.986
0.85	38.57
0.849	38.515
0.912	49.347
0.899	44.804
0.898	44.764
0.828	33.659
0.806	33.116
