P=? [ F (x=9&y=9&crashed=0) ]	R{"cost"}=? [ C<=100 ]
0.731	27.19
0.926	59.729
0.926	59.729
0.731	27.19
0.922	54.207
0.777	28.285
0.922	54.207
0.748	28.005
0.915	49.677
0.899	44.824
0.901	48.49
0.891	43.448
0.882	40.404
0.818	33.069
0.844	37.247
0.803	32.591
0.84	35.116
0.797	30.506
0.808	32.936
0.788	29.157
0.891	43.448
0.882	40.404
0.863	38.731
0.904	48.925
0.871	38.745
0.792	29.541
0.85	38.13
0.911	49.141
0.793	30.355
0.915	49.677
0.856	38.198
0.803	32.591
0.797	30.506
0.784	28.922
0.781	28.524
0.734	27.226
0.74	27.371
0.823	33.49
0.861	38.443
0.902	48.556
0.832	34.006
0.86	38.291
0.879	39.733
0.913	49.296
0.876	39.314
0.822	33.309
0.796	30.428
0.847	37.515
0.844	37.247
0.846	37.362
0.899	44.824
0.829	33.625
0.781	28.524
0.784	28.922
0.914	49.531
0.838	34.829
0.84	35.116
0.805	32.682
0.878	39.552
0.896	44.252
0.833	34.098
0.895	44.05
0.849	37.893
0.74	27.371
0.734	27.226
0.839	35.083
0.881	40.257
0.826	33.604
0.897	44.398
0.873	38.857
0.877	39.371
0.747	27.784
0.88	40.118
0.792	29.541
0.911	49.141
0.904	48.925
0.743	27.392
0.746	27.781
0.744	27.424
0.826	33.604
0.837	34.704
0.857	38.199
0.894	43.933
0.892	43.599
0.806	32.789
0.874	39.015
0.83	33.682
0.892	43.599
0.897	44.398
0.848	37.814
0.874	39.015
0.894	43.933
0.748	28.005
0.872	38.764
0.822	33.309
0.836	34.652
0.835	34.414
0.901	48.49
0.834	34.326
0.83	33.682
