P=? [ F (x=9&y=9&crashed=0) ]	R{"cost"}=? [ C<=100 ]
0.647	22.298
0.918	50.184
0.918	50.184
0.647	22.298
0.894	44.017
0.915	49.797
0.9	44.925
0.882	40.404
0.677	22.889
0.707	23.322
0.729	26.84
0.797	30.547
0.676	22.851
0.653	22.779
0.845	37.384
0.839	35.136
0.725	24.697
0.735	27.221
0.803	32.607
0.756	27.447
0.915	49.797
0.9	44.925
0.876	39.347
0.867	39.226
0.792	29.637
0.793	30.461
0.897	44.394
0.882	40.404
0.806	32.711
0.88	39.857
0.814	32.748
0.826	33.908
0.784	28.961
0.832	34.037
0.877	39.653
0.836	34.712
0.723	24.61
0.861	38.685
0.854	38.457
0.759	27.607
0.774	28.101
0.817	33.116
0.789	29.55
0.881	40.343
0.838	35.07
0.824	33.56
0.732	26.895
0.783	28.621
0.845	37.384
0.716	24.184
0.839	35.136
0.803	32.607
0.764	27.643
0.82	33.266
0.734	27.037
0.85	37.617
0.865	38.816
0.71	23.592
0.719	24.219
0.769	27.701
0.652	22.745
0.721	24.267
0.652	22.745
0.715	23.941
0.821	33.354
0.707	23.322
0.852	38.027
0.833	34.354
0.781	28.568
0.772	27.891
0.823	33.495
0.852	38.027
0.899	44.803
0.78	28.408
0.725	24.697
0.796	30.53
0.758	27.448
0.835	34.461
0.709	23.561
0.816	32.898
0.847	37.459
0.708	23.348
0.787	29.17
0.756	27.447
0.853	38.351
0.773	27.918
0.765	27.645
0.713	23.747
0.778	28.373
0.714	23.844
0.777	28.311
0.788	29.295
0.815	32.872
0.826	33.908
0.861	38.685
0.854	38.457
0.735	27.221
0.862	38.796
0.863	38.808
0.899	44.803
