P=? [ F (x=9&y=9&crashed=0) ]	R{"cost"}=? [ C<=100 ]
0.734	27.751
0.917	49.832
0.734	27.751
0.917	49.832
0.912	49.146
0.899	44.726
0.882	40.398
0.883	43.861
0.735	27.783
0.757	27.828
0.794	32.303
0.792	30.142
0.84	36.951
0.839	35.131
0.912	49.146
0.899	44.726
0.864	38.999
0.875	39.179
0.893	43.912
0.884	43.911
0.774	28.054
0.849	37.972
0.79	29.557
0.856	38.195
0.826	33.883
0.811	32.754
0.804	32.648
0.845	37.157
0.786	29.113
0.792	30.142
0.859	38.268
0.788	29.297
0.832	34.056
0.822	33.571
0.914	49.439
0.767	27.939
0.879	39.726
0.761	27.857
0.775	28.275
0.817	32.996
0.843	37.044
0.769	27.966
0.819	33.213
0.781	28.576
0.833	34.102
0.834	34.412
0.856	38.195
0.784	28.935
0.881	40.218
0.782	28.848
0.878	39.568
0.877	39.4
0.814	32.791
0.8	32.349
0.913	49.297
0.863	38.862
0.898	44.583
0.895	44.173
0.795	32.319
0.759	27.851
0.846	37.546
0.823	33.665
0.898	44.583
0.894	44.061
0.789	29.544
0.803	32.623
0.847	37.796
0.895	44.173
0.802	32.395
0.811	32.754
0.88	40.071
0.849	37.972
0.876	39.242
0.778	28.284
0.841	37.007
0.779	28.383
0.78	28.485
0.82	33.258
0.861	38.566
0.825	33.715
0.916	49.687
0.86	38.527
0.798	32.34
0.846	37.546
0.916	49.687
0.837	34.829
0.836	34.618
0.769	27.966
0.839	35.131
0.838	34.923
0.783	28.903
0.767	27.939
0.761	27.857
0.815	32.814
0.875	39.179
0.864	38.999
0.847	37.796
0.832	34.056
0.826	33.883
0.836	34.618
