P=? [ F (x=9&y=9&crashed=0) ]	R{"cost"}=? [ C<=100 ]
0.879	59.714
0.717	31.37
0.717	31.37
0.879	59.714
0.736	32.668
0.761	34.878
0.761	34.878
0.824	43.297
0.815	41.25
0.878	59.167
0.872	56.025
0.736	32.668
0.78	37.318
0.868	53.758
0.863	50.967
0.84	43.421
0.795	38.767
0.849	48.268
0.846	45.788
0.729	31.509
0.771	35.496
0.863	50.967
0.795	38.767
0.872	56.025
0.777	36.888
0.858	48.852
0.78	37.318
0.878	59.167
0.807	39.94
0.871	55.352
0.87	54.072
0.862	49.696
0.807	39.94
0.846	45.788
0.73	31.512
0.852	48.675
0.797	39.036
0.802	39.149
0.868	53.758
0.73	31.512
0.805	39.4
0.845	44.955
0.819	41.829
0.772	35.964
0.773	36.11
0.845	44.955
0.844	44.201
0.823	42.575
0.806	39.909
0.871	55.352
0.773	36.11
0.849	48.268
0.86	49.193
0.771	35.496
0.817	41.672
0.822	42.26
0.82	42.141
0.869	53.958
0.802	39.149
0.841	43.575
0.844	44.201
0.843	43.814
0.779	36.932
0.861	49.53
0.817	41.672
0.823	42.575
0.851	48.561
0.851	48.561
0.797	39.036
0.805	39.4
0.859	49.08
0.852	48.675
0.862	49.696
0.861	49.53
0.842	43.702
0.84	43.421
0.824	43.297
0.87	54.072
0.859	49.08
0.843	43.814
0.842	43.702
0.821	42.155
0.779	36.932
0.778	36.9
0.821	42.155
0.778	36.9
0.717	31.37
0.879	59.714
0.761	34.878
0.736	32.668
0.863	50.967
0.872	56.025
0.78	37.318
0.878	59.167
0.807	39.94
0.846	45.788
0.868	53.758
0.73	31.512
0.845	44.955
0.871	55.352
