P=? [ F (x=9&y=9&crashed=0) ]	R{"cost"}=? [ C<=100 ]
0.844	44.83
0.653	26.581
0.653	26.581
0.844	44.83
0.828	40.015
0.84	43.441
0.805	37.919
0.823	38.883
0.688	26.919
0.782	35.437
0.71	28.73
0.782	35.437
0.668	26.858
0.8	37.344
0.762	33.729
0.8	37.344
0.741	32.439
0.775	33.852
0.693	27.758
0.754	32.558
0.668	26.858
0.84	43.441
0.733	31.628
0.779	34.442
0.724	30.725
0.71	28.73
0.693	27.758
0.759	33.403
0.692	27.738
0.724	30.725
0.729	31.22
0.729	31.22
0.825	39.2
0.712	29.332
0.843	44.618
0.842	43.944
0.826	39.741
0.74	31.823
0.717	30.315
0.779	34.442
0.716	30.289
0.715	29.702
0.714	29.657
0.757	33.071
0.777	34.046
0.712	29.332
0.717	30.315
0.755	32.858
0.738	31.636
0.842	43.944
0.841	43.59
0.688	26.919
0.803	37.795
0.692	27.738
0.801	37.547
0.777	34.046
0.826	39.741
0.801	37.547
0.803	37.795
0.758	33.19
0.755	32.858
0.843	44.618
0.824	39.087
0.74	31.823
0.739	31.643
0.841	43.59
0.754	32.558
0.758	33.19
0.741	32.439
0.824	39.087
0.715	29.702
0.716	30.289
0.738	31.636
0.739	31.643
0.653	26.581
0.844	44.83
0.826	39.741
0.668	26.858
0.84	43.441
0.71	28.73
0.693	27.758
0.724	30.725
0.729	31.22
0.779	34.442
0.717	30.315
0.842	43.944
0.758	33.19
0.692	27.738
0.777	34.046
0.843	44.618
0.74	31.823
0.841	43.59
0.754	32.558
0.741	32.439
0.824	39.087
0.715	29.702
0.716	30.289
0.739	31.643
0.844	44.83
0.826	39.741
