P=? [ F (x=9&y=9&crashed=0) ]	R{"cost"}=? [ C<=100 ]
0.871	54.467
0.706	26.867
0.871	54.467
0.845	47.977
0.869	54.224
0.862	49.591
0.751	31.536
0.728	31.397
0.715	27.947
0.839	43.31
0.826	39.43
0.823	38.853
0.844	44.201
0.724	30.884
0.8	37.237
0.806	38.123
0.783	36.912
0.775	33.709
0.839	43.31
0.762	33.656
0.781	34.65
0.857	48.754
0.826	39.43
0.715	27.947
0.782	36.782
0.724	30.884
0.707	27.104
0.869	54.224
0.862	49.591
0.779	34.386
0.857	48.754
0.802	37.52
0.707	27.104
0.845	47.977
0.806	38.123
0.754	32.45
0.728	31.397
0.758	33.08
0.756	32.717
0.777	34.063
0.8	37.237
0.777	34.063
0.753	31.964
0.76	33.352
0.843	44.005
0.803	37.805
0.76	33.352
0.758	33.08
0.756	32.717
0.859	49.165
0.841	43.719
0.805	37.92
0.859	49.165
0.841	43.719
0.783	36.912
0.824	39.156
0.754	32.45
0.781	34.65
0.762	33.656
0.752	31.756
0.825	39.213
0.753	31.964
0.752	31.756
0.844	44.201
0.86	49.359
0.861	49.397
0.842	43.912
0.782	36.782
0.805	37.92
0.803	37.805
0.842	43.912
0.825	39.213
0.824	39.156
0.861	49.397
0.86	49.359
0.871	54.467
0.839	43.31
0.715	27.947
0.826	39.43
0.724	30.884
0.869	54.224
0.862	49.591
0.707	27.104
0.845	47.977
0.806	38.123
0.728	31.397
0.777	34.063
0.8	37.237
0.76	33.352
0.756	32.717
0.859	49.165
0.841	43.719
0.754	32.45
0.781	34.65
0.844	44.201
0.805	37.92
0.803	37.805
0.842	43.912
0.825	39.213
0.861	49.397
