P=? [ F (x=9&y=9&crashed=0) ]	R{"cost"}=? [ C<=100 ]
0.736	32.953
0.868	53.98
0.868	53.98
0.736	32.953
0.818	41.693
0.865	53.569
0.863	49.804
0.847	48.073
0.846	44.556
0.823	42.49
0.771	37.167
0.76	34.837
0.838	43.244
0.782	37.637
0.749	33.22
0.76	34.837
0.806	39.904
0.794	37.898
0.771	37.167
0.806	39.904
0.781	37.499
0.774	37.479
0.85	48.568
0.856	48.686
0.752	33.577
0.838	43.244
0.823	42.49
0.773	37.388
0.845	44.412
0.848	48.221
0.75	33.502
0.842	43.703
0.867	53.724
0.863	49.804
0.757	34.405
0.755	34.049
0.758	34.481
0.755	34.049
0.754	33.863
0.857	48.829
0.866	53.707
0.844	44.098
0.805	39.763
0.804	39.453
0.801	38.938
0.799	38.862
0.865	53.569
0.839	43.373
0.822	42.198
0.754	33.863
0.797	38.466
0.796	38.18
0.749	33.22
0.794	37.898
0.798	38.722
0.797	38.466
0.862	49.598
0.861	49.35
0.844	44.098
0.843	43.853
0.758	34.481
0.757	34.405
0.803	39.316
0.802	39.088
0.861	49.35
0.86	49.14
0.862	49.598
0.841	43.572
0.84	43.378
0.849	48.374
0.849	48.374
0.843	43.853
0.802	39.088
0.86	49.14
0.859	48.99
0.847	48.073
0.846	44.556
0.796	38.18
0.795	38.037
0.822	42.198
0.821	42.056
0.805	39.763
0.82	41.958
0.819	41.817
0.798	38.722
0.795	38.037
0.804	39.453
0.803	39.316
0.841	43.572
0.859	48.99
0.858	48.861
0.819	41.817
0.856	48.686
0.85	48.568
0.821	42.056
0.82	41.958
0.801	38.938
0.799	38.862
0.75	33.502
0.858	48.861
