P=? [ F (x=9&y=9&crashed=0) ]	R{"cost"}=? [ C<=100 ]
0.633	23.426
0.846	45.198
0.846	45.198
0.633	23.426
0.65	25.956
0.634	23.433
0.653	26.235
0.684	26.237
0.836	43.262
0.83	40.134
0.707	29.318
0.806	38.155
0.821	38.366
0.729	30.149
0.736	32.096
0.788	35.32
0.725	29.409
0.798	37.145
0.737	32.208
0.765	32.287
0.691	27.718
0.751	32.252
0.751	32.252
0.702	27.84
0.788	35.32
0.729	30.149
0.798	37.145
0.706	28.57
0.78	33.588
0.773	33.534
0.736	32.096
0.83	40.134
0.836	43.262
0.706	28.57
0.703	27.948
0.801	37.698
0.727	29.584
0.845	44.944
0.843	44.407
0.772	33.524
0.826	39.428
0.689	27.206
0.687	26.742
0.686	26.4
0.804	37.904
0.8	37.6
0.687	26.742
0.824	38.927
0.771	33.122
0.783	34.222
0.781	33.824
0.786	34.943
0.785	34.661
0.784	34.28
0.786	34.943
0.69	27.353
0.77	32.899
0.845	44.944
0.822	38.708
0.781	33.824
0.767	32.449
0.769	32.867
0.703	27.948
0.804	37.904
0.843	44.407
0.842	44.209
0.84	43.955
0.785	34.661
0.726	29.501
0.825	39.163
0.842	44.209
0.84	43.955
0.689	27.206
0.799	37.353
0.825	39.163
0.768	32.678
0.828	39.765
0.827	39.539
0.771	33.122
0.829	39.921
0.839	43.762
0.838	43.55
0.799	37.353
0.653	26.235
0.837	43.461
0.839	43.762
0.768	32.678
0.727	29.584
0.767	32.449
0.783	34.222
0.829	39.921
0.828	39.765
0.69	27.353
0.685	26.381
0.823	38.85
0.822	38.708
0.765	32.287
0.691	27.718
0.827	39.539
0.725	29.409
