P=? [ F (x=9&y=9&crashed=0) ]	R{"cost"}=? [ C<=100 ]
0.649	25.826
0.86	49.227
0.73	30.112
0.845	44.393
0.667	25.999
0.846	47.853
0.833	43.231
0.83	40.127
0.758	32.172
0.758	32.172
0.73	30.112
0.795	37.357
0.651	25.99
0.788	35.33
0.712	28.42
0.683	26.075
0.696	28.325
0.723	28.819
0.803	38.053
0.816	38.129
0.847	48.222
0.856	48.519
0.713	28.511
0.727	29.399
0.772	33.392
0.788	35.33
0.689	27.177
0.727	29.399
0.69	27.339
0.843	44.107
0.795	37.357
0.723	28.819
0.838	43.373
0.787	35.15
0.786	34.832
0.819	38.141
0.836	43.242
0.686	26.386
0.77	32.886
0.685	26.245
0.829	39.958
0.691	27.86
0.784	34.256
0.839	43.648
0.827	39.55
0.766	32.302
0.841	43.658
0.78	33.553
0.687	26.716
0.693	28.099
0.777	33.544
0.694	28.236
0.687	26.716
0.856	48.519
0.785	34.663
0.825	39.098
0.83	40.127
0.777	33.544
0.846	47.853
0.692	27.892
0.799	37.378
0.821	38.397
0.764	32.21
0.801	37.816
0.713	28.511
0.816	38.129
0.847	48.222
0.858	48.807
0.845	44.393
0.771	33.171
0.782	33.974
0.784	34.256
0.782	33.974
0.858	48.807
0.859	48.968
0.842	43.916
0.828	39.709
0.82	38.389
0.781	33.801
0.761	32.193
0.769	32.733
0.768	32.492
0.8	37.617
0.761	32.193
0.801	37.816
0.826	39.315
0.833	43.231
0.771	33.171
0.826	39.315
0.822	38.613
0.696	28.325
0.823	38.818
0.822	38.613
0.824	39.022
0.823	38.818
0.8	37.617
0.842	43.916
0.767	32.489
0.683	26.075
0.803	38.053
