P=? [ F (x=9&y=9&crashed=0) ]	R{"cost"}=? [ C<=100 ]
0.698	28.835
0.889	55.84
0.889	55.84
0.698	28.835
0.699	32.42
0.767	32.875
0.88	54.687
0.872	50.539
0.774	37.091
0.854	45.859
0.773	33.585
0.855	48.778
0.836	43.26
0.829	40.158
0.788	37.227
0.775	37.117
0.829	40.158
0.872	50.539
0.807	38.246
0.816	38.332
0.88	54.687
0.836	43.26
0.792	37.346
0.821	38.694
0.828	39.763
0.819	38.346
0.859	48.824
0.84	43.295
0.797	37.366
0.866	49.41
0.861	49.291
0.884	54.98
0.845	44.323
0.857	48.79
0.767	32.875
0.699	32.42
0.849	45.059
0.848	44.766
0.772	33.37
0.77	32.938
0.868	49.841
0.806	38.168
0.848	44.766
0.846	44.347
0.824	39.051
0.826	39.547
0.804	38.098
0.852	45.49
0.851	45.26
0.852	45.49
0.816	38.332
0.827	39.571
0.772	33.37
0.799	37.387
0.801	37.728
0.8	37.417
0.841	43.601
0.844	44.018
0.864	49.4
0.882	54.699
0.789	37.234
0.86	49.111
0.822	38.827
0.883	54.706
0.825	39.323
0.791	37.244
0.887	55.443
0.886	55.209
0.888	55.607
0.87	50.146
0.869	49.917
0.871	50.312
0.824	39.051
0.822	38.827
0.825	39.323
0.868	49.841
0.773	33.585
0.803	38.067
0.802	37.852
0.851	45.26
0.849	45.059
0.844	44.018
0.843	43.819
0.843	43.819
0.842	43.622
0.769	32.899
0.77	32.938
0.86	49.111
0.871	50.312
0.87	50.146
0.846	44.347
0.768	32.886
0.888	55.607
0.887	55.443
0.797	37.366
0.819	38.346
0.838	43.286
0.863	49.389
0.866	49.41
0.885	55.115
