P=? [ F (x=9&y=9&crashed=0) ]	R{"cost"}=? [ C<=100 ]
0.631	23.093
0.863	49.966
0.863	49.966
0.631	23.093
0.667	26.02
0.728	31.796
0.764	32.302
0.857	48.981
0.846	44.843
0.647	25.88
0.829	39.939
0.84	43.73
0.635	23.953
0.683	26.092
0.799	37.366
0.788	35.511
0.635	23.953
0.703	27.946
0.819	38.306
0.829	39.939
0.788	35.511
0.693	27.91
0.647	25.88
0.857	48.981
0.799	37.366
0.709	29.652
0.84	43.73
0.72	30.182
0.846	44.843
0.808	38.281
0.78	33.735
0.773	33.602
0.706	28.579
0.707	29.426
0.726	31.625
0.787	35.119
0.634	23.432
0.827	39.54
0.821	38.483
0.725	31.089
0.709	29.652
0.706	28.579
0.764	32.302
0.728	31.796
0.803	38.184
0.69	27.361
0.801	38.025
0.766	32.432
0.842	44.142
0.825	39.185
0.72	30.182
0.77	33.103
0.845	44.664
0.722	30.696
0.808	38.281
0.822	38.731
0.826	39.487
0.691	27.714
0.824	39.071
0.823	38.842
0.686	26.533
0.687	26.861
0.8	37.594
0.771	33.141
0.786	34.84
0.784	34.426
0.844	44.444
0.786	34.84
0.859	49.259
0.769	32.734
0.689	27.225
0.687	26.861
0.768	32.505
0.634	23.432
0.861	49.695
0.721	30.388
0.686	26.533
0.684	26.227
0.725	31.089
0.723	30.783
0.802	38.034
0.861	49.695
0.772	33.409
0.703	27.946
0.689	27.225
0.684	26.227
0.858	49.225
0.86	49.498
0.843	44.379
0.769	32.734
0.8	37.594
0.783	34.388
0.782	34.16
0.707	29.426
0.841	43.954
0.781	33.956
0.721	30.388
0.782	34.16
0.781	33.956
0.723	30.783
