P=? [ F (x=9&y=9&crashed=0) ]	R{"cost"}=? [ C<=100 ]
0.861	48.709
0.594	21.902
0.594	21.902
0.861	48.709
0.6	23.397
0.666	25.956
0.86	48.562
0.846	44.477
0.792	37.294
0.84	43.408
0.829	40.096
0.666	25.956
0.6	23.397
0.787	35.009
0.762	32.194
0.748	30.32
0.721	28.759
0.683	26.09
0.667	25.993
0.704	28.641
0.748	30.32
0.722	28.808
0.738	28.862
0.819	38.2
0.803	37.971
0.846	44.477
0.86	48.562
0.762	32.194
0.8	37.508
0.829	40.096
0.696	27.898
0.84	43.408
0.599	22.825
0.78	33.518
0.744	29.446
0.599	22.825
0.689	27.033
0.696	27.898
0.699	28.085
0.772	33.336
0.746	30.069
0.689	27.033
0.843	43.893
0.827	39.516
0.781	33.768
0.824	39.04
0.825	39.144
0.767	32.771
0.77	32.868
0.744	29.446
0.844	44.251
0.826	39.459
0.823	38.722
0.685	26.379
0.687	26.843
0.74	29.041
0.787	35.009
0.771	33.279
0.828	39.923
0.784	34.418
0.74	29.041
0.783	34.013
0.82	38.245
0.684	26.134
0.7	28.363
0.786	34.982
0.785	34.612
0.702	28.502
0.746	30.069
0.685	26.379
0.782	33.97
0.822	38.668
0.845	44.287
0.769	32.867
0.739	28.907
0.842	43.686
0.841	43.41
0.821	38.493
0.766	32.549
0.765	32.303
0.801	37.749
0.819	38.2
0.803	37.971
0.766	32.549
0.842	43.686
0.802	37.946
0.801	37.749
0.785	34.612
0.784	34.418
0.78	33.518
0.772	33.336
0.687	26.843
0.821	38.493
0.828	39.923
0.7	28.363
0.703	28.517
0.704	28.641
0.688	26.918
0.764	32.298
0.764	32.298
