P=? [ F (x=9&y=9&crashed=0) ]	R{"cost"}=? [ C<=100 ]
0.915	49.656
0.915	49.656
0.741	28.053
0.741	28.053
0.777	28.282
0.91	48.714
0.9	44.924
0.891	43.443
0.882	40.506
0.797	32.32
0.796	30.406
0.843	37.003
0.84	35.207
0.87	38.726
0.819	33.059
0.862	38.476
0.808	32.828
0.91	48.714
0.9	44.924
0.891	43.443
0.882	40.506
0.793	30.286
0.792	29.515
0.802	32.352
0.849	37.958
0.854	38.178
0.787	29.116
0.853	38.019
0.84	35.207
0.859	38.229
0.848	37.66
0.79	29.51
0.781	28.505
0.881	40.359
0.88	39.852
0.845	37.116
0.782	28.55
0.83	33.713
0.804	32.451
0.822	33.292
0.829	33.625
0.893	43.83
0.786	29.056
0.825	33.602
0.784	28.918
0.834	34.317
0.878	39.678
0.833	34.108
0.826	33.622
0.838	34.818
0.872	38.763
0.876	39.25
0.894	43.929
0.843	37.003
0.777	28.282
0.779	28.286
0.783	28.876
0.879	39.697
0.899	44.78
0.897	44.482
0.82	33.215
0.847	37.531
0.846	37.251
0.861	38.328
0.897	44.482
0.831	33.983
0.877	39.409
0.899	44.78
0.823	33.435
0.914	49.51
0.913	49.248
0.896	44.336
0.895	44.075
0.836	34.66
0.835	34.404
0.79	29.51
0.805	32.579
0.832	34.029
0.912	49.103
0.911	48.865
0.892	43.594
0.819	33.059
0.808	32.828
0.807	32.729
0.859	38.229
0.794	30.33
0.823	33.435
0.877	39.409
0.838	34.818
0.873	38.857
0.874	39.015
0.88	39.852
0.911	48.865
0.892	43.594
0.807	32.729
0.805	32.579
0.881	40.359
0.895	44.075
0.896	44.336
0.914	49.51
