P=? [ F (x=9&y=9&crashed=0) ]	R{"cost"}=? [ C<=100 ]
0.677	23.073
0.677	23.073
0.914	50.01
0.715	23.951
0.913	49.859
0.881	41.013
0.899	45.984
0.739	27.171
0.711	23.906
0.681	23.263
0.892	43.867
0.739	27.171
0.84	36.951
0.838	34.842
0.799	32.298
0.796	30.421
0.747	27.855
0.899	45.984
0.898	45.794
0.761	27.858
0.897	44.498
0.875	39.151
0.864	38.773
0.826	33.839
0.892	43.867
0.771	27.978
0.761	27.858
0.791	29.482
0.711	23.906
0.832	34.013
0.88	40.132
0.807	32.731
0.787	29.439
0.824	33.66
0.814	32.815
0.786	29.089
0.894	44.069
0.849	37.796
0.816	32.901
0.793	29.883
0.681	23.263
0.819	33.05
0.878	39.758
0.851	38.015
0.774	28.082
0.802	32.35
0.877	39.391
0.779	28.313
0.805	32.549
0.784	28.916
0.796	30.421
0.848	37.552
0.879	39.908
0.857	38.197
0.836	34.531
0.854	38.194
0.781	28.464
0.833	34.096
0.862	38.411
0.804	32.424
0.742	27.206
0.847	37.421
0.679	23.079
0.853	38.068
0.745	27.641
0.834	34.339
0.875	39.151
0.864	38.773
0.794	29.92
0.876	39.31
0.744	27.404
0.783	28.805
0.82	33.198
0.773	27.998
0.746	27.692
0.893	43.87
0.843	37.001
0.835	34.377
0.68	23.257
0.777	28.264
0.896	44.352
0.845	37.115
0.799	32.298
0.795	30.142
0.777	28.264
0.822	33.394
0.781	28.464
0.896	44.352
0.822	33.394
0.771	27.978
0.844	37.083
0.783	28.805
0.88	40.132
0.795	30.142
0.863	38.63
0.838	34.842
0.861	38.311
0.837	34.737
0.744	27.404
0.859	38.227
