P=? [ F (x=9&y=9&crashed=0) ]	R{"cost"}=? [ C<=100 ]
0.9	49.964
0.653	22.74
0.653	22.74
0.9	49.964
0.679	23.249
0.702	26.796
0.899	45.175
0.715	27.201
0.884	43.985
0.882	40.663
0.795	32.443
0.654	22.804
0.74	27.368
0.793	30.097
0.747	27.783
0.768	27.939
0.843	37.312
0.84	35.566
0.867	39.313
0.857	38.269
0.849	38.171
0.712	26.847
0.876	39.319
0.893	44.011
0.805	32.787
0.897	44.432
0.791	30.072
0.838	34.912
0.784	28.915
0.813	32.915
0.885	43.994
0.774	28.224
0.864	39.161
0.79	29.504
0.84	35.566
0.826	33.837
0.832	34.033
0.847	37.786
0.782	28.835
0.881	40.21
0.88	40.167
0.745	27.738
0.895	44.296
0.713	26.853
0.882	40.663
0.879	39.722
0.786	29.314
0.8	32.482
0.803	32.733
0.781	28.518
0.898	44.889
0.744	27.411
0.839	35.121
0.654	22.804
0.861	38.641
0.843	37.312
0.861	38.641
0.859	38.338
0.894	44.068
0.836	34.529
0.777	28.268
0.845	37.519
0.879	39.722
0.877	39.376
0.835	34.428
0.833	34.103
0.863	38.964
0.817	33.157
0.816	32.946
0.824	33.749
0.863	38.964
0.802	32.536
0.826	33.837
0.823	33.743
0.822	33.437
0.899	45.175
0.898	44.889
0.819	33.195
0.768	27.939
0.747	27.783
0.743	27.392
0.77	27.968
0.846	37.771
0.814	32.935
0.741	27.373
0.788	29.448
0.786	29.314
0.805	32.787
0.772	27.986
0.836	34.529
0.835	34.428
0.839	35.121
0.849	38.171
0.845	37.519
0.78	28.477
0.778	28.276
0.832	34.033
0.821	33.394
0.82	33.21
0.833	34.103
