P=? [ F (x=9&y=9&crashed=0) ]	R{"cost"}=? [ C<=100 ]
0.757	27.389
0.917	49.471
0.917	49.471
0.757	27.389
0.803	32.12
0.907	48.09
0.9	44.687
0.795	30.094
0.886	42.995
0.884	40.294
0.823	32.294
0.777	27.479
0.758	27.392
0.795	30.094
0.854	37.179
0.852	35.239
0.789	28.785
0.831	33.436
0.803	32.12
0.9	44.687
0.916	49.322
0.909	48.388
0.916	49.322
0.909	48.388
0.838	33.544
0.892	43.682
0.867	38.684
0.841	33.91
0.873	38.838
0.789	28.785
0.783	28.299
0.83	33.0
0.857	37.562
0.889	43.222
0.86	37.767
0.781	27.761
0.898	44.26
0.89	43.366
0.896	44.149
0.846	34.236
0.785	28.508
0.863	38.047
0.84	33.58
0.852	35.239
0.851	34.929
0.849	34.642
0.849	34.642
0.895	44.036
0.866	38.645
0.829	32.903
0.826	32.523
0.825	32.302
0.895	44.036
0.783	28.299
0.859	37.569
0.788	28.774
0.878	39.095
0.823	32.294
0.883	40.144
0.882	39.841
0.873	38.838
0.884	40.294
0.851	34.929
0.847	34.381
0.862	37.902
0.855	37.32
0.854	37.179
0.899	44.41
0.828	32.769
0.844	34.164
0.843	34.032
0.881	39.692
0.88	39.428
0.847	34.381
0.838	33.544
0.891	43.612
0.828	32.769
0.826	32.523
0.855	37.32
0.78	27.749
0.778	27.521
0.786	28.516
0.887	43.006
0.878	39.095
0.876	38.891
0.865	38.444
0.865	38.444
0.864	38.245
0.864	38.245
0.879	39.279
0.787	28.593
0.778	27.521
0.876	38.891
0.875	38.861
0.908	48.245
0.867	38.684
0.781	27.761
0.78	27.749
0.899	44.41
0.883	40.144
