P=? [ F (x=9&y=9&crashed=0) ]	R{"cost"}=? [ C<=100 ]
0.918	49.764
0.758	27.462
0.918	49.764
0.804	32.034
0.778	27.603
0.797	29.504
0.907	47.767
0.9	44.831
0.824	32.257
0.885	42.563
0.883	40.045
0.851	37.121
0.85	34.942
0.786	28.085
0.797	29.504
0.9	44.831
0.907	47.767
0.778	27.603
0.915	48.934
0.865	38.089
0.787	28.754
0.858	37.331
0.792	29.143
0.872	38.479
0.842	34.064
0.881	39.516
0.91	48.559
0.882	39.852
0.847	34.62
0.909	48.435
0.892	43.74
0.849	34.748
0.833	32.949
0.79	28.829
0.853	37.134
0.891	43.536
0.872	38.479
0.917	49.382
0.915	48.934
0.792	29.143
0.88	39.286
0.828	32.726
0.786	28.085
0.896	43.852
0.845	34.2
0.834	33.263
0.84	33.644
0.917	49.382
0.837	33.581
0.886	42.861
0.885	42.563
0.897	43.894
0.864	37.953
0.875	38.534
0.825	32.283
0.865	38.089
0.908	48.054
0.826	32.52
0.91	48.559
0.831	32.943
0.828	32.726
0.876	38.75
0.899	44.479
0.859	37.336
0.899	44.479
0.898	44.139
0.853	37.134
0.874	38.485
0.883	40.045
0.878	38.971
0.836	33.417
0.863	37.802
0.908	48.054
0.831	32.943
0.888	43.032
0.841	33.814
0.898	44.139
0.846	34.378
0.861	37.64
0.824	32.257
0.89	43.315
0.878	38.971
0.876	38.75
0.79	28.829
0.826	32.52
0.86	37.541
0.85	34.942
0.879	39.163
0.846	34.378
0.888	43.032
0.886	42.861
0.841	33.814
0.863	37.802
0.861	37.64
0.836	33.417
0.834	33.263
0.89	43.315
0.889	43.173
0.889	43.173
0.845	34.2
