P=? [ F (x=9&y=9&crashed=0) ]	R{"cost"}=? [ C<=100 ]
0.935	54.705
0.818	33.069
0.818	33.069
0.935	54.705
0.844	37.587
0.925	52.952
0.918	50.048
0.836	35.081
0.901	44.983
0.884	42.711
0.882	40.099
0.905	47.553
0.861	38.072
0.836	35.081
0.918	50.048
0.853	37.697
0.927	53.432
0.844	37.587
0.934	54.432
0.869	38.605
0.889	43.329
0.925	52.952
0.869	38.605
0.909	48.334
0.934	54.432
0.927	53.432
0.914	48.87
0.873	38.621
0.828	34.119
0.833	34.589
0.858	37.718
0.853	37.697
0.833	34.589
0.905	47.553
0.901	44.983
0.893	43.606
0.819	33.48
0.879	39.547
0.917	49.395
0.83	34.124
0.877	39.197
0.876	38.98
0.822	33.582
0.825	33.989
0.914	48.87
0.909	48.334
0.899	44.732
0.882	40.099
0.881	39.793
0.886	42.991
0.888	43.054
0.873	38.621
0.824	33.798
0.83	34.124
0.876	38.98
0.926	53.086
0.898	44.39
0.859	37.834
0.822	33.582
0.893	43.606
0.906	47.828
0.908	48.059
0.885	42.716
0.899	44.732
0.881	39.793
0.878	39.443
0.894	43.85
0.859	37.834
0.824	33.798
0.898	44.39
0.897	44.186
0.915	49.071
0.917	49.395
0.916	49.201
0.895	44.044
0.894	43.85
0.884	42.711
0.907	47.993
0.906	47.828
0.926	53.086
0.916	49.201
0.825	33.989
0.915	49.071
0.896	44.158
0.895	44.044
0.878	39.443
0.819	33.48
0.908	48.059
0.907	47.993
0.888	43.054
0.886	42.991
0.897	44.186
0.896	44.158
0.858	37.718
0.885	42.716
0.935	54.705
0.818	33.069
0.836	35.081
0.918	50.048
0.844	37.587
