P=? [ F (x=9&y=9&crashed=0) ]	R{"cost"}=? [ C<=100 ]
0.769	32.653
0.769	32.653
0.917	50.251
0.891	43.417
0.906	49.746
0.9	44.982
0.833	37.436
0.883	40.428
0.81	32.848
0.789	32.681
0.788	32.671
0.832	35.368
0.856	38.731
0.868	38.775
0.828	35.334
0.843	37.522
0.907	49.88
0.883	40.428
0.827	34.259
0.898	44.461
0.9	44.982
0.915	49.896
0.816	33.191
0.898	44.461
0.873	39.22
0.851	37.929
0.906	49.746
0.881	40.038
0.855	38.312
0.819	33.924
0.845	37.712
0.817	33.638
0.811	32.863
0.876	39.231
0.852	38.167
0.87	38.99
0.819	33.924
0.899	44.597
0.823	34.202
0.87	38.99
0.879	39.698
0.878	39.471
0.879	39.698
0.816	33.191
0.811	32.863
0.817	33.638
0.823	34.202
0.831	35.335
0.916	49.993
0.882	40.172
0.878	39.471
0.851	37.929
0.845	37.712
0.789	32.681
0.868	38.775
0.844	37.679
0.824	34.227
0.855	38.312
0.852	38.167
0.899	44.597
0.882	40.172
0.876	39.231
0.916	49.993
0.843	37.522
0.856	38.731
0.832	35.368
0.844	37.679
0.827	34.259
0.826	34.24
0.788	32.671
0.915	49.896
0.825	34.236
0.826	34.24
0.825	34.236
0.831	35.335
0.828	35.334
0.769	32.653
0.883	40.428
0.9	44.982
0.898	44.461
0.906	49.746
0.882	40.172
0.819	33.924
0.876	39.231
0.87	38.99
0.811	32.863
0.817	33.638
0.823	34.202
0.878	39.471
0.851	37.929
0.845	37.712
0.789	32.681
0.868	38.775
0.855	38.312
0.852	38.167
0.899	44.597
0.916	49.993
0.843	37.522
0.856	38.731
0.832	35.368
