P=? [ F (x=9&y=9&crashed=0) ]	R{"cost"}=? [ C<=100 ]
0.899	44.727
0.758	27.413
0.899	44.727
0.758	27.413
0.888	43.714
0.884	40.491
0.856	37.53
0.778	27.519
0.852	35.208
0.799	30.367
0.81	32.24
0.825	32.281
0.811	32.241
0.867	38.607
0.799	30.367
0.81	32.24
0.896	43.878
0.79	29.806
0.875	38.676
0.829	33.152
0.795	29.874
0.797	30.291
0.846	34.196
0.789	29.081
0.884	40.491
0.785	28.369
0.835	33.328
0.785	28.369
0.864	38.013
0.852	35.208
0.888	43.714
0.788	28.901
0.781	27.751
0.783	28.02
0.827	32.604
0.838	33.363
0.856	37.53
0.788	28.901
0.835	33.328
0.864	38.013
0.848	34.596
0.783	28.02
0.849	34.83
0.879	39.374
0.878	39.009
0.897	44.242
0.881	39.86
0.88	39.503
0.848	34.596
0.859	37.607
0.781	27.751
0.778	27.519
0.898	44.376
0.828	32.81
0.883	40.169
0.867	38.607
0.863	37.854
0.877	38.866
0.862	37.852
0.861	37.718
0.882	40.087
0.881	39.86
0.851	34.994
0.839	33.574
0.828	32.81
0.859	37.607
0.875	38.676
0.795	29.874
0.877	38.866
0.826	32.468
0.789	29.081
0.844	34.172
0.829	33.152
0.84	33.74
0.839	33.574
0.896	43.878
0.842	33.999
0.841	33.854
0.878	39.009
0.851	34.994
0.85	34.851
0.826	32.468
0.898	44.376
0.897	44.242
0.88	39.503
0.879	39.374
0.843	34.116
0.842	33.999
0.841	33.854
0.84	33.74
0.861	37.718
0.883	40.169
0.882	40.087
0.79	29.806
0.843	34.116
0.825	32.281
0.811	32.241
0.838	33.363
0.844	34.172
0.85	34.851
