P=? [ F (x=9&y=9&crashed=0) ]	R{"cost"}=? [ C<=100 ]
0.614	26.126
0.846	45.323
0.614	26.126
0.846	45.323
0.818	43.424
0.815	39.045
0.707	30.976
0.781	33.462
0.785	36.812
0.703	28.185
0.76	32.802
0.842	44.273
0.787	37.366
0.808	37.444
0.778	32.882
0.735	31.212
0.754	31.431
0.667	26.781
0.65	26.629
0.843	44.398
0.735	31.212
0.72	31.144
0.667	26.781
0.721	31.146
0.815	39.045
0.818	43.424
0.615	26.311
0.68	26.937
0.638	26.461
0.638	26.461
0.626	26.338
0.626	26.338
0.649	26.529
0.758	31.879
0.812	38.152
0.696	27.584
0.842	44.273
0.785	36.812
0.779	33.111
0.685	27.212
0.781	33.462
0.811	38.031
0.809	37.474
0.692	27.349
0.786	37.329
0.684	27.038
0.707	30.976
0.701	27.893
0.758	31.879
0.812	38.152
0.702	28.174
0.757	31.606
0.703	28.185
0.699	27.838
0.756	31.441
0.68	26.937
0.754	31.431
0.693	27.378
0.811	38.031
0.693	27.378
0.699	27.838
0.682	26.955
0.757	31.606
0.76	32.802
0.65	26.629
0.692	27.349
0.685	27.212
0.809	37.474
0.682	26.955
0.755	31.438
0.778	32.882
0.808	37.444
0.787	37.366
0.649	26.529
0.721	31.146
0.786	37.329
0.7	27.866
0.7	27.866
0.615	26.311
0.702	28.174
0.846	45.323
0.614	26.126
0.735	31.212
0.667	26.781
0.815	39.045
0.818	43.424
0.638	26.461
0.842	44.273
0.785	36.812
0.781	33.462
0.707	30.976
0.758	31.879
0.685	27.212
0.812	38.152
0.703	28.185
0.68	26.937
0.754	31.431
0.811	38.031
0.693	27.378
0.699	27.838
