P=? [ F (x=9&y=9&crashed=0) ]	R{"cost"}=? [ C<=100 ]
0.615	26.475
0.615	26.475
0.863	54.749
0.637	26.793
0.862	49.72
0.763	32.929
0.771	35.8
0.663	30.329
0.637	26.793
0.848	48.113
0.816	41.402
0.846	45.079
0.663	30.329
0.815	39.022
0.617	26.492
0.69	30.868
0.709	31.098
0.671	30.474
0.754	31.451
0.736	31.337
0.722	31.285
0.736	31.337
0.721	31.186
0.709	31.098
0.682	30.496
0.793	36.965
0.76	32.221
0.831	43.53
0.807	37.495
0.664	30.356
0.861	49.346
0.771	35.8
0.684	30.765
0.828	42.934
0.69	30.868
0.8	37.334
0.778	35.832
0.841	44.071
0.823	41.975
0.834	43.908
0.855	48.246
0.809	37.793
0.814	38.975
0.857	48.359
0.827	42.509
0.791	36.746
0.799	37.278
0.833	43.904
0.823	41.975
0.816	41.402
0.858	48.787
0.83	43.106
0.79	36.33
0.86	48.949
0.846	45.079
0.845	44.685
0.85	48.161
0.813	38.484
0.842	44.079
0.843	44.438
0.779	35.847
0.784	36.012
0.826	42.399
0.824	41.981
0.617	26.492
0.808	37.496
0.757	31.598
0.683	30.507
0.756	31.574
0.788	36.265
0.786	36.014
0.792	36.856
0.811	38.357
0.81	38.041
0.799	37.278
0.759	32.168
0.758	31.863
0.784	36.012
0.758	31.863
0.81	38.041
0.845	44.685
0.843	44.438
0.812	38.436
0.754	31.451
0.856	48.252
0.826	42.399
0.85	48.161
0.788	36.265
0.83	43.106
0.779	35.847
0.841	44.071
0.834	43.908
0.848	48.113
0.86	48.949
0.858	48.787
0.8	37.334
0.824	41.981
0.786	36.014
0.684	30.765
0.811	38.357
