P=? [ F (x=9&y=9&crashed=0) ]	R{"cost"}=? [ C<=100 ]
0.854	49.15
0.596	23.121
0.596	23.121
0.854	49.15
0.643	23.79
0.669	27.258
0.603	23.2
0.685	30.854
0.726	31.56
0.756	31.592
0.849	47.991
0.845	44.922
0.684	27.877
0.722	31.285
0.695	31.162
0.669	27.258
0.816	41.429
0.815	39.058
0.775	32.434
0.759	32.167
0.784	34.411
0.786	35.957
0.603	23.2
0.681	27.331
0.689	31.116
0.784	34.411
0.781	33.41
0.825	43.331
0.839	43.533
0.852	48.671
0.843	44.711
0.819	41.954
0.809	37.525
0.832	43.368
0.842	43.947
0.683	27.358
0.793	36.941
0.832	43.368
0.799	36.948
0.814	38.664
0.841	43.902
0.807	37.155
0.812	38.077
0.806	37.128
0.8	36.971
0.85	48.036
0.684	27.877
0.779	33.244
0.845	44.922
0.821	42.433
0.813	38.531
0.811	38.073
0.722	31.285
0.824	43.094
0.822	42.682
0.694	31.156
0.791	36.731
0.815	39.058
0.778	32.851
0.851	48.415
0.757	31.609
0.787	35.967
0.79	36.475
0.818	41.842
0.817	41.474
0.822	42.682
0.821	42.433
0.849	47.991
0.781	33.41
0.789	36.461
0.824	43.094
0.726	31.56
0.81	37.744
0.844	44.744
0.792	36.77
0.758	31.87
0.777	32.666
0.788	36.234
0.759	32.167
0.78	33.267
0.839	43.533
0.685	30.854
0.758	31.87
0.851	48.415
0.777	32.666
0.788	36.234
0.81	37.744
0.778	32.851
0.681	27.331
0.806	37.128
0.8	36.971
0.813	38.531
0.695	31.162
0.818	41.842
0.786	35.957
0.842	43.947
0.817	41.474
0.816	41.429
0.694	31.156
0.793	36.941
