P=? [ F (x=9&y=9&crashed=0) ]	R{"cost"}=? [ C<=100 ]
0.704	26.773
0.842	43.797
0.842	43.797
0.704	26.773
0.826	39.773
0.739	29.761
0.783	35.181
0.826	39.773
0.783	35.181
0.799	37.568
0.759	33.517
0.805	38.586
0.823	39.005
0.714	27.618
0.775	33.722
0.731	28.651
0.748	31.548
0.799	37.568
0.731	28.651
0.714	27.618
0.748	31.548
0.803	37.833
0.781	34.389
0.824	39.022
0.757	33.125
0.804	38.537
0.756	32.421
0.709	26.809
0.756	32.421
0.755	31.807
0.713	27.5
0.71	26.956
0.758	33.158
0.736	29.473
0.778	33.98
0.823	39.005
0.805	38.586
0.734	28.96
0.71	26.956
0.713	27.5
0.776	33.956
0.754	31.619
0.734	28.96
0.732	28.659
0.78	34.276
0.736	29.473
0.735	29.244
0.781	34.389
0.78	34.276
0.735	29.244
0.775	33.722
0.759	33.517
0.801	37.658
0.755	31.807
0.803	37.833
0.801	37.658
0.75	31.582
0.778	33.98
0.752	31.597
0.824	39.022
0.752	31.597
0.75	31.582
0.732	28.659
0.8	37.58
0.804	38.537
0.709	26.809
0.757	33.125
0.776	33.956
0.754	31.619
0.8	37.58
0.704	26.773
0.842	43.797
0.826	39.773
0.783	35.181
0.799	37.568
0.714	27.618
0.748	31.548
0.756	32.421
0.823	39.005
0.805	38.586
0.71	26.956
0.713	27.5
0.734	28.96
0.736	29.473
0.781	34.389
0.78	34.276
0.735	29.244
0.775	33.722
0.759	33.517
0.755	31.807
0.803	37.833
0.801	37.658
0.757	33.125
0.778	33.98
0.824	39.022
0.752	31.597
0.75	31.582
0.732	28.659
0.804	38.537
0.709	26.809
