P=? [ F (x=9&y=9&crashed=0) ]	R{"cost"}=? [ C<=100 ]
0.863	49.795
0.678	27.899
0.678	27.899
0.863	49.795
0.725	30.83
0.859	48.903
0.846	44.546
0.823	42.616
0.751	33.244
0.783	37.989
0.839	43.151
0.814	41.088
0.805	39.3
0.859	48.903
0.846	44.546
0.769	35.178
0.74	32.808
0.796	38.05
0.814	41.088
0.805	39.3
0.755	33.606
0.761	34.711
0.757	34.282
0.861	49.261
0.822	42.16
0.782	37.277
0.844	43.973
0.818	41.857
0.801	38.836
0.798	38.203
0.817	41.533
0.74	32.808
0.839	43.151
0.738	32.555
0.73	31.463
0.774	36.018
0.755	33.606
0.735	32.078
0.732	31.6
0.761	34.711
0.76	34.668
0.845	44.402
0.759	34.373
0.82	41.977
0.736	32.16
0.862	49.651
0.798	38.203
0.801	38.836
0.738	32.555
0.782	37.277
0.781	36.922
0.777	36.249
0.735	32.078
0.821	42.022
0.729	31.194
0.804	39.152
0.802	38.983
0.731	31.585
0.772	35.647
0.771	35.392
0.779	36.64
0.778	36.386
0.726	30.964
0.732	31.6
0.773	35.781
0.841	43.524
0.84	43.303
0.776	36.167
0.757	34.282
0.728	31.173
0.726	30.964
0.86	49.056
0.736	32.16
0.815	41.266
0.816	41.359
0.804	39.152
0.802	38.983
0.86	49.056
0.842	43.676
0.841	43.524
0.84	43.303
0.843	43.822
0.797	38.056
0.843	43.822
0.842	43.676
0.781	36.922
0.78	36.777
0.862	49.651
0.845	44.402
0.728	31.173
0.778	36.386
0.78	36.777
0.779	36.64
0.771	35.392
0.77	35.257
0.773	35.781
0.772	35.647
0.775	36.15
0.816	41.359
0.815	41.266
