P=? [ F (x=9&y=9&crashed=0) ]	R{"cost"}=? [ C<=100 ]
0.84	44.05
0.651	26.515
0.651	26.515
0.707	26.867
0.653	26.613
0.78	34.414
0.825	43.384
0.824	39.021
0.8	37.521
0.752	31.537
0.738	30.038
0.802	37.912
0.823	38.861
0.8	37.521
0.753	31.69
0.826	43.639
0.839	43.831
0.755	32.896
0.759	33.465
0.723	28.416
0.716	27.922
0.711	27.568
0.77	33.559
0.823	38.861
0.802	37.912
0.709	27.103
0.757	33.209
0.735	29.978
0.734	29.532
0.731	29.087
0.73	28.677
0.755	32.896
0.776	33.849
0.728	28.477
0.778	34.381
0.777	34.015
0.653	26.613
0.713	27.87
0.732	29.362
0.731	29.087
0.773	33.665
0.825	43.384
0.801	37.671
0.758	33.232
0.708	26.877
0.775	33.721
0.729	28.671
0.839	43.831
0.826	43.639
0.777	34.015
0.824	39.021
0.801	37.671
0.733	29.495
0.732	29.362
0.725	28.452
0.713	27.87
0.726	28.472
0.77	33.559
0.759	33.465
0.775	33.721
0.771	33.614
0.737	30.034
0.736	29.982
0.734	29.532
0.733	29.495
0.772	33.639
0.772	33.639
0.771	33.614
0.714	27.894
0.758	33.232
0.779	34.401
0.778	34.381
0.724	28.433
0.715	27.912
0.714	27.894
0.724	28.433
0.779	34.401
0.715	27.912
0.708	26.877
0.73	28.677
0.729	28.671
0.726	28.472
0.737	30.034
0.736	29.982
0.735	29.978
0.8	37.521
0.823	38.861
0.802	37.912
0.755	32.896
0.653	26.613
0.731	29.087
0.825	43.384
0.839	43.831
0.708	26.877
0.777	34.015
0.824	39.021
0.801	37.671
0.713	27.87
0.77	33.559
0.759	33.465
