P=? [ F (x=9&y=9&crashed=0) ]	R{"cost"}=? [ C<=100 ]
0.726	31.016
0.863	49.755
0.726	31.016
0.863	49.755
0.846	44.585
0.857	48.708
0.799	39.413
0.75	33.449
0.731	31.724
0.754	33.8
0.771	35.577
0.816	41.372
0.754	33.8
0.824	42.721
0.75	33.449
0.84	43.457
0.816	41.372
0.799	39.413
0.771	35.577
0.731	31.724
0.791	38.349
0.778	37.832
0.857	48.708
0.791	38.349
0.776	37.529
0.775	36.378
0.797	38.36
0.84	43.457
0.824	42.721
0.798	38.766
0.862	49.59
0.778	37.832
0.727	31.353
0.821	42.231
0.843	43.81
0.845	44.535
0.844	44.106
0.798	38.766
0.775	36.378
0.774	35.985
0.823	42.611
0.822	42.253
0.861	49.246
0.86	49.041
0.772	35.908
0.73	31.393
0.729	31.374
0.82	41.929
0.844	44.106
0.777	37.822
0.776	37.529
0.86	49.041
0.858	48.765
0.843	43.81
0.841	43.535
0.817	41.619
0.841	43.535
0.861	49.246
0.819	41.874
0.818	41.672
0.858	48.765
0.823	42.611
0.82	41.929
0.819	41.874
0.818	41.672
0.817	41.619
0.845	44.535
0.774	35.985
0.773	35.935
0.773	35.935
0.772	35.908
0.822	42.253
0.727	31.353
0.73	31.393
0.797	38.36
0.777	37.822
0.863	49.755
0.726	31.016
0.754	33.8
0.75	33.449
0.816	41.372
0.799	39.413
0.771	35.577
0.731	31.724
0.857	48.708
0.791	38.349
0.778	37.832
0.798	38.766
0.844	44.106
0.776	37.529
0.843	43.81
0.841	43.535
0.858	48.765
0.823	42.611
0.82	41.929
0.817	41.619
0.845	44.535
0.773	35.935
0.772	35.908
0.727	31.353
