P=? [ F (x=9&y=9&crashed=0) ]	R{"cost"}=? [ C<=100 ]
0.844	44.373
0.683	27.216
0.683	27.216
0.844	44.373
0.708	31.005
0.817	41.914
0.781	33.459
0.733	31.219
0.815	38.719
0.696	27.895
0.752	31.453
0.786	35.836
0.777	32.656
0.76	32.325
0.722	31.185
0.708	31.005
0.722	31.185
0.696	27.895
0.84	43.553
0.806	37.326
0.692	27.862
0.832	43.358
0.757	31.483
0.823	42.778
0.758	31.751
0.832	43.358
0.82	42.441
0.8	37.152
0.794	37.134
0.792	37.113
0.825	43.349
0.692	27.862
0.817	41.914
0.788	36.338
0.824	43.337
0.8	37.152
0.82	42.441
0.791	36.578
0.787	35.848
0.813	38.472
0.812	38.13
0.786	35.836
0.759	32.148
0.843	44.28
0.815	38.719
0.808	37.333
0.779	33.111
0.81	37.811
0.779	33.111
0.823	42.778
0.777	32.656
0.76	32.325
0.79	36.357
0.842	44.122
0.81	37.811
0.841	43.803
0.812	38.13
0.841	43.803
0.813	38.472
0.809	37.579
0.809	37.579
0.778	32.88
0.778	32.88
0.791	36.578
0.84	43.553
0.759	32.148
0.842	44.122
0.694	27.889
0.693	27.869
0.79	36.357
0.788	36.338
0.793	37.131
0.787	35.848
0.824	43.337
0.825	43.349
0.693	27.869
0.808	37.333
0.694	27.889
0.793	37.131
0.844	44.373
0.683	27.216
0.708	31.005
0.696	27.895
0.832	43.358
0.692	27.862
0.817	41.914
0.8	37.152
0.82	42.441
0.786	35.836
0.815	38.719
0.779	33.111
0.823	42.778
0.777	32.656
0.791	36.578
0.81	37.811
0.812	38.13
0.842	44.122
0.841	43.803
0.813	38.472
0.809	37.579
