P=? [ F (x=9&y=9&crashed=0) ]	R{"cost"}=? [ C<=100 ]
0.708	31.186
0.862	49.569
0.847	47.844
0.844	44.88
0.778	35.733
0.815	41.416
0.814	38.888
0.761	35.545
0.746	33.757
0.746	33.757
0.76	35.509
0.76	35.509
0.796	36.984
0.743	33.171
0.721	31.3
0.836	43.616
0.853	48.091
0.732	33.062
0.71	31.209
0.784	35.823
0.84	43.954
0.791	36.823
0.744	33.176
0.8	37.317
0.731	33.019
0.73	32.373
0.81	37.86
0.822	41.678
0.812	38.417
0.831	43.558
0.841	44.477
0.825	42.181
0.827	42.455
0.722	31.462
0.726	31.906
0.817	41.487
0.726	31.906
0.805	37.37
0.855	48.328
0.858	48.939
0.847	47.844
0.828	42.935
0.729	32.347
0.856	48.351
0.8	37.317
0.724	31.63
0.826	42.436
0.824	41.921
0.789	36.456
0.811	38.245
0.813	38.783
0.83	43.379
0.829	43.017
0.84	43.954
0.788	36.434
0.787	36.119
0.817	41.487
0.843	44.778
0.841	44.477
0.857	48.642
0.857	48.642
0.724	31.63
0.729	32.347
0.809	37.606
0.79	36.7
0.823	41.914
0.843	44.778
0.822	41.678
0.861	49.384
0.86	49.195
0.861	49.384
0.86	49.195
0.859	49.015
0.83	43.379
0.787	36.119
0.786	35.944
0.811	38.245
0.808	37.595
0.807	37.467
0.79	36.7
0.732	33.062
0.813	38.783
0.721	31.3
0.785	35.914
0.71	31.209
0.829	43.017
0.828	42.935
0.859	49.015
0.807	37.467
0.806	37.406
0.831	43.558
0.805	37.37
0.806	37.406
0.786	35.944
0.785	35.914
0.788	36.434
0.709	31.206
0.809	37.606
0.808	37.595
0.823	41.914
