P=? [ F (x=9&y=9&crashed=0) ]	R{"cost"}=? [ C<=100 ]
0.627	26.369
0.844	44.688
0.844	44.688
0.627	26.369
0.709	31.087
0.708	27.833
0.818	42.289
0.814	38.831
0.735	31.2
0.783	34.379
0.786	35.952
0.754	31.427
0.759	32.36
0.651	26.693
0.668	27.123
0.83	43.494
0.651	26.693
0.668	27.123
0.773	32.411
0.721	31.141
0.84	43.797
0.64	26.655
0.83	43.494
0.628	26.45
0.699	27.826
0.639	26.589
0.678	27.141
0.791	37.003
0.69	27.352
0.679	27.157
0.72	31.139
0.821	42.958
0.799	37.331
0.807	37.383
0.798	37.089
0.812	38.319
0.82	42.795
0.781	33.794
0.778	33.307
0.776	32.732
0.787	36.079
0.78	33.786
0.779	33.313
0.758	31.982
0.755	31.434
0.758	31.982
0.821	42.958
0.788	36.439
0.695	27.584
0.695	27.584
0.843	44.621
0.842	44.157
0.813	38.765
0.818	42.289
0.819	42.427
0.79	36.641
0.774	32.429
0.814	38.831
0.84	43.797
0.786	35.952
0.841	44.079
0.691	27.371
0.699	27.826
0.775	32.677
0.754	31.427
0.691	27.371
0.808	37.596
0.809	37.806
0.808	37.596
0.811	38.179
0.81	37.971
0.69	27.352
0.679	27.157
0.755	31.434
0.81	37.971
0.809	37.806
0.811	38.179
0.776	32.732
0.639	26.589
0.628	26.45
0.819	42.427
0.79	36.641
0.789	36.514
0.781	33.794
0.778	33.307
0.798	37.089
0.791	37.003
0.842	44.157
0.841	44.079
0.789	36.514
0.843	44.621
0.813	38.765
0.721	31.141
0.775	32.677
0.72	31.139
0.807	37.383
0.799	37.331
0.709	31.087
0.773	32.411
0.759	32.36
