P=? [ F (x=9&y=9&crashed=0) ]	R{"cost"}=? [ C<=100 ]
0.645	29.349
0.86	56.419
0.645	29.349
0.677	29.711
0.859	56.134
0.854	51.965
0.698	33.272
0.838	50.366
0.829	46.629
0.696	31.016
0.807	44.206
0.677	29.711
0.821	45.106
0.69	30.037
0.712	33.444
0.84	50.636
0.786	40.95
0.722	33.97
0.838	50.366
0.772	39.281
0.715	33.888
0.848	50.715
0.829	46.629
0.758	38.23
0.755	37.926
0.76	38.503
0.766	39.042
0.827	46.078
0.752	37.099
0.854	51.965
0.821	45.106
0.807	44.206
0.793	41.229
0.851	51.438
0.859	56.134
0.737	34.92
0.8	42.836
0.773	39.53
0.726	34.319
0.764	38.675
0.748	36.21
0.78	40.16
0.797	42.154
0.729	34.757
0.752	37.099
0.798	42.189
0.732	34.877
0.794	41.367
0.75	36.684
0.85	50.986
0.748	36.21
0.745	35.762
0.755	37.926
0.781	40.394
0.696	31.016
0.75	36.684
0.853	51.554
0.825	45.78
0.745	35.762
0.802	43.115
0.74	35.191
0.795	41.724
0.783	40.461
0.713	33.455
0.795	41.724
0.825	45.78
0.694	30.593
0.806	43.912
0.828	46.494
0.8	42.836
0.823	45.377
0.74	35.191
0.822	45.242
0.803	43.496
0.691	30.278
0.777	39.793
0.776	39.675
0.766	39.042
0.728	34.547
0.724	34.179
0.785	40.789
0.69	30.037
0.693	30.591
0.692	30.292
0.698	33.272
0.764	38.675
0.737	34.92
0.732	34.877
0.806	43.912
0.804	43.622
0.785	40.789
0.802	43.115
0.793	41.229
0.85	50.986
0.724	34.179
0.823	45.377
0.778	39.926
0.743	35.506
0.804	43.622
0.742	35.438
