P=? [ F (x=9&y=9&crashed=0) ]	R{"cost"}=? [ C<=100 ]
0.76	32.367
0.872	69.55
0.872	69.55
0.76	32.367
0.791	36.454
0.791	36.454
0.856	60.252
0.81	36.689
0.87	69.271
0.864	63.18
0.853	56.689
0.847	52.147
0.855	57.042
0.843	51.171
0.839	47.72
0.834	46.659
0.831	43.28
0.818	41.125
0.815	37.869
0.862	62.622
0.847	52.147
0.864	63.18
0.862	62.622
0.853	56.689
0.87	69.271
0.822	41.887
0.827	42.26
0.837	46.942
0.839	47.72
0.843	51.171
0.838	47.431
0.815	37.869
0.831	43.28
0.863	62.892
0.829	42.682
0.834	46.659
0.818	41.125
0.81	36.689
0.835	46.76
0.846	51.72
0.812	37.034
0.814	37.5
0.813	37.114
0.827	42.26
0.822	41.887
0.814	37.5
0.812	37.034
0.83	43.015
0.821	41.591
0.846	51.72
0.845	51.434
0.828	42.542
0.854	56.955
0.83	43.015
0.82	41.411
0.819	41.205
0.835	46.76
0.821	41.591
0.82	41.411
0.844	51.332
0.871	69.422
0.828	42.542
0.871	69.422
0.845	51.434
0.844	51.332
0.854	56.955
0.813	37.114
0.819	41.205
0.76	32.367
0.872	69.55
0.791	36.454
0.847	52.147
0.862	62.622
0.853	56.689
0.864	63.18
0.87	69.271
0.839	47.72
0.843	51.171
0.815	37.869
0.831	43.28
0.818	41.125
0.822	41.887
0.814	37.5
0.812	37.034
0.846	51.72
0.83	43.015
0.821	41.591
0.82	41.411
0.871	69.422
0.845	51.434
0.844	51.332
0.813	37.114
0.819	41.205
0.872	69.55
0.76	32.367
0.791	36.454
0.862	62.622
0.853	56.689
0.864	63.18
0.87	69.271
