P=? [ F (x=9&y=9&crashed=0) ]	R{"cost"}=? [ C<=100 ]
0.711	27.998
0.836	48.207
0.836	48.207
0.711	27.998
0.729	31.664
0.763	31.846
0.79	32.499
0.834	47.785
0.828	42.53
0.826	42.018
0.812	37.02
0.791	36.084
0.714	28.125
0.778	32.218
0.729	31.664
0.812	37.02
0.714	28.125
0.826	42.018
0.81	36.458
0.797	36.131
0.763	31.846
0.775	31.885
0.797	36.131
0.828	42.53
0.834	47.785
0.811	36.679
0.81	36.458
0.776	31.923
0.827	42.243
0.79	32.499
0.835	47.977
0.827	42.243
0.811	36.679
0.776	31.923
0.835	47.977
0.791	36.084
0.775	31.885
0.836	48.207
0.711	27.998
0.729	31.664
0.826	42.018
0.763	31.846
0.797	36.131
0.828	42.53
0.834	47.785
0.81	36.458
0.79	32.499
0.827	42.243
0.811	36.679
0.835	47.977
0.791	36.084
0.775	31.885
0.836	48.207
0.711	27.998
0.729	31.664
0.826	42.018
0.763	31.846
0.797	36.131
0.828	42.53
0.834	47.785
0.81	36.458
0.79	32.499
0.827	42.243
0.811	36.679
0.835	47.977
0.791	36.084
0.775	31.885
0.836	48.207
0.711	27.998
0.729	31.664
0.826	42.018
0.763	31.846
0.797	36.131
0.828	42.53
0.834	47.785
0.775	31.885
0.81	36.458
0.79	32.499
0.827	42.243
0.835	47.977
0.791	36.084
0.711	27.998
0.729	31.664
0.826	42.018
0.763	31.846
0.797	36.131
0.828	42.53
0.834	47.785
0.775	31.885
0.81	36.458
0.79	32.499
0.827	42.243
0.835	47.977
0.791	36.084
0.711	27.998
0.729	31.664
0.826	42.018
0.775	31.885
0.763	31.846
0.797	36.131
