P=? [ F (x=9&y=9&crashed=0) ]	R{"cost"}=? [ C<=100 ]
0.765	50.845
0.644	27.403
0.765	50.845
0.764	50.534
0.757	46.997
0.674	31.374
0.754	46.296
0.743	42.918
0.7	36.216
0.699	33.279
0.725	40.643
0.721	37.809
0.671	28.631
0.743	42.918
0.655	27.443
0.754	46.296
0.757	46.997
0.659	27.852
0.667	27.962
0.764	50.534
0.685	32.049
0.74	42.139
0.692	32.265
0.735	42.004
0.721	37.809
0.727	41.075
0.725	40.643
0.679	31.719
0.671	28.631
0.697	32.727
0.733	41.305
0.726	40.853
0.718	37.045
0.755	46.331
0.705	36.4
0.708	36.551
0.73	41.109
0.682	31.73
0.716	37.03
0.712	36.866
0.676	31.534
0.669	28.094
0.756	46.641
0.734	41.648
0.683	31.757
0.67	28.285
0.734	41.648
0.694	32.355
0.72	37.492
0.742	42.668
0.741	42.355
0.756	46.641
0.704	36.288
0.667	27.962
0.698	33.006
0.699	33.279
0.698	33.006
0.702	36.285
0.742	42.668
0.72	37.492
0.719	37.25
0.71	36.636
0.715	37.017
0.714	36.989
0.711	36.646
0.692	32.265
0.685	32.049
0.741	42.355
0.719	37.25
0.68	31.728
0.696	32.528
0.702	36.285
0.67	28.285
0.676	31.534
0.684	31.885
0.675	31.529
0.708	36.551
0.705	36.4
0.658	27.706
0.735	42.004
0.669	28.094
0.658	27.706
0.657	27.575
0.684	31.885
0.714	36.989
0.712	36.866
0.659	27.852
0.696	32.528
0.695	32.419
0.732	41.209
0.693	32.271
0.656	27.523
0.7	36.216
0.695	32.419
0.732	41.209
0.731	41.148
0.657	27.575
0.656	27.523
0.709	36.6
0.655	27.443
