P=? [ F (x=9&y=9&crashed=0) ]	R{"cost"}=? [ C<=100 ]
0.781	61.588
0.646	27.331
0.646	27.331
0.781	61.588
0.773	55.802
0.773	55.802
0.765	51.5
0.763	50.525
0.757	46.568
0.663	27.889
0.746	45.313
0.742	42.507
0.676	31.494
0.672	28.859
0.765	51.5
0.702	35.955
0.7	33.562
0.725	40.361
0.722	38.34
0.669	27.963
0.689	32.084
0.757	46.568
0.763	50.525
0.712	36.765
0.726	40.541
0.657	27.585
0.748	45.681
0.735	41.753
0.764	50.86
0.69	32.282
0.717	36.868
0.655	27.438
0.695	32.382
0.65	27.427
0.753	45.819
0.684	31.803
0.722	38.34
0.742	42.507
0.672	28.859
0.677	31.549
0.676	31.494
0.746	45.313
0.681	31.72
0.705	36.39
0.73	40.825
0.65	27.427
0.756	46.208
0.696	32.512
0.725	40.361
0.709	36.431
0.733	40.947
0.747	45.362
0.738	41.783
0.755	46.076
0.657	27.585
0.684	31.803
0.708	36.408
0.754	45.885
0.7	33.562
0.721	37.851
0.711	36.543
0.734	41.291
0.704	36.386
0.703	35.966
0.721	37.851
0.72	37.456
0.732	40.915
0.697	32.86
0.734	41.291
0.731	40.845
0.67	28.305
0.671	28.636
0.67	28.305
0.682	31.768
0.73	40.825
0.702	35.955
0.655	27.438
0.699	33.307
0.699	33.307
0.698	33.074
0.741	42.282
0.741	42.282
0.74	42.058
0.72	37.456
0.719	37.233
0.671	28.636
0.719	37.233
0.718	37.017
0.698	33.074
0.697	32.86
0.74	42.058
0.739	41.883
0.681	31.72
0.677	31.549
0.718	37.017
0.753	45.819
0.748	45.681
0.711	36.543
0.717	36.868
0.695	32.382
