P=? [ F (x=9&y=9&crashed=0) ]	R{"cost"}=? [ C<=100 ]
0.75	50.587
0.64	27.016
0.64	27.016
0.75	50.587
0.749	46.33
0.742	45.735
0.735	41.568
0.7	35.927
0.721	40.686
0.72	37.464
0.699	33.196
0.676	31.272
0.672	28.668
0.662	27.754
0.722	40.868
0.653	27.69
0.732	40.932
0.735	41.568
0.742	45.735
0.717	36.871
0.651	27.446
0.712	36.709
0.669	28.312
0.664	28.087
0.748	46.036
0.646	27.253
0.645	27.192
0.672	28.668
0.683	31.777
0.687	31.88
0.676	31.272
0.709	36.365
0.744	46.016
0.705	36.221
0.704	36.215
0.663	27.975
0.678	31.42
0.69	32.092
0.743	46.004
0.671	28.437
0.669	28.312
0.681	31.593
0.691	32.303
0.734	41.199
0.695	32.474
0.694	32.354
0.749	46.33
0.704	36.215
0.7	35.927
0.718	37.15
0.697	32.747
0.696	32.489
0.699	33.196
0.698	32.945
0.652	27.683
0.664	28.087
0.693	32.344
0.734	41.199
0.733	40.981
0.72	37.464
0.719	37.253
0.698	32.945
0.697	32.747
0.651	27.446
0.646	27.253
0.711	36.518
0.721	40.686
0.645	27.192
0.682	31.603
0.681	31.593
0.678	31.42
0.717	36.871
0.712	36.709
0.709	36.365
0.705	36.221
0.711	36.518
0.71	36.382
0.671	28.437
0.719	37.253
0.718	37.15
0.683	31.777
0.687	31.88
0.688	31.974
0.677	31.328
0.689	32.0
0.732	40.932
0.722	40.868
0.677	31.328
0.733	40.981
0.693	32.344
0.691	32.303
0.689	32.0
0.688	31.974
0.748	46.036
0.744	46.016
0.71	36.382
0.696	32.489
0.682	31.603
0.652	27.683
0.75	50.587
