P=? [ F (x=9&y=9&crashed=0) ]	R{"cost"}=? [ C<=100 ]
0.781	56.242
0.698	35.921
0.698	35.921
0.764	50.575
0.722	38.218
0.778	55.471
0.773	51.52
0.758	46.775
0.744	45.966
0.743	42.803
0.725	41.235
0.715	37.024
0.707	36.945
0.726	41.324
0.754	46.086
0.764	50.575
0.733	41.385
0.758	46.775
0.778	55.471
0.748	46.04
0.773	51.52
0.703	36.282
0.769	50.93
0.721	37.766
0.739	42.218
0.755	46.445
0.771	50.99
0.725	41.235
0.718	37.26
0.706	36.692
0.757	46.532
0.737	41.988
0.78	55.877
0.703	36.282
0.779	55.828
0.769	50.93
0.705	36.686
0.704	36.331
0.772	51.308
0.77	50.967
0.746	45.979
0.742	42.612
0.741	42.341
0.736	41.832
0.735	41.582
0.72	37.586
0.719	37.347
0.718	37.26
0.737	41.988
0.772	51.308
0.743	42.803
0.742	42.612
0.72	37.586
0.736	41.832
0.735	41.582
0.734	41.428
0.719	37.347
0.757	46.532
0.755	46.445
0.74	42.304
0.707	36.945
0.733	41.385
0.704	36.331
0.78	55.877
0.779	55.828
0.754	46.086
0.748	46.04
0.734	41.428
0.747	46.016
0.741	42.341
0.74	42.304
0.747	46.016
0.746	45.979
0.744	45.966
0.705	36.686
0.698	35.921
0.764	50.575
0.758	46.775
0.703	36.282
0.769	50.93
0.737	41.988
0.772	51.308
0.743	42.803
0.742	42.612
0.718	37.26
0.736	41.832
0.735	41.582
0.707	36.945
0.719	37.347
0.757	46.532
0.755	46.445
0.733	41.385
0.704	36.331
0.779	55.828
0.754	46.086
0.748	46.04
0.74	42.304
0.746	45.979
0.744	45.966
0.705	36.686
