P=? [ F (x=9&y=9&crashed=0) ]	R{"cost"}=? [ C<=100 ]
0.861	53.952
0.648	26.407
0.861	53.952
0.648	26.407
0.655	26.897
0.719	28.028
0.754	31.727
0.852	52.712
0.851	48.06
0.82	37.782
0.831	41.558
0.734	28.522
0.785	33.441
0.841	46.528
0.837	43.893
0.777	32.135
0.799	35.991
0.734	28.522
0.758	32.079
0.785	33.441
0.82	37.782
0.655	26.897
0.835	43.246
0.799	35.991
0.831	41.558
0.843	47.369
0.834	41.979
0.719	28.028
0.804	36.659
0.813	36.694
0.86	53.032
0.859	52.892
0.728	28.097
0.721	28.071
0.849	47.774
0.842	46.597
0.818	37.166
0.837	43.893
0.836	43.754
0.783	32.95
0.841	46.528
0.8	36.118
0.779	32.705
0.731	28.479
0.849	47.774
0.843	47.369
0.756	31.98
0.729	28.222
0.778	32.404
0.818	37.166
0.778	32.404
0.815	36.778
0.781	32.787
0.756	31.98
0.801	36.318
0.803	36.557
0.802	36.359
0.783	32.95
0.758	32.079
0.859	52.892
0.852	52.712
0.813	36.694
0.73	28.316
0.721	28.071
0.834	41.979
0.85	47.924
0.817	37.016
0.833	41.829
0.832	41.703
0.86	53.032
0.836	43.754
0.85	47.924
0.833	41.829
0.832	41.703
0.817	37.016
0.816	36.892
0.816	36.892
0.782	32.894
0.803	36.557
0.73	28.316
0.815	36.778
0.781	32.787
0.779	32.705
0.842	46.597
0.782	32.894
0.777	32.135
0.731	28.479
0.802	36.359
0.801	36.318
0.804	36.659
0.728	28.097
0.861	53.952
0.648	26.407
0.734	28.522
0.785	33.441
0.82	37.782
0.655	26.897
0.799	35.991
0.719	28.028
0.841	46.528
