P=? [ F (x=9&y=9&crashed=0) ]	R{"cost"}=? [ C<=100 ]
0.647	26.284
0.823	43.072
0.647	26.284
0.753	31.59
0.82	37.706
0.821	42.556
0.667	26.973
0.713	27.415
0.799	35.982
0.73	28.304
0.785	33.288
0.753	31.59
0.73	28.304
0.774	31.951
0.655	26.464
0.803	36.69
0.815	36.858
0.785	33.288
0.666	26.649
0.725	27.539
0.714	27.466
0.774	31.951
0.778	32.183
0.713	27.415
0.667	26.973
0.652	26.41
0.822	42.936
0.821	42.556
0.727	27.749
0.781	32.689
0.729	28.031
0.818	37.437
0.802	36.359
0.652	26.41
0.779	32.49
0.727	27.749
0.729	28.031
0.82	37.706
0.818	37.437
0.783	33.187
0.816	37.126
0.782	32.919
0.8	36.23
0.817	37.191
0.778	32.183
0.782	32.919
0.666	26.649
0.725	27.539
0.815	36.858
0.803	36.69
0.78	32.644
0.779	32.49
0.822	42.936
0.801	36.33
0.8	36.23
0.714	27.466
0.817	37.191
0.816	37.126
0.784	33.241
0.783	33.187
0.784	33.241
0.78	32.644
0.802	36.359
0.801	36.33
0.647	26.284
0.753	31.59
0.73	28.304
0.785	33.288
0.774	31.951
0.713	27.415
0.667	26.973
0.821	42.556
0.652	26.41
0.727	27.749
0.729	28.031
0.82	37.706
0.818	37.437
0.778	32.183
0.782	32.919
0.666	26.649
0.815	36.858
0.803	36.69
0.822	42.936
0.779	32.49
0.8	36.23
0.714	27.466
0.817	37.191
0.816	37.126
0.783	33.187
0.784	33.241
0.78	32.644
0.802	36.359
0.801	36.33
0.753	31.59
0.73	28.304
0.774	31.951
0.713	27.415
0.821	42.556
0.652	26.41
0.727	27.749
