P=? [ F (x=9&y=9&crashed=0) ]	R{"cost"}=? [ C<=100 ]
0.616	22.995
0.836	43.967
0.836	43.967
0.616	22.995
0.818	41.274
0.817	37.064
0.645	26.194
0.746	31.597
0.797	35.999
0.732	28.402
0.782	32.831
0.72	27.348
0.645	26.194
0.668	27.077
0.693	27.168
0.692	27.163
0.777	31.99
0.757	31.836
0.782	32.831
0.652	26.347
0.826	42.902
0.824	41.99
0.797	35.999
0.666	26.633
0.732	28.402
0.746	31.597
0.833	43.058
0.652	26.347
0.824	41.99
0.808	36.815
0.818	41.274
0.753	31.603
0.832	42.914
0.814	36.826
0.803	36.522
0.724	27.37
0.808	36.815
0.729	28.213
0.728	27.86
0.757	31.836
0.833	43.058
0.779	32.467
0.778	32.151
0.754	31.726
0.667	26.778
0.803	36.522
0.666	26.633
0.727	27.854
0.726	27.587
0.816	36.926
0.693	27.168
0.802	36.358
0.799	36.049
0.778	32.151
0.777	31.99
0.78	32.615
0.779	32.467
0.801	36.262
0.8	36.115
0.781	32.686
0.667	26.778
0.725	27.509
0.817	37.064
0.731	28.334
0.73	28.217
0.754	31.726
0.826	42.902
0.814	36.826
0.816	36.926
0.802	36.358
0.801	36.262
0.692	27.163
0.668	27.077
0.726	27.587
0.725	27.509
0.781	32.686
0.78	32.615
0.731	28.334
0.8	36.115
0.799	36.049
0.724	27.37
0.832	42.914
0.753	31.603
0.728	27.86
0.727	27.854
0.73	28.217
0.729	28.213
0.616	22.995
0.645	26.194
0.782	32.831
0.797	35.999
0.732	28.402
0.746	31.597
0.652	26.347
0.824	41.99
0.818	41.274
0.808	36.815
0.757	31.836
0.833	43.058
0.803	36.522
