P=? [ F (x=9&y=9&crashed=0) ]	R{"cost"}=? [ C<=100 ]
0.89	53.526
0.589	29.795
0.89	53.526
0.589	29.795
0.707	31.621
0.619	30.018
0.707	31.621
0.771	35.234
0.771	35.234
0.619	30.018
0.882	52.549
0.881	49.128
0.866	47.14
0.864	44.277
0.802	35.448
0.812	37.993
0.81	36.358
0.842	41.053
0.834	40.362
0.818	39.278
0.816	38.615
0.846	41.933
0.841	40.702
0.87	47.252
0.822	39.314
0.816	38.615
0.812	37.993
0.852	42.251
0.889	53.113
0.885	53.016
0.832	39.904
0.879	48.357
0.863	43.922
0.871	47.602
0.884	52.603
0.876	47.974
0.864	44.277
0.834	40.362
0.808	36.086
0.881	49.128
0.88	48.713
0.847	42.022
0.879	48.357
0.863	43.922
0.86	43.551
0.853	42.618
0.88	48.713
0.829	39.83
0.841	40.702
0.846	41.933
0.86	43.551
0.874	47.839
0.805	35.833
0.876	47.974
0.874	47.839
0.855	42.954
0.825	39.572
0.859	43.392
0.858	43.147
0.809	36.33
0.803	35.608
0.871	47.602
0.805	35.833
0.857	42.993
0.829	39.83
0.852	42.251
0.847	42.022
0.803	35.608
0.826	39.636
0.825	39.572
0.802	35.448
0.854	42.758
0.826	39.636
0.807	35.99
0.859	43.392
0.807	35.99
0.858	43.147
0.832	39.904
0.854	42.758
0.853	42.618
0.818	39.278
0.81	36.358
0.889	53.113
0.885	53.016
0.884	52.603
0.882	52.549
0.857	42.993
0.855	42.954
0.809	36.33
0.589	29.795
0.89	53.526
0.707	31.621
0.771	35.234
0.619	30.018
0.816	38.615
0.812	37.993
0.864	44.277
0.834	40.362
0.881	49.128
0.879	48.357
