P=? [ F (x=9&y=9&crashed=0) ]	R{"cost"}=? [ C<=100 ]
0.734	32.087
0.884	52.539
0.734	32.087
0.884	52.539
0.813	35.153
0.751	35.086
0.867	47.089
0.865	43.049
0.877	51.698
0.876	48.368
0.748	32.187
0.85	41.349
0.848	38.226
0.749	34.983
0.822	35.872
0.841	37.621
0.841	37.621
0.822	35.872
0.854	42.447
0.744	32.132
0.851	41.373
0.876	48.368
0.875	47.669
0.845	37.878
0.819	35.551
0.879	51.998
0.815	35.382
0.858	42.694
0.857	42.456
0.871	47.273
0.861	42.717
0.744	32.132
0.819	35.551
0.845	37.878
0.879	51.998
0.868	47.188
0.862	42.95
0.882	52.234
0.877	51.698
0.816	35.409
0.851	41.373
0.854	42.447
0.847	38.155
0.882	52.234
0.867	47.089
0.873	47.508
0.883	52.304
0.871	47.273
0.848	38.226
0.847	38.155
0.873	47.508
0.751	35.086
0.865	43.049
0.864	43.024
0.85	41.349
0.816	35.409
0.749	34.983
0.875	47.669
0.874	47.577
0.868	47.188
0.864	43.024
0.862	42.95
0.883	52.304
0.874	47.577
0.748	32.187
0.861	42.717
0.858	42.694
0.857	42.456
0.884	52.539
0.734	32.087
0.841	37.621
0.822	35.872
0.876	48.368
0.744	32.132
0.819	35.551
0.845	37.878
0.879	51.998
0.816	35.409
0.751	35.086
0.877	51.698
0.851	41.373
0.854	42.447
0.882	52.234
0.867	47.089
0.871	47.273
0.848	38.226
0.847	38.155
0.873	47.508
0.865	43.049
0.85	41.349
0.749	34.983
0.875	47.669
0.868	47.188
0.864	43.024
0.862	42.95
0.883	52.304
0.874	47.577
0.748	32.187
0.861	42.717
0.857	42.456
