P=? [ F (x=9&y=9&crashed=0) ]	R{"cost"}=? [ C<=100 ]
0.768	29.22
0.906	50.127
0.906	50.127
0.768	29.22
0.8	29.571
0.898	49.455
0.77	29.236
0.897	45.507
0.853	37.657
0.851	34.252
0.88	42.888
0.879	40.208
0.832	33.728
0.857	38.999
0.847	33.853
0.816	32.928
0.809	30.815
0.875	39.328
0.853	37.657
0.866	39.204
0.809	30.815
0.805	29.965
0.865	39.114
0.893	44.759
0.816	32.928
0.883	44.276
0.881	43.335
0.8	29.571
0.886	44.693
0.824	33.586
0.878	39.739
0.805	29.965
0.896	45.037
0.829	33.587
0.881	43.335
0.808	30.535
0.808	30.535
0.857	38.999
0.851	34.252
0.82	33.303
0.897	45.507
0.879	40.208
0.902	49.721
0.824	33.586
0.88	42.888
0.875	39.328
0.878	39.739
0.848	33.877
0.77	29.236
0.848	33.877
0.819	33.28
0.817	32.988
0.885	44.674
0.884	44.39
0.82	33.303
0.904	50.012
0.903	49.732
0.831	33.603
0.905	50.024
0.902	49.721
0.898	49.455
0.883	44.276
0.894	44.823
0.896	45.037
0.894	44.823
0.817	32.988
0.819	33.28
0.847	33.853
0.866	39.204
0.865	39.114
0.884	44.39
0.893	44.759
0.886	44.693
0.885	44.674
0.769	29.233
0.83	33.6
0.904	50.012
0.903	49.732
0.83	33.6
0.769	29.233
0.829	33.587
0.906	50.127
0.768	29.22
0.853	37.657
0.809	30.815
0.816	32.928
0.8	29.571
0.805	29.965
0.881	43.335
0.808	30.535
0.857	38.999
0.851	34.252
0.897	45.507
0.879	40.208
0.88	42.888
0.875	39.328
0.878	39.739
0.77	29.236
0.848	33.877
0.82	33.303
