P=? [ F (x=9&y=9&crashed=0) ]	R{"cost"}=? [ C<=100 ]
0.811	28.04
0.907	50.685
0.811	28.04
0.907	50.685
0.898	45.478
0.896	45.026
0.881	40.338
0.828	32.48
0.857	35.379
0.857	35.379
0.874	39.07
0.881	40.338
0.874	39.07
0.896	45.026
0.82	29.703
0.837	32.967
0.898	45.478
0.828	32.48
0.82	29.703
0.847	33.809
0.841	33.467
0.816	29.338
0.853	34.595
0.837	32.967
0.876	39.486
0.85	34.201
0.847	33.809
0.815	28.554
0.853	34.595
0.851	34.59
0.814	28.544
0.84	33.464
0.814	28.544
0.84	33.464
0.897	45.035
0.88	39.943
0.85	34.201
0.875	39.101
0.819	29.35
0.841	33.467
0.877	39.749
0.818	29.343
0.878	39.886
0.877	39.749
0.88	39.943
0.879	39.896
0.875	39.101
0.815	28.554
0.879	39.896
0.878	39.886
0.897	45.035
0.819	29.35
0.818	29.343
0.816	29.338
0.851	34.59
0.907	50.685
0.811	28.04
0.857	35.379
0.881	40.338
0.896	45.026
0.898	45.478
0.828	32.48
0.82	29.703
0.837	32.967
0.847	33.809
0.853	34.595
0.814	28.544
0.84	33.464
0.85	34.201
0.841	33.467
0.877	39.749
0.88	39.943
0.815	28.554
0.879	39.896
0.878	39.886
0.897	45.035
0.819	29.35
0.818	29.343
0.816	29.338
0.851	34.59
0.811	28.04
0.907	50.685
0.881	40.338
0.896	45.026
0.898	45.478
0.828	32.48
0.82	29.703
0.837	32.967
0.847	33.809
0.853	34.595
0.814	28.544
0.84	33.464
0.85	34.201
0.841	33.467
0.88	39.943
0.815	28.554
0.879	39.896
0.878	39.886
0.897	45.035
0.819	29.35
