P=? [ F (x=9&y=9&crashed=0) ]	R{"cost"}=? [ C<=100 ]
0.909	55.578
0.771	27.96
0.771	27.96
0.909	55.578
0.788	30.328
0.814	32.436
0.908	51.02
0.814	32.436
0.878	44.362
0.876	41.014
0.788	30.328
0.895	49.307
0.893	46.23
0.826	32.618
0.853	38.931
0.897	49.741
0.867	39.565
0.906	50.213
0.846	37.411
0.842	35.811
0.774	28.337
0.78	28.7
0.782	29.047
0.782	29.047
0.885	44.491
0.879	44.367
0.842	35.811
0.84	35.378
0.846	37.411
0.867	39.565
0.853	38.931
0.774	28.337
0.876	41.014
0.893	46.23
0.839	34.868
0.838	34.568
0.874	40.489
0.873	40.0
0.906	50.213
0.852	38.48
0.907	50.649
0.891	45.573
0.89	45.137
0.896	49.312
0.833	33.521
0.832	33.109
0.87	39.633
0.836	34.261
0.908	51.02
0.907	50.649
0.772	27.972
0.78	28.7
0.872	39.838
0.848	37.603
0.892	45.919
0.891	45.573
0.875	40.679
0.851	38.305
0.85	37.98
0.892	45.919
0.838	34.568
0.836	34.261
0.839	34.868
0.834	33.82
0.833	33.521
0.781	28.998
0.828	32.907
0.841	35.525
0.835	34.087
0.834	33.82
0.87	39.633
0.89	45.137
0.889	44.902
0.829	32.924
0.83	32.941
0.85	37.98
0.849	37.753
0.828	32.907
0.772	27.972
0.895	49.307
0.878	44.362
0.872	39.838
0.868	39.567
0.848	37.603
0.875	40.679
0.874	40.489
0.852	38.48
0.851	38.305
0.835	34.087
0.873	40.0
0.889	44.902
0.888	44.74
0.832	33.109
0.831	32.957
0.849	37.753
0.841	35.525
0.885	44.491
0.879	44.367
0.887	44.638
0.886	44.535
