P=? [ F (x=9&y=9&crashed=0) ]	R{"cost"}=? [ C<=100 ]
0.88	64.321
0.578	18.0
0.88	64.321
0.578	18.0
0.879	54.427
0.642	23.083
0.662	27.477
0.724	27.685
0.863	52.88
0.642	23.083
0.753	32.367
0.86	48.876
0.846	44.725
0.836	43.242
0.828	39.723
0.862	49.378
0.749	29.138
0.657	27.274
0.794	37.15
0.775	32.477
0.646	24.857
0.791	34.868
0.646	24.857
0.846	44.725
0.738	27.783
0.76	32.391
0.86	48.876
0.822	38.584
0.726	27.755
0.657	27.274
0.811	38.435
0.879	54.427
0.863	52.88
0.808	38.158
0.828	39.723
0.836	43.242
0.801	37.981
0.838	43.425
0.645	23.955
0.841	43.84
0.76	32.391
0.739	28.247
0.662	27.477
0.749	29.138
0.778	32.76
0.785	34.14
0.8	37.647
0.791	34.868
0.643	23.531
0.809	38.387
0.823	38.905
0.742	28.303
0.745	28.799
0.743	28.319
0.747	28.829
0.797	37.515
0.784	33.986
0.783	33.548
0.645	23.955
0.643	23.531
0.862	49.378
0.861	48.993
0.845	44.348
0.78	33.022
0.795	37.361
0.724	27.685
0.788	34.457
0.777	32.594
0.789	34.557
0.744	28.624
0.811	38.435
0.797	37.515
0.78	33.022
0.827	39.463
0.789	34.557
0.787	34.367
0.787	34.367
0.845	44.348
0.844	44.125
0.781	33.239
0.826	39.341
0.825	39.142
0.783	33.548
0.782	33.352
0.747	28.829
0.726	27.755
0.801	37.981
0.744	28.624
0.784	33.986
0.795	37.361
0.825	39.142
0.824	38.992
0.822	38.584
0.8	37.647
0.842	43.972
0.844	44.125
0.843	44.001
0.827	39.463
0.826	39.341
0.861	48.993
