P=? [ F (x=9&y=9&crashed=0) ]	R{"cost"}=? [ C<=100 ]
0.729	28.747
0.881	55.44
0.881	55.44
0.729	28.747
0.75	32.812
0.821	40.158
0.865	54.849
0.784	33.967
0.777	32.83
0.863	49.911
0.748	29.15
0.794	37.558
0.853	48.461
0.847	45.304
0.836	43.268
0.743	28.841
0.836	43.268
0.847	45.304
0.794	37.558
0.8	38.194
0.879	54.95
0.808	38.432
0.856	49.199
0.872	54.902
0.872	54.902
0.814	39.201
0.839	43.938
0.853	48.461
0.845	44.294
0.819	39.554
0.844	44.14
0.861	49.476
0.855	48.608
0.778	33.148
0.863	49.911
0.745	29.106
0.808	38.432
0.782	33.377
0.82	39.756
0.78	33.342
0.783	33.61
0.819	39.554
0.814	39.201
0.813	38.849
0.838	43.596
0.845	44.294
0.88	55.241
0.862	49.626
0.861	49.476
0.856	49.199
0.743	28.841
0.838	43.596
0.837	43.352
0.8	38.194
0.799	37.961
0.783	33.61
0.865	54.849
0.78	33.342
0.799	37.961
0.798	37.757
0.82	39.756
0.844	44.14
0.839	43.938
0.81	38.519
0.745	29.106
0.88	55.241
0.748	29.15
0.747	29.131
0.778	33.148
0.75	32.812
0.813	38.849
0.812	38.695
0.862	49.626
0.811	38.545
0.812	38.695
0.855	48.608
0.795	37.651
0.81	38.519
0.837	43.352
0.798	37.757
0.797	37.677
0.879	54.95
0.782	33.377
0.811	38.545
0.747	29.131
0.797	37.677
0.796	37.658
0.796	37.658
0.795	37.651
0.881	55.44
0.729	28.747
0.847	45.304
0.794	37.558
0.872	54.902
0.853	48.461
0.863	49.911
0.808	38.432
0.819	39.554
0.814	39.201
0.845	44.294
