P=? [ F (x=9&y=9&crashed=0) ]	R{"cost"}=? [ C<=100 ]
0.89	60.424
0.75	33.085
0.75	33.085
0.89	60.424
0.888	59.916
0.881	55.433
0.864	50.063
0.865	53.847
0.854	48.342
0.847	44.915
0.797	37.895
0.791	35.074
0.836	43.092
0.83	40.296
0.801	38.512
0.81	38.621
0.847	44.915
0.854	48.342
0.881	55.433
0.752	33.347
0.764	33.869
0.878	54.654
0.772	34.013
0.856	49.137
0.759	33.451
0.779	34.032
0.798	38.101
0.888	59.916
0.773	34.029
0.797	37.895
0.838	43.645
0.83	40.296
0.836	43.092
0.82	39.399
0.872	54.578
0.791	35.074
0.826	39.499
0.817	38.831
0.811	38.649
0.843	43.774
0.787	34.72
0.782	34.292
0.889	59.938
0.818	38.874
0.861	49.171
0.86	49.166
0.868	54.375
0.865	53.847
0.801	38.512
0.829	40.116
0.828	39.674
0.79	34.996
0.787	34.72
0.782	34.292
0.846	44.494
0.868	54.375
0.855	48.728
0.845	44.334
0.844	43.937
0.862	49.565
0.837	43.255
0.855	48.728
0.819	39.255
0.827	39.547
0.88	55.142
0.879	54.805
0.871	54.449
0.788	34.764
0.752	33.347
0.762	33.71
0.88	55.142
0.863	49.811
0.863	49.811
0.862	49.565
0.76	33.495
0.781	34.265
0.781	34.265
0.869	54.401
0.762	33.71
0.76	33.495
0.779	34.032
0.817	38.831
0.811	38.649
0.829	40.116
0.837	43.255
0.844	43.937
0.846	44.494
0.845	44.334
0.789	34.838
0.879	54.805
0.772	34.013
0.764	33.869
0.819	39.255
0.843	43.774
0.838	43.645
0.828	39.674
0.759	33.451
0.763	33.814
0.826	39.499
0.82	39.399
