P=? [ F (x=9&y=9&crashed=0) ]	R{"cost"}=? [ C<=100 ]
0.847	44.961
0.648	27.125
0.847	44.961
0.665	27.569
0.735	27.66
0.758	32.35
0.835	43.268
0.829	39.903
0.754	29.698
0.792	37.262
0.791	34.747
0.649	27.323
0.665	27.569
0.75	29.011
0.809	38.288
0.771	32.406
0.738	27.683
0.82	38.525
0.741	28.15
0.745	28.375
0.829	39.903
0.788	33.995
0.786	33.978
0.752	29.637
0.789	34.549
0.746	28.659
0.823	38.654
0.781	33.332
0.779	32.902
0.797	37.696
0.835	43.268
0.825	39.089
0.801	37.72
0.794	37.272
0.784	33.629
0.783	33.345
0.846	44.637
0.845	44.27
0.803	38.023
0.839	43.875
0.746	28.659
0.784	33.629
0.777	32.891
0.758	32.35
0.846	44.637
0.836	43.277
0.808	38.081
0.844	44.067
0.79	34.558
0.754	29.698
0.842	44.058
0.735	27.66
0.776	32.636
0.649	27.323
0.825	39.089
0.82	38.525
0.809	38.288
0.828	39.668
0.828	39.668
0.827	39.444
0.742	28.193
0.838	43.688
0.837	43.475
0.796	37.484
0.823	38.654
0.845	44.27
0.776	32.636
0.775	32.436
0.827	39.444
0.826	39.245
0.837	43.475
0.795	37.463
0.806	38.071
0.791	34.747
0.842	44.058
0.802	37.836
0.838	43.688
0.839	43.875
0.742	28.193
0.826	39.245
0.753	29.691
0.771	32.406
0.752	29.637
0.806	38.071
0.821	38.535
0.802	37.836
0.774	32.422
0.781	33.332
0.779	32.902
0.821	38.535
0.773	32.416
0.803	38.023
0.801	37.72
0.797	37.696
0.796	37.484
0.795	37.463
0.788	33.995
0.775	32.436
0.783	33.345
0.777	32.891
