P=? [ F (x=9&y=9&crashed=0) ]	R{"cost"}=? [ C<=100 ]
0.876	54.907
0.613	22.615
0.876	54.907
0.676	27.746
0.739	27.927
0.65	26.652
0.863	50.126
0.65	26.652
0.663	27.007
0.775	32.443
0.753	29.716
0.775	32.443
0.753	29.716
0.852	47.565
0.847	44.902
0.835	42.816
0.831	40.255
0.793	35.012
0.794	37.186
0.863	50.126
0.861	49.036
0.809	38.311
0.676	27.746
0.822	38.565
0.808	38.086
0.659	26.806
0.855	48.308
0.779	33.277
0.847	44.902
0.802	37.852
0.855	48.308
0.801	37.64
0.777	32.698
0.852	47.565
0.787	34.072
0.862	49.53
0.796	37.499
0.831	40.255
0.791	34.941
0.839	43.399
0.823	38.733
0.835	42.816
0.743	28.394
0.659	26.806
0.747	28.8
0.745	28.41
0.788	34.451
0.862	49.53
0.843	44.154
0.782	33.358
0.75	29.384
0.749	29.06
0.795	37.403
0.778	32.844
0.841	43.819
0.74	27.985
0.827	39.486
0.837	43.247
0.752	29.451
0.747	28.8
0.789	34.459
0.845	44.394
0.844	44.308
0.83	40.058
0.829	39.699
0.785	33.737
0.785	33.737
0.783	33.382
0.846	44.555
0.854	47.97
0.828	39.546
0.74	27.985
0.839	43.399
0.836	42.98
0.854	47.97
0.853	47.707
0.743	28.394
0.749	29.06
0.841	43.819
0.822	38.565
0.809	38.311
0.824	38.979
0.79	34.701
0.79	34.701
0.802	37.852
0.786	33.971
0.826	39.265
0.794	37.186
0.842	43.956
0.83	40.058
0.826	39.265
0.825	39.071
0.739	27.927
0.836	42.98
0.846	44.555
0.829	39.699
0.837	43.247
0.783	33.382
0.778	32.844
0.853	47.707
