P=? [ F (x=9&y=9&crashed=0) ]	R{"cost"}=? [ C<=100 ]
0.828	44.087
0.658	26.301
0.658	26.301
0.828	44.087
0.82	38.643
0.825	43.363
0.792	36.521
0.789	34.315
0.732	31.39
0.73	29.177
0.736	31.529
0.755	31.59
0.673	26.95
0.718	27.675
0.817	38.081
0.721	27.911
0.803	37.911
0.703	27.533
0.688	26.973
0.669	26.546
0.723	28.894
0.659	26.516
0.771	32.419
0.69	27.033
0.7	27.265
0.765	32.195
0.758	31.996
0.82	38.643
0.825	43.363
0.763	32.009
0.776	33.063
0.78	33.142
0.797	37.373
0.796	37.009
0.827	43.942
0.826	43.507
0.727	29.071
0.818	38.363
0.727	29.071
0.787	34.178
0.785	33.8
0.794	36.753
0.718	27.675
0.669	26.546
0.673	26.95
0.794	36.753
0.774	32.816
0.773	32.591
0.801	37.705
0.735	31.44
0.723	28.894
0.818	38.363
0.803	37.911
0.796	37.009
0.757	31.746
0.775	32.821
0.788	34.218
0.7	27.265
0.69	27.033
0.786	33.947
0.73	29.177
0.8	37.497
0.801	37.705
0.702	27.491
0.701	27.301
0.781	33.322
0.773	32.591
0.817	38.081
0.799	37.44
0.732	31.39
0.784	33.686
0.783	33.537
0.786	33.947
0.757	31.746
0.756	31.6
0.827	43.942
0.826	43.507
0.703	27.533
0.764	32.15
0.783	33.537
0.782	33.398
0.784	33.686
0.78	33.142
0.776	33.063
0.782	33.398
0.781	33.322
0.799	37.44
0.797	37.373
0.755	31.59
0.736	31.529
0.8	37.497
0.735	31.44
0.764	32.15
0.689	26.99
0.702	27.491
0.701	27.301
0.659	26.516
0.688	26.973
0.689	26.99
0.763	32.009
