P=? [ F (x=9&y=9&crashed=0) ]	R{"cost"}=? [ C<=100 ]
-0.0	0.0
0.845	53.275
-0.0	0.0
0.845	53.275
0.673	27.239
0.673	27.239
0.844	49.178
0.842	48.461
0.837	44.474
0.713	31.159
0.706	28.257
0.707	28.339
0.776	36.113
0.771	33.532
0.818	42.088
0.813	39.839
0.674	27.287
0.73	31.401
0.738	32.017
0.755	32.133
0.674	27.287
0.804	38.134
0.787	37.066
0.82	42.652
0.818	42.088
0.843	48.714
0.797	37.886
0.779	36.296
0.806	38.616
0.837	44.474
0.766	32.739
0.833	43.473
0.779	36.296
0.713	31.159
0.787	37.066
0.811	39.48
0.809	38.944
0.792	37.494
0.813	39.839
0.733	31.97
0.842	48.461
0.768	33.178
0.797	37.886
0.836	43.976
0.731	31.795
0.792	37.494
0.835	43.67
0.832	43.049
0.766	32.739
0.707	28.339
0.738	32.017
0.768	33.178
0.761	32.394
0.831	43.024
0.826	42.698
0.759	32.315
0.771	33.532
0.804	38.134
0.836	43.976
0.77	33.472
0.761	32.394
0.826	42.698
0.825	42.668
0.831	43.024
0.79	37.219
0.776	36.113
0.812	39.572
0.73	31.401
0.757	32.167
0.755	32.133
0.807	38.775
0.811	39.48
0.732	31.815
0.808	38.92
0.807	38.775
0.778	36.164
0.77	33.472
0.834	43.59
0.789	37.18
0.79	37.219
0.789	37.18
0.757	32.167
0.812	39.572
0.809	38.944
0.834	43.59
0.82	42.652
0.76	32.364
0.778	36.164
0.777	36.13
0.76	32.364
0.832	43.049
0.808	38.92
0.732	31.815
0.777	36.13
0.825	42.668
-0.0	0.0
0.845	53.275
0.673	27.239
0.707	28.339
0.818	42.088
