P=? [ F (x=9&y=9&crashed=0) ]	R{"cost"}=? [ C<=100 ]
0.658	26.517
0.833	44.283
0.658	26.517
0.833	44.283
0.831	42.837
0.818	38.18
0.696	26.708
0.799	37.244
0.796	33.613
0.728	27.307
0.831	42.837
0.704	27.218
0.758	31.3
0.801	37.397
0.814	37.735
0.754	29.737
0.818	38.18
0.832	44.085
0.76	31.652
0.77	31.703
0.778	32.414
0.787	32.889
0.735	28.22
0.754	29.737
0.701	26.89
0.696	26.708
0.787	32.889
0.775	31.952
0.741	28.234
0.743	28.77
0.742	28.27
0.752	29.236
0.778	32.414
0.776	32.257
0.734	27.887
0.753	29.306
0.794	33.459
0.791	33.175
0.732	27.751
0.817	37.869
0.729	27.497
0.748	28.842
0.759	31.567
0.793	33.331
0.792	33.295
0.73	27.511
0.732	27.751
0.745	28.831
0.799	37.244
0.816	37.741
0.75	29.025
0.702	27.104
0.75	29.025
0.796	33.613
0.832	44.085
0.789	32.96
0.701	26.89
0.77	31.703
0.774	31.802
0.795	33.609
0.772	31.733
0.734	27.887
0.817	37.869
0.8	37.272
0.777	32.292
0.79	33.053
0.749	28.909
0.73	27.511
0.79	33.053
0.728	27.307
0.704	27.218
0.759	31.567
0.789	32.96
0.753	29.306
0.749	28.909
0.703	27.162
0.702	27.104
0.703	27.162
0.76	31.652
0.773	31.777
0.742	28.27
0.777	32.292
0.744	28.803
0.743	28.77
0.772	31.733
0.8	37.272
0.744	28.803
0.774	31.802
0.773	31.777
0.741	28.234
0.735	28.22
0.748	28.842
0.745	28.831
0.816	37.741
0.795	33.609
0.658	26.517
0.833	44.283
0.831	42.837
0.818	38.18
0.696	26.708
