P=? [ F (x=9&y=9&crashed=0) ]	R{"cost"}=? [ C<=100 ]
0.864	59.27
0.7	30.904
0.864	59.27
0.7	30.904
0.741	34.758
0.863	54.285
0.835	46.634
0.781	37.582
0.741	34.758
0.851	52.618
0.847	49.602
0.787	40.819
0.83	44.037
0.802	41.394
0.75	35.837
0.768	37.281
0.761	36.071
0.818	41.99
0.806	41.89
0.825	42.585
0.782	39.172
0.847	49.602
0.853	53.196
0.819	42.269
0.851	52.618
0.748	35.287
0.762	36.135
0.846	48.587
0.859	53.392
0.83	44.037
0.784	40.098
0.783	39.208
0.826	43.186
0.765	36.608
0.842	47.807
0.838	47.504
0.837	47.293
0.828	43.429
0.744	35.153
0.802	41.394
0.787	40.819
0.805	41.762
0.766	37.116
0.862	53.97
0.842	47.807
0.765	36.608
0.862	53.97
0.86	53.536
0.75	35.837
0.786	40.416
0.837	47.293
0.853	53.196
0.829	43.781
0.844	48.093
0.846	48.587
0.845	48.259
0.86	53.536
0.819	42.269
0.863	54.285
0.748	35.287
0.838	47.504
0.768	37.281
0.844	48.093
0.829	43.781
0.804	41.533
0.785	40.296
0.784	40.098
0.859	53.392
0.845	48.259
0.743	35.03
0.742	34.887
0.744	35.153
0.767	37.149
0.742	34.887
0.827	43.301
0.804	41.533
0.803	41.407
0.743	35.03
0.786	40.416
0.785	40.296
0.827	43.301
0.818	41.99
0.806	41.89
0.783	39.208
0.782	39.172
0.767	37.149
0.766	37.116
0.803	41.407
0.864	59.27
0.7	30.904
0.741	34.758
0.847	49.602
0.851	52.618
0.83	44.037
0.802	41.394
0.787	40.819
0.842	47.807
0.862	53.97
0.853	53.196
0.846	48.587
