P=? [ F (x=9&y=9&crashed=0) ]	R{"cost"}=? [ C<=100 ]
0.837	44.086
0.7	26.856
0.837	44.086
0.7	26.856
0.831	43.004
0.821	39.02
0.747	31.127
0.736	28.114
0.702	27.117
0.724	27.207
0.799	37.668
0.815	37.693
0.759	31.535
0.821	39.02
0.747	31.127
0.736	28.114
0.831	43.004
0.769	31.623
0.754	31.244
0.796	36.662
0.795	35.78
0.728	27.506
0.791	34.892
0.784	33.655
0.791	34.892
0.731	27.814
0.731	27.814
0.784	33.655
0.781	33.147
0.788	34.44
0.834	43.658
0.833	43.18
0.797	37.132
0.796	36.662
0.788	34.44
0.774	32.05
0.798	37.261
0.734	28.09
0.757	31.517
0.793	35.287
0.754	31.244
0.785	34.011
0.781	33.147
0.818	38.193
0.817	37.852
0.82	38.681
0.779	32.737
0.778	32.405
0.836	43.95
0.793	35.287
0.78	33.055
0.779	32.737
0.773	31.748
0.82	38.681
0.819	38.382
0.795	35.78
0.794	35.485
0.734	28.09
0.757	31.517
0.787	34.19
0.835	43.88
0.834	43.658
0.702	27.117
0.794	35.485
0.726	27.439
0.725	27.242
0.776	32.245
0.774	32.05
0.819	38.382
0.818	38.193
0.776	32.245
0.787	34.19
0.786	34.041
0.833	43.18
0.832	43.047
0.798	37.261
0.797	37.132
0.817	37.852
0.816	37.725
0.778	32.405
0.777	32.283
0.78	33.055
0.724	27.207
0.769	31.623
0.835	43.88
0.727	27.491
0.726	27.439
0.832	43.047
0.777	32.283
0.77	31.659
0.725	27.242
0.773	31.748
0.771	31.692
0.77	31.659
0.772	31.715
0.816	37.725
0.786	34.041
0.785	34.011
0.815	37.693
0.772	31.715
