P=? [ F (x=9&y=9&crashed=0) ]	R{"cost"}=? [ C<=100 ]
0.72	27.594
0.9	49.158
0.9	49.158
0.72	27.594
0.775	27.857
0.885	48.518
0.883	44.121
0.813	32.555
0.868	42.672
0.866	39.636
0.808	29.891
0.844	37.627
0.842	35.387
0.775	27.857
0.803	29.076
0.827	33.13
0.793	29.005
0.897	48.874
0.888	48.798
0.786	28.529
0.819	32.85
0.808	29.891
0.861	38.711
0.786	28.529
0.819	32.85
0.813	32.555
0.855	38.693
0.872	43.254
0.83	33.569
0.805	29.346
0.83	33.569
0.878	43.361
0.847	38.117
0.833	33.993
0.827	33.13
0.805	29.346
0.883	44.121
0.789	28.553
0.871	43.135
0.833	33.993
0.885	48.518
0.836	34.325
0.869	42.86
0.844	37.627
0.882	43.744
0.791	28.806
0.866	39.636
0.85	38.16
0.838	34.807
0.837	34.454
0.862	38.936
0.864	39.166
0.842	35.387
0.846	37.901
0.791	28.806
0.897	48.874
0.888	48.798
0.868	42.672
0.853	38.538
0.846	37.901
0.835	34.176
0.865	39.39
0.864	39.166
0.862	38.936
0.865	39.39
0.841	35.171
0.839	35.006
0.88	43.602
0.838	34.807
0.879	43.403
0.803	29.076
0.793	29.005
0.87	42.947
0.835	34.176
0.852	38.382
0.853	38.538
0.841	35.171
0.84	35.025
0.789	28.553
0.855	38.693
0.837	34.454
0.851	38.286
0.878	43.361
0.872	43.254
0.882	43.744
0.881	43.645
0.852	38.382
0.851	38.286
0.87	42.947
0.881	43.645
0.88	43.602
0.85	38.16
0.879	43.403
0.84	35.025
0.839	35.006
0.72	27.594
0.9	49.158
0.808	29.891
0.786	28.529
0.819	32.85
