P=? [ F (x=9&y=9&crashed=0) ]	R{"cost"}=? [ C<=100 ]
0.663	27.572
0.915	54.415
0.663	27.572
0.771	28.024
0.714	27.714
0.667	27.59
0.712	27.707
0.912	54.127
0.901	49.749
0.816	32.552
0.868	42.473
0.865	39.25
0.886	47.67
0.884	44.721
0.808	29.814
0.803	29.013
0.844	37.55
0.839	35.481
0.785	28.816
0.775	28.049
0.901	49.749
0.912	54.127
0.808	29.814
0.805	29.274
0.897	48.938
0.888	47.952
0.897	48.938
0.888	47.952
0.839	35.481
0.782	28.789
0.825	32.911
0.817	32.636
0.782	28.789
0.838	34.936
0.899	49.222
0.859	38.627
0.881	43.8
0.882	44.268
0.884	44.721
0.844	37.55
0.855	38.621
0.827	33.108
0.838	34.936
0.836	34.468
0.882	44.268
0.868	42.473
0.714	27.714
0.785	28.816
0.845	37.673
0.873	43.373
0.872	42.982
0.899	49.222
0.88	43.776
0.886	47.67
0.829	33.495
0.825	32.911
0.863	39.226
0.861	38.845
0.772	28.048
0.878	43.492
0.869	42.707
0.667	27.59
0.854	38.516
0.874	43.381
0.835	34.356
0.833	34.031
0.852	38.184
0.771	28.024
0.827	33.108
0.817	32.636
0.879	43.516
0.847	37.732
0.852	38.184
0.85	37.953
0.833	34.031
0.712	27.707
0.664	27.58
0.836	34.468
0.835	34.356
0.865	39.25
0.853	38.398
0.832	33.911
0.831	33.697
0.871	42.878
0.831	33.697
0.83	33.496
0.86	38.824
0.85	37.953
0.849	37.875
0.871	42.878
0.869	42.707
0.847	37.732
0.849	37.875
0.864	39.246
0.861	38.845
0.863	39.226
0.832	33.911
0.853	38.398
0.878	43.492
0.874	43.381
