P=? [ F (x=9&y=9&crashed=0) ]	R{"cost"}=? [ C<=100 ]
0.92	53.458
0.772	25.647
0.92	53.458
0.772	25.647
0.908	52.865
0.903	48.684
0.889	46.557
0.885	42.384
0.818	30.139
0.808	26.795
0.79	25.654
0.869	40.755
0.868	37.727
0.843	35.239
0.842	32.836
0.903	48.684
0.791	25.711
0.802	26.294
0.818	30.139
0.808	26.795
0.899	46.969
0.902	47.4
0.873	41.508
0.892	46.81
0.917	53.286
0.911	53.104
0.885	42.384
0.864	37.29
0.802	26.294
0.889	46.557
0.826	30.435
0.877	41.589
0.849	35.55
0.804	26.325
0.87	40.897
0.841	32.42
0.862	37.153
0.791	25.711
0.839	32.047
0.856	36.523
0.855	36.141
0.839	32.047
0.917	53.286
0.829	30.85
0.884	42.099
0.88	41.653
0.87	40.897
0.852	35.612
0.827	30.756
0.833	31.168
0.836	31.532
0.82	30.2
0.858	36.819
0.865	37.585
0.821	30.256
0.877	41.589
0.873	41.508
0.849	35.55
0.845	35.296
0.806	26.758
0.881	41.805
0.823	30.306
0.882	41.893
0.861	37.073
0.842	32.836
0.855	36.141
0.853	35.748
0.837	31.663
0.846	35.301
0.841	32.42
0.901	47.222
0.836	31.532
0.833	31.168
0.899	46.969
0.86	36.924
0.853	35.748
0.837	31.663
0.832	31.037
0.823	30.306
0.856	36.523
0.858	36.819
0.83	30.935
0.91	53.037
0.901	47.222
0.846	35.301
0.867	37.666
0.807	26.776
0.804	26.325
0.806	26.758
0.911	53.104
0.902	47.4
0.91	53.037
0.892	46.81
0.89	46.715
0.883	42.038
0.869	40.755
0.826	30.435
0.86	36.924
0.832	31.037
0.83	30.935
