P=? [ F (x=9&y=9&crashed=0) ]	R{"cost"}=? [ C<=100 ]
0.892	49.551
0.694	23.366
0.709	27.86
0.783	27.934
0.708	23.989
0.882	44.055
0.803	29.026
0.804	32.505
0.887	47.895
0.865	39.431
0.866	42.617
0.843	35.743
0.8	28.768
0.844	37.519
0.696	23.689
0.791	28.536
0.818	32.991
0.871	43.225
0.807	32.954
0.891	48.773
0.821	33.389
0.829	33.433
0.791	28.536
0.857	38.27
0.849	38.057
0.837	34.527
0.846	37.812
0.867	43.113
0.878	43.267
0.841	35.184
0.833	33.963
0.887	47.895
0.84	34.789
0.88	43.497
0.805	32.86
0.866	42.617
0.859	38.496
0.862	38.802
0.831	33.763
0.859	38.496
0.696	23.689
0.865	39.431
0.863	39.018
0.89	48.378
0.819	33.026
0.888	48.098
0.863	39.018
0.857	38.27
0.831	33.763
0.862	38.802
0.844	37.519
0.881	43.786
0.842	35.473
0.842	35.473
0.881	43.786
0.835	34.132
0.84	34.789
0.836	34.265
0.89	48.378
0.889	48.117
0.849	38.057
0.848	38.021
0.879	43.292
0.829	33.433
0.821	33.389
0.835	34.132
0.848	38.021
0.819	33.026
0.836	34.265
0.867	43.113
0.806	32.93
0.878	43.267
0.807	32.954
0.879	43.292
0.806	32.93
0.889	48.117
0.791	28.536
0.887	47.895
0.866	42.617
0.865	39.431
0.831	33.763
0.863	39.018
0.862	38.802
0.881	43.786
0.842	35.473
0.89	48.378
0.84	34.789
0.829	33.433
0.848	38.021
0.819	33.026
0.836	34.265
0.835	34.132
0.878	43.267
0.806	32.93
0.889	48.117
0.887	47.895
0.831	33.763
0.862	38.802
0.881	43.786
0.84	34.789
