P=? [ F (x=9&y=9&crashed=0) ]	R{"cost"}=? [ C<=100 ]
0.863	54.294
0.669	26.39
0.669	26.39
0.863	54.294
0.82	38.813
0.853	49.184
0.858	53.184
0.84	48.237
0.837	44.493
0.832	42.492
0.735	30.7
0.674	26.732
0.695	26.733
0.814	37.664
0.844	49.129
0.728	28.776
0.801	37.618
0.789	35.096
0.832	42.492
0.797	36.652
0.837	44.493
0.836	43.359
0.749	31.513
0.757	31.546
0.797	36.652
0.789	35.096
0.772	32.369
0.842	48.512
0.728	28.776
0.765	32.224
0.862	54.097
0.859	53.205
0.785	34.699
0.715	27.745
0.836	43.359
0.833	42.511
0.818	38.511
0.71	27.626
0.774	32.682
0.784	33.959
0.74	31.086
0.777	32.911
0.724	28.442
0.853	49.184
0.671	26.478
0.724	28.442
0.858	53.184
0.739	30.969
0.76	31.642
0.784	33.959
0.783	33.416
0.672	26.709
0.707	27.371
0.705	27.169
0.817	38.022
0.862	54.097
0.763	32.133
0.762	31.819
0.72	28.124
0.819	38.701
0.8	37.53
0.744	31.115
0.781	33.32
0.841	48.255
0.727	28.647
0.799	37.32
0.798	36.904
0.781	33.32
0.777	32.911
0.776	32.69
0.748	31.34
0.697	26.794
0.716	27.784
0.704	27.131
0.719	28.104
0.716	27.784
0.72	28.124
0.786	34.703
0.816	37.853
0.787	34.87
0.859	53.205
0.719	28.104
0.833	42.511
0.84	48.237
0.701	26.866
0.7	26.855
0.772	32.369
0.739	30.969
0.704	27.131
0.701	26.866
0.71	27.626
0.798	36.904
0.782	33.328
0.764	32.141
0.787	34.87
0.759	31.56
0.708	27.412
0.799	37.32
0.727	28.647
0.697	26.794
