P=? [ F (x=9&y=9&crashed=0) ]	R{"cost"}=? [ C<=100 ]
0.846	53.327
0.705	27.34
0.705	27.34
0.739	31.645
0.839	52.832
0.838	47.338
0.77	31.785
0.715	28.122
0.739	31.645
0.715	28.122
0.837	47.058
0.83	43.029
0.82	41.262
0.814	37.358
0.793	36.213
0.791	32.677
0.778	31.829
0.794	36.373
0.803	36.396
0.82	41.262
0.83	43.029
0.77	31.785
0.785	31.841
0.837	47.058
0.845	52.901
0.81	36.519
0.803	36.396
0.814	37.358
0.71	27.784
0.822	42.195
0.71	27.784
0.788	32.153
0.706	27.482
0.826	42.237
0.821	41.826
0.785	31.841
0.789	32.525
0.821	41.826
0.829	42.675
0.793	36.213
0.788	32.153
0.791	32.677
0.706	27.482
0.811	36.654
0.812	36.95
0.828	42.654
0.827	42.374
0.813	37.166
0.812	36.95
0.813	37.166
0.827	42.374
0.811	36.654
0.79	32.552
0.81	36.519
0.845	52.901
0.839	52.832
0.826	42.237
0.822	42.195
0.79	32.552
0.789	32.525
0.794	36.373
0.829	42.675
0.828	42.654
0.739	31.645
0.715	28.122
0.77	31.785
0.837	47.058
0.82	41.262
0.83	43.029
0.803	36.396
0.814	37.358
0.71	27.784
0.785	31.841
0.821	41.826
0.793	36.213
0.788	32.153
0.706	27.482
0.812	36.95
0.813	37.166
0.827	42.374
0.811	36.654
0.81	36.519
0.839	52.832
0.826	42.237
0.822	42.195
0.79	32.552
0.789	32.525
0.794	36.373
0.829	42.675
0.828	42.654
0.739	31.645
0.715	28.122
0.77	31.785
0.837	47.058
0.82	41.262
0.83	43.029
0.803	36.396
0.814	37.358
0.71	27.784
0.785	31.841
