P=? [ F (x=9&y=9&crashed=0) ]	R{"cost"}=? [ C<=100 ]
0.891	45.485
0.703	23.556
0.891	45.485
0.703	23.556
0.715	27.537
0.804	27.717
0.746	27.702
0.704	23.561
0.884	44.461
0.875	40.904
0.746	27.702
0.862	38.737
0.858	35.777
0.847	33.781
0.828	32.487
0.825	30.726
0.834	33.516
0.875	40.904
0.715	27.537
0.884	44.461
0.805	28.024
0.858	35.777
0.825	30.726
0.824	30.281
0.865	39.143
0.828	32.487
0.821	30.237
0.814	28.543
0.812	28.069
0.874	40.342
0.817	29.244
0.853	34.594
0.853	34.594
0.816	28.862
0.81	28.037
0.847	33.781
0.82	29.853
0.819	29.36
0.855	34.977
0.872	40.003
0.814	28.543
0.85	34.187
0.829	32.89
0.851	34.192
0.863	38.745
0.82	29.853
0.855	34.977
0.834	33.516
0.862	38.737
0.856	35.328
0.857	35.426
0.816	28.862
0.832	33.217
0.868	39.452
0.867	39.169
0.886	44.718
0.831	33.071
0.832	33.217
0.886	44.718
0.85	34.187
0.871	39.798
0.87	39.582
0.889	45.097
0.871	39.798
0.888	44.892
0.89	45.282
0.874	40.342
0.873	40.14
0.89	45.282
0.889	45.097
0.83	33.066
0.829	32.89
0.887	44.881
0.812	28.069
0.873	40.14
0.81	28.037
0.869	39.578
0.868	39.452
0.863	38.745
0.851	34.192
0.857	35.426
0.856	35.328
0.818	29.305
0.819	29.36
0.818	29.305
0.824	30.281
0.821	30.237
0.866	39.163
0.804	27.717
0.805	28.024
0.888	44.892
0.887	44.881
0.867	39.169
0.866	39.163
0.83	33.066
0.87	39.582
0.869	39.578
0.891	45.485
0.746	27.702
0.875	40.904
