P=? [ F (x=9&y=9&crashed=0) ]	R{"cost"}=? [ C<=100 ]
0.899	50.034
0.708	27.494
0.708	27.494
0.899	50.034
0.712	28.007
0.811	28.051
0.898	45.68
0.856	35.38
0.827	32.728
0.82	29.37
0.864	38.855
0.881	43.273
0.88	40.527
0.814	28.574
0.83	33.245
0.827	32.728
0.856	35.38
0.875	39.453
0.883	44.306
0.881	43.273
0.837	33.333
0.84	33.833
0.853	35.03
0.864	38.855
0.818	29.341
0.894	44.905
0.888	44.855
0.847	33.849
0.82	29.37
0.868	39.28
0.852	34.362
0.866	39.262
0.876	39.78
0.838	33.619
0.878	39.879
0.818	29.341
0.88	40.527
0.879	40.146
0.851	34.261
0.848	33.908
0.853	35.03
0.865	38.916
0.851	34.261
0.83	33.245
0.848	33.908
0.868	39.28
0.811	28.051
0.897	45.446
0.896	45.177
0.895	45.173
0.879	40.146
0.898	45.68
0.897	45.446
0.883	44.306
0.886	44.677
0.838	33.619
0.886	44.677
0.875	39.453
0.885	44.578
0.884	44.406
0.888	44.855
0.84	33.833
0.852	34.362
0.884	44.406
0.878	39.879
0.885	44.578
0.876	39.78
0.837	33.333
0.865	38.916
0.894	44.905
0.866	39.262
0.847	33.849
0.896	45.177
0.895	45.173
0.899	50.034
0.708	27.494
0.827	32.728
0.856	35.38
0.881	43.273
0.864	38.855
0.818	29.341
0.88	40.527
0.853	35.03
0.851	34.261
0.83	33.245
0.848	33.908
0.868	39.28
0.811	28.051
0.879	40.146
0.898	45.68
0.897	45.446
0.883	44.306
0.838	33.619
0.886	44.677
0.875	39.453
0.888	44.855
0.84	33.833
0.884	44.406
0.878	39.879
0.885	44.578
