P=? [ F (x=9&y=9&crashed=0) ]	R{"cost"}=? [ C<=100 ]
0.899	44.818
0.71	23.898
0.899	44.818
0.71	23.898
0.771	28.011
0.735	27.812
0.733	27.768
0.714	23.965
0.882	40.398
0.891	43.482
0.841	37.111
0.839	35.131
0.733	27.768
0.714	23.965
0.799	32.325
0.795	30.708
0.882	40.398
0.786	29.093
0.795	30.708
0.864	38.646
0.816	32.984
0.806	32.853
0.891	43.482
0.784	28.856
0.88	40.125
0.793	29.927
0.872	38.931
0.859	38.202
0.837	34.734
0.852	38.181
0.774	28.279
0.832	33.936
0.862	38.316
0.789	29.533
0.782	28.55
0.892	43.503
0.839	35.131
0.835	34.381
0.777	28.308
0.792	29.554
0.793	29.927
0.843	37.164
0.836	34.634
0.879	39.773
0.779	28.325
0.874	39.173
0.833	34.101
0.804	32.619
0.799	32.325
0.864	38.646
0.893	43.898
0.847	37.609
0.802	32.389
0.879	39.773
0.877	39.396
0.896	44.332
0.894	43.972
0.845	37.375
0.827	33.625
0.823	33.471
0.82	33.231
0.897	44.555
0.896	44.332
0.821	33.446
0.78	28.533
0.844	37.357
0.817	33.026
0.735	27.812
0.85	38.171
0.818	33.191
0.872	38.931
0.83	33.658
0.875	39.26
0.848	37.881
0.827	33.625
0.897	44.555
0.829	33.645
0.876	39.339
0.859	38.202
0.789	29.533
0.873	38.936
0.846	37.604
0.805	32.848
0.862	38.316
0.849	38.095
0.848	37.881
0.772	28.086
0.772	28.086
0.894	43.972
0.877	39.396
0.841	37.111
0.803	32.552
0.823	33.471
0.712	23.941
0.834	34.252
0.819	33.216
0.712	23.941
0.852	38.181
0.816	32.984
0.806	32.853
