P=? [ F (x=9&y=9&crashed=0) ]	R{"cost"}=? [ C<=100 ]
0.677	23.228
0.917	49.923
0.726	27.062
0.901	48.689
0.726	27.062
0.895	44.236
0.882	40.397
0.9	44.924
0.796	32.553
0.794	30.406
0.844	37.482
0.841	35.603
0.747	27.795
0.814	32.846
0.882	40.397
0.914	49.478
0.895	44.236
0.801	32.774
0.875	39.156
0.864	39.131
0.759	27.895
0.863	39.091
0.784	28.917
0.736	27.173
0.854	38.93
0.826	33.848
0.914	49.478
0.901	48.689
0.846	37.722
0.79	29.562
0.791	30.067
0.841	35.603
0.744	27.416
0.74	27.415
0.881	40.257
0.832	34.018
0.88	39.853
0.774	28.043
0.777	28.271
0.739	27.185
0.763	27.914
0.769	28.018
0.852	38.527
0.835	34.421
0.853	38.836
0.78	28.496
0.84	35.11
0.838	34.833
0.833	34.108
0.844	37.482
0.792	30.169
0.79	29.562
0.787	29.12
0.769	28.018
0.763	27.914
0.759	27.895
0.878	39.553
0.786	29.114
0.898	44.649
0.799	32.748
0.78	28.496
0.798	32.574
0.877	39.409
0.815	32.863
0.879	39.73
0.915	49.613
0.818	33.053
0.839	35.083
0.899	44.795
0.822	33.509
0.825	33.705
0.876	39.25
0.773	28.021
0.849	38.12
0.848	37.876
0.736	27.173
0.747	27.795
0.779	28.326
0.834	34.397
0.837	34.704
0.851	38.399
0.849	38.12
0.82	33.217
0.837	34.704
0.851	38.399
0.793	30.399
0.787	29.12
0.744	27.416
0.825	33.705
0.822	33.509
0.801	32.774
0.817	33.035
0.832	34.018
0.897	44.482
0.778	28.288
0.916	49.778
0.82	33.217
0.854	38.93
0.848	37.876
0.821	33.366
