P=? [ F (x=9&y=9&crashed=0) ]	R{"cost"}=? [ C<=100 ]
0.854	39.362
0.67	26.428
0.67	26.428
0.854	39.362
0.72	26.733
0.671	26.445
0.771	30.726
0.83	34.576
0.836	37.321
0.809	31.67
0.767	30.464
0.763	29.317
0.757	29.064
0.771	30.726
0.743	27.489
0.809	31.67
0.756	28.232
0.75	27.761
0.732	27.484
0.836	37.321
0.847	38.005
0.852	39.197
0.83	34.576
0.851	38.595
0.72	26.733
0.75	27.761
0.837	37.656
0.769	30.496
0.84	37.692
0.84	37.692
0.743	27.489
0.821	33.352
0.754	28.062
0.754	28.062
0.82	33.009
0.724	27.073
0.731	27.468
0.728	27.134
0.828	34.257
0.827	33.995
0.816	32.605
0.814	32.276
0.848	38.261
0.828	34.257
0.847	38.005
0.814	32.276
0.813	32.037
0.671	26.445
0.811	31.927
0.85	38.384
0.825	33.814
0.763	29.317
0.761	29.249
0.823	33.41
0.761	29.249
0.816	32.605
0.724	27.073
0.81	31.711
0.851	38.595
0.824	33.605
0.818	32.967
0.817	32.771
0.824	33.605
0.757	29.064
0.725	27.093
0.827	33.995
0.825	33.814
0.756	28.232
0.817	32.771
0.852	39.197
0.728	27.134
0.731	27.468
0.85	38.384
0.848	38.261
0.813	32.037
0.811	31.927
0.727	27.114
0.823	33.41
0.821	33.352
0.81	31.711
0.819	33.007
0.818	32.967
0.837	37.656
0.727	27.114
0.732	27.484
0.82	33.009
0.819	33.007
0.854	39.362
0.771	30.726
0.809	31.67
0.836	37.321
0.83	34.576
0.72	26.733
0.75	27.761
0.84	37.692
0.743	27.489
0.754	28.062
0.763	29.317
0.828	34.257
0.847	38.005
