P=? [ F (x=9&y=9&crashed=0) ]	R{"cost"}=? [ C<=100 ]
0.881	54.336
0.686	26.992
0.881	54.336
0.686	26.992
0.71	27.431
0.856	39.929
0.734	27.787
0.866	48.452
0.865	44.914
0.743	29.18
0.857	43.226
0.874	52.89
0.775	31.939
0.873	49.78
0.748	30.881
0.797	31.996
0.839	37.576
0.831	34.792
0.812	32.063
0.797	31.996
0.762	31.005
0.746	29.597
0.734	27.787
0.817	32.836
0.86	43.691
0.826	34.078
0.826	34.078
0.817	32.836
0.831	34.792
0.767	31.696
0.839	37.576
0.851	38.66
0.852	38.844
0.876	53.026
0.775	31.939
0.816	32.596
0.813	32.274
0.877	53.663
0.829	34.585
0.847	38.296
0.852	38.844
0.873	49.78
0.872	49.213
0.746	29.597
0.862	44.199
0.844	38.293
0.871	49.2
0.87	48.743
0.847	38.296
0.88	53.942
0.864	44.659
0.827	34.204
0.863	44.278
0.764	31.411
0.842	38.101
0.84	37.753
0.83	34.608
0.858	43.365
0.766	31.512
0.868	48.453
0.84	37.753
0.858	43.365
0.827	34.204
0.748	30.881
0.865	44.914
0.864	44.659
0.767	31.696
0.879	53.851
0.862	44.199
0.763	31.195
0.763	31.195
0.879	53.851
0.877	53.663
0.869	48.636
0.843	38.112
0.842	38.101
0.857	43.226
0.874	52.89
0.762	31.005
0.87	48.743
0.869	48.636
0.766	31.512
0.764	31.411
0.88	53.942
0.863	44.278
0.812	32.063
0.872	49.213
0.871	49.2
0.843	38.112
0.844	38.293
0.868	48.453
0.866	48.452
0.686	26.992
0.881	54.336
0.797	31.996
0.746	29.597
0.734	27.787
0.826	34.078
0.839	37.576
0.831	34.792
