P=? [ F (x=9&y=9&crashed=0) ]	R{"cost"}=? [ C<=100 ]
0.862	43.884
0.61	21.613
0.61	21.613
0.862	43.884
0.779	29.563
0.663	25.547
0.856	43.063
0.852	39.0
0.688	26.599
0.663	25.547
0.725	27.11
0.832	37.114
0.685	25.741
0.807	31.42
0.831	34.816
0.748	27.966
0.807	31.42
0.666	25.711
0.768	27.968
0.77	27.98
0.839	37.344
0.736	27.68
0.748	27.966
0.846	37.828
0.77	27.98
0.688	26.599
0.856	43.063
0.731	27.416
0.852	39.0
0.736	27.68
0.725	27.11
0.859	43.48
0.731	27.416
0.82	33.193
0.859	43.48
0.851	38.622
0.849	38.62
0.848	38.243
0.824	33.987
0.83	34.787
0.827	34.343
0.82	33.193
0.817	32.761
0.848	38.243
0.727	27.12
0.861	43.864
0.842	37.77
0.841	37.688
0.823	33.643
0.821	33.531
0.817	32.761
0.811	31.826
0.812	32.152
0.827	34.343
0.727	27.12
0.815	32.505
0.814	32.238
0.832	37.114
0.685	25.741
0.83	34.787
0.81	31.725
0.809	31.524
0.826	34.208
0.825	34.019
0.841	37.688
0.664	25.55
0.816	32.604
0.826	34.208
0.666	25.711
0.861	43.864
0.811	31.826
0.81	31.725
0.816	32.604
0.815	32.505
0.809	31.524
0.808	31.432
0.664	25.55
0.768	27.968
0.813	32.217
0.812	32.152
0.842	37.77
0.822	33.588
0.821	33.531
0.823	33.643
0.822	33.588
0.825	34.019
0.831	34.816
0.814	32.238
0.813	32.217
0.808	31.432
0.851	38.622
0.849	38.62
0.61	21.613
0.862	43.884
0.663	25.547
0.807	31.42
0.748	27.966
0.77	27.98
0.688	26.599
0.852	39.0
