P=? [ F (x=9&y=9&crashed=0) ]	R{"cost"}=? [ C<=100 ]
0.747	28.975
0.826	51.33
0.826	51.33
0.747	28.975
0.792	38.711
0.819	46.332
0.812	44.739
0.807	39.534
0.757	30.391
0.777	33.64
0.81	40.105
0.757	30.391
0.789	35.45
0.819	46.332
0.777	33.64
0.812	44.739
0.792	38.711
0.789	35.45
0.753	29.747
0.81	40.105
0.782	34.301
0.786	35.075
0.753	29.747
0.778	33.865
0.783	34.811
0.78	34.077
0.786	35.075
0.75	29.573
0.749	29.25
0.782	34.301
0.78	34.077
0.785	34.986
0.784	34.829
0.748	29.128
0.779	33.924
0.749	29.25
0.748	29.128
0.785	34.986
0.752	29.691
0.751	29.621
0.779	33.924
0.752	29.691
0.751	29.621
0.75	29.573
0.784	34.829
0.783	34.811
0.826	51.33
0.747	28.975
0.757	30.391
0.819	46.332
0.777	33.64
0.792	38.711
0.789	35.45
0.753	29.747
0.786	35.075
0.782	34.301
0.78	34.077
0.749	29.25
0.785	34.986
0.779	33.924
0.752	29.691
0.751	29.621
0.784	34.829
0.783	34.811
0.747	28.975
0.757	30.391
0.819	46.332
0.777	33.64
0.792	38.711
0.789	35.45
0.753	29.747
0.786	35.075
0.782	34.301
0.749	29.25
0.785	34.986
0.779	33.924
0.752	29.691
0.751	29.621
0.784	34.829
0.783	34.811
0.747	28.975
0.757	30.391
0.777	33.64
0.792	38.711
0.789	35.45
0.753	29.747
0.786	35.075
0.749	29.25
0.779	33.924
0.751	29.621
0.784	34.829
0.783	34.811
0.747	28.975
0.757	30.391
0.777	33.64
0.792	38.711
0.789	35.45
0.753	29.747
0.786	35.075
0.779	33.924
