P=? [ F (x=9&y=9&crashed=0) ]	R{"cost"}=? [ C<=100 ]
0.88	53.14
0.707	27.122
0.88	53.14
0.707	27.122
0.751	31.721
0.872	48.838
0.864	47.246
0.863	43.93
0.854	42.365
0.853	39.218
0.821	37.026
0.804	34.23
0.75	29.079
0.821	37.026
0.804	34.23
0.767	31.824
0.736	28.402
0.718	27.226
0.848	38.344
0.785	32.375
0.774	32.35
0.728	27.779
0.834	37.136
0.79	33.223
0.718	27.226
0.799	33.345
0.824	37.063
0.839	37.978
0.745	28.524
0.872	48.838
0.868	48.075
0.731	28.233
0.864	47.246
0.728	27.779
0.868	48.075
0.773	32.282
0.77	32.156
0.87	48.279
0.835	37.297
0.769	31.935
0.749	29.041
0.746	28.576
0.803	34.222
0.802	33.758
0.73	27.974
0.858	43.147
0.856	42.752
0.824	37.063
0.858	43.147
0.871	48.647
0.839	37.978
0.8	33.545
0.856	42.752
0.746	28.576
0.786	32.541
0.749	29.041
0.861	43.734
0.86	43.429
0.789	32.947
0.852	39.036
0.851	38.775
0.851	38.775
0.85	38.55
0.859	43.367
0.837	37.695
0.836	37.478
0.789	32.947
0.788	32.737
0.802	33.758
0.801	33.552
0.87	48.279
0.855	42.549
0.73	27.974
0.871	48.647
0.849	38.535
0.855	42.549
0.854	42.365
0.853	39.218
0.852	39.036
0.862	43.916
0.861	43.734
0.836	37.478
0.838	37.806
0.731	28.233
0.788	32.737
0.787	32.572
0.77	32.156
0.799	33.345
0.745	28.524
0.79	33.223
0.838	37.806
0.837	37.695
0.767	31.824
0.751	31.721
0.768	31.834
0.834	37.136
0.86	43.429
0.859	43.367
0.75	29.079
0.787	32.572
