P=? [ F (x=9&y=9&crashed=0) ]	R{"cost"}=? [ C<=100 ]
0.853	39.108
0.636	25.613
0.853	39.108
0.765	31.286
0.685	25.798
0.83	34.586
0.831	37.797
0.808	31.642
0.763	29.551
0.706	27.038
0.739	28.553
0.737	27.701
0.719	27.109
0.687	26.59
0.833	37.897
0.742	28.643
0.728	27.155
0.751	29.344
0.85	38.391
0.845	37.948
0.69	26.838
0.701	27.034
0.743	29.128
0.719	27.109
0.817	32.78
0.701	27.034
0.82	33.056
0.765	31.286
0.733	27.441
0.821	33.372
0.815	32.417
0.817	32.78
0.751	29.344
0.824	33.703
0.823	33.439
0.735	27.698
0.811	31.997
0.81	31.682
0.849	38.325
0.847	38.012
0.688	26.822
0.687	26.59
0.82	33.056
0.814	32.305
0.813	32.037
0.826	33.964
0.824	33.703
0.69	26.838
0.729	27.406
0.685	25.798
0.828	34.338
0.827	34.093
0.829	34.346
0.826	33.964
0.85	38.391
0.746	29.242
0.815	32.417
0.739	28.553
0.748	29.309
0.827	34.093
0.849	38.325
0.73	27.408
0.847	38.012
0.746	29.242
0.743	29.128
0.814	32.305
0.809	31.675
0.733	27.441
0.832	37.806
0.823	33.439
0.821	33.372
0.737	27.701
0.735	27.698
0.846	37.949
0.747	29.299
0.845	37.948
0.833	37.897
0.728	27.155
0.748	29.309
0.73	27.408
0.811	31.997
0.812	32.022
0.688	26.822
0.813	32.037
0.812	32.022
0.747	29.299
0.832	37.806
0.829	34.346
0.828	34.338
0.81	31.682
0.729	27.406
0.846	37.949
0.685	25.798
0.853	39.108
0.719	27.109
0.701	27.034
0.765	31.286
0.751	29.344
0.817	32.78
0.82	33.056
