P=? [ F (x=9&y=9&crashed=0) ]	R{"cost"}=? [ C<=100 ]
0.73	27.969
0.882	55.007
0.73	27.969
0.882	55.007
0.744	31.889
0.81	32.175
0.88	53.982
0.826	34.603
0.873	49.794
0.732	28.024
0.859	43.408
0.867	48.309
0.856	39.929
0.865	44.831
0.744	31.889
0.732	28.024
0.827	36.415
0.817	33.068
0.817	33.068
0.873	49.794
0.872	49.61
0.871	48.641
0.813	32.515
0.854	39.739
0.852	38.842
0.864	44.647
0.863	43.8
0.847	38.297
0.833	37.284
0.81	32.175
0.837	37.601
0.843	38.166
0.856	39.929
0.859	43.408
0.87	48.457
0.865	44.831
0.852	38.842
0.867	48.309
0.837	37.601
0.833	37.284
0.847	38.297
0.849	38.595
0.861	43.497
0.839	37.932
0.838	37.652
0.828	36.623
0.827	36.415
0.855	39.744
0.864	44.647
0.871	48.641
0.863	43.8
0.862	43.616
0.872	49.61
0.849	38.595
0.869	48.451
0.854	39.739
0.842	38.143
0.841	37.964
0.851	38.666
0.832	37.11
0.831	36.936
0.832	37.11
0.831	36.936
0.815	32.735
0.814	32.563
0.816	32.896
0.83	36.764
0.816	32.896
0.815	32.735
0.869	48.451
0.829	36.758
0.828	36.623
0.843	38.166
0.862	43.616
0.861	43.497
0.851	38.666
0.85	38.601
0.838	37.652
0.814	32.563
0.84	37.957
0.839	37.932
0.842	38.143
0.841	37.964
0.84	37.957
0.83	36.764
0.85	38.601
0.829	36.758
0.855	39.744
0.882	55.007
0.73	27.969
0.732	28.024
0.817	33.068
0.873	49.794
0.856	39.929
0.81	32.175
0.859	43.408
0.865	44.831
0.852	38.842
0.867	48.309
0.837	37.601
