P=? [ F (x=9&y=9&crashed=0) ]	R{"cost"}=? [ C<=100 ]
0.674	32.44
0.789	60.899
0.674	32.44
0.687	36.238
0.759	50.555
0.788	60.804
0.781	55.977
0.715	40.248
0.744	45.785
0.703	36.266
0.78	55.737
0.774	51.897
0.758	46.754
0.686	33.003
0.714	37.386
0.743	42.743
0.684	32.618
0.736	42.073
0.735	41.533
0.781	55.977
0.722	40.733
0.774	51.897
0.751	46.415
0.788	60.804
0.766	51.171
0.765	50.885
0.729	41.368
0.749	45.84
0.757	46.496
0.72	40.405
0.78	55.737
0.772	51.332
0.742	42.606
0.727	40.912
0.708	36.95
0.712	37.025
0.685	32.861
0.706	36.653
0.721	40.488
0.742	42.606
0.773	51.507
0.75	46.05
0.765	50.885
0.759	50.555
0.705	36.579
0.704	36.304
0.728	41.099
0.707	36.916
0.758	46.754
0.713	37.266
0.75	46.05
0.728	41.099
0.727	40.912
0.773	51.507
0.729	41.368
0.772	51.332
0.766	51.171
0.686	33.003
0.743	42.743
0.713	37.266
0.757	46.496
0.751	46.415
0.712	37.025
0.705	36.579
0.744	45.785
0.704	36.304
0.707	36.916
0.687	36.238
0.674	32.44
0.781	55.977
0.774	51.897
0.78	55.737
0.742	42.606
0.765	50.885
0.759	50.555
0.758	46.754
0.729	41.368
0.728	41.099
0.773	51.507
0.766	51.171
0.75	46.05
0.686	33.003
0.713	37.266
0.744	45.785
0.727	40.912
0.751	46.415
0.705	36.579
0.707	36.916
0.687	36.238
0.674	32.44
0.781	55.977
0.774	51.897
0.78	55.737
0.765	50.885
0.759	50.555
0.742	42.606
0.728	41.099
0.773	51.507
0.766	51.171
0.75	46.05
