P=? [ F (x=9&y=9&crashed=0) ]	R{"cost"}=? [ C<=100 ]
0.787	61.141
0.65	27.234
0.65	27.234
0.787	61.141
0.772	51.551
0.78	56.357
0.754	45.879
0.78	56.357
0.764	50.666
0.758	46.682
0.742	42.597
0.742	42.597
0.703	36.101
0.699	33.385
0.772	51.551
0.675	31.173
0.671	28.632
0.725	40.357
0.721	37.904
0.764	50.666
0.662	27.739
0.656	27.419
0.662	27.739
0.656	27.419
0.687	31.881
0.758	46.682
0.725	40.357
0.671	28.632
0.721	37.904
0.699	33.385
0.732	40.922
0.727	40.736
0.651	27.26
0.667	27.937
0.705	36.341
0.712	36.709
0.709	36.374
0.678	31.51
0.735	41.625
0.703	36.101
0.683	31.62
0.716	36.881
0.675	31.173
0.69	32.152
0.757	46.675
0.755	46.045
0.74	42.209
0.67	28.299
0.668	27.945
0.739	41.891
0.681	31.605
0.683	31.62
0.693	32.362
0.738	41.886
0.704	36.124
0.756	46.25
0.717	36.886
0.734	41.313
0.733	40.953
0.698	33.095
0.697	32.736
0.696	32.725
0.695	32.376
0.726	40.705
0.741	42.251
0.681	31.605
0.669	28.274
0.719	37.338
0.718	37.016
0.677	31.19
0.72	37.591
0.734	41.313
0.698	33.095
0.676	31.177
0.694	32.369
0.738	41.886
0.735	41.625
0.72	37.591
0.719	37.338
0.689	31.913
0.693	32.362
0.69	32.152
0.756	46.25
0.711	36.506
0.667	27.937
0.732	40.922
0.727	40.736
0.716	36.881
0.712	36.709
0.651	27.26
0.718	37.016
0.678	31.51
0.71	36.464
0.711	36.506
0.71	36.464
0.741	42.251
0.709	36.374
0.705	36.341
0.733	40.953
0.726	40.705
