P=? [ F (x=9&y=9&crashed=0) ]	R{"cost"}=? [ C<=100 ]
0.703	31.116
0.839	58.666
0.839	58.666
0.703	31.116
0.724	31.202
0.822	49.276
0.745	33.821
0.838	58.289
0.831	54.111
0.812	47.3
0.784	38.886
0.828	53.217
0.785	41.947
0.807	44.321
0.758	36.862
0.738	33.418
0.727	31.866
0.746	36.296
0.771	37.195
0.738	33.418
0.782	38.287
0.727	31.866
0.747	36.328
0.757	36.855
0.774	37.632
0.831	54.111
0.838	58.289
0.787	42.13
0.802	42.834
0.82	48.687
0.794	42.253
0.815	48.156
0.828	53.217
0.796	42.547
0.807	44.321
0.814	47.67
0.782	38.287
0.804	43.262
0.774	37.632
0.773	37.38
0.821	49.23
0.82	48.687
0.815	48.156
0.757	36.855
0.747	36.328
0.83	53.673
0.805	43.699
0.803	43.201
0.806	43.957
0.771	37.195
0.802	42.834
0.796	42.547
0.813	47.409
0.806	43.957
0.805	43.699
0.829	53.449
0.83	53.673
0.829	53.449
0.795	42.37
0.772	37.204
0.786	41.955
0.794	42.253
0.787	42.13
0.795	42.37
0.813	47.409
0.803	43.201
0.821	49.23
0.746	36.296
0.772	37.204
0.786	41.955
0.785	41.947
0.703	31.116
0.738	33.418
0.727	31.866
0.831	54.111
0.838	58.289
0.828	53.217
0.807	44.321
0.782	38.287
0.774	37.632
0.82	48.687
0.815	48.156
0.757	36.855
0.771	37.195
0.802	42.834
0.796	42.547
0.806	43.957
0.805	43.699
0.83	53.673
0.794	42.253
0.787	42.13
0.795	42.37
0.813	47.409
0.803	43.201
0.821	49.23
0.746	36.296
0.772	37.204
0.786	41.955
0.785	41.947
0.703	31.116
