P=? [ F (x=9&y=9&crashed=0) ]	R{"cost"}=? [ C<=100 ]
0.664	23.004
0.908	54.218
0.664	23.004
0.908	54.218
0.692	23.65
0.692	23.65
0.735	27.135
0.735	27.135
0.9	49.4
0.887	48.07
0.883	44.924
0.84	34.987
0.808	29.847
0.87	43.056
0.842	37.551
0.755	27.276
0.867	40.473
0.784	27.914
0.81	32.304
0.765	27.832
0.859	38.568
0.757	27.744
0.799	28.746
0.852	38.414
0.805	29.291
0.791	28.621
0.9	49.4
0.883	44.924
0.89	48.547
0.765	27.832
0.825	32.937
0.804	29.042
0.867	40.473
0.818	32.857
0.887	48.07
0.838	34.899
0.831	34.066
0.83	33.506
0.881	43.584
0.808	29.847
0.882	44.255
0.882	44.255
0.866	39.805
0.789	28.38
0.879	43.428
0.873	43.29
0.895	48.761
0.756	27.488
0.786	28.197
0.846	37.785
0.827	33.118
0.815	32.613
0.8	28.861
0.866	39.805
0.865	39.315
0.872	43.066
0.846	37.785
0.837	34.423
0.877	43.337
0.89	48.547
0.833	34.068
0.85	38.138
0.787	28.372
0.827	33.118
0.812	32.578
0.836	34.203
0.835	34.149
0.83	33.506
0.899	49.239
0.85	38.138
0.898	49.145
0.896	48.853
0.862	38.919
0.861	38.765
0.864	39.161
0.844	37.637
0.87	43.056
0.791	28.621
0.785	27.954
0.864	39.161
0.862	38.919
0.81	32.304
0.898	49.145
0.816	32.706
0.837	34.423
0.896	48.853
0.895	48.761
0.844	37.637
0.842	37.551
0.825	32.937
0.818	32.857
0.861	38.765
0.851	38.22
0.8	28.861
0.877	43.337
0.811	32.411
0.881	43.584
0.865	39.315
0.816	32.706
0.755	27.276
