P=? [ F (x=9&y=9&crashed=0) ]	R{"cost"}=? [ C<=100 ]
0.925	45.337
0.782	27.385
0.782	27.385
0.925	45.337
0.84	27.62
0.802	27.549
0.909	44.075
0.908	40.55
0.859	32.102
0.857	29.193
0.894	38.171
0.891	35.596
0.799	27.535
0.877	32.697
0.868	32.513
0.886	35.117
0.885	33.894
0.905	39.484
0.842	28.023
0.853	28.494
0.906	40.296
0.854	29.137
0.866	32.278
0.924	44.683
0.847	28.057
0.85	28.158
0.887	35.25
0.883	33.493
0.861	32.255
0.919	44.461
0.916	44.273
0.903	39.48
0.913	44.257
0.901	39.167
0.894	38.171
0.799	27.535
0.884	33.888
0.913	44.257
0.85	28.158
0.853	28.494
0.883	33.493
0.881	33.163
0.921	44.662
0.878	32.896
0.889	35.395
0.802	27.549
0.919	44.461
0.901	39.167
0.868	32.513
0.899	38.871
0.898	38.569
0.9	38.876
0.847	28.057
0.859	32.102
0.916	44.273
0.891	35.596
0.907	40.547
0.906	40.296
0.881	33.163
0.88	33.074
0.89	35.593
0.84	27.62
0.909	44.075
0.88	33.074
0.878	32.896
0.842	28.023
0.895	38.33
0.86	32.251
0.866	32.278
0.889	35.395
0.897	38.498
0.896	38.353
0.923	44.666
0.857	29.193
0.856	29.183
0.886	35.117
0.903	39.48
0.921	44.662
0.898	38.569
0.897	38.498
0.856	29.183
0.854	29.137
0.896	38.353
0.895	38.33
0.861	32.255
0.924	44.683
0.885	33.894
0.884	33.888
0.9	38.876
0.899	38.871
0.905	39.484
0.86	32.251
0.923	44.666
0.908	40.55
0.907	40.547
0.89	35.593
0.925	45.337
0.782	27.385
0.799	27.535
0.85	28.158
