P=? [ F (x=9&y=9&crashed=0) ]	R{"cost"}=? [ C<=100 ]
0.909	45.495
0.659	23.207
0.909	45.495
0.659	23.207
0.785	27.479
0.707	23.471
0.888	38.916
0.885	33.894
0.906	44.42
0.905	39.498
0.707	23.471
0.86	32.265
0.829	27.9
0.697	23.42
0.858	29.243
0.799	27.53
0.878	32.69
0.853	28.465
0.799	27.53
0.838	27.91
0.838	27.91
0.697	23.42
0.882	33.5
0.907	45.085
0.854	29.082
0.878	32.69
0.906	44.42
0.853	28.465
0.896	38.957
0.903	39.078
0.86	32.265
0.895	38.952
0.889	38.92
0.905	39.498
0.904	39.083
0.907	45.085
0.884	33.886
0.883	33.501
0.882	33.5
0.885	33.894
0.888	38.916
0.856	29.17
0.858	29.243
0.856	29.17
0.903	39.078
0.896	38.957
0.854	29.082
0.895	38.952
0.889	38.92
0.884	33.886
0.904	39.083
0.883	33.501
0.707	23.471
0.799	27.53
0.838	27.91
0.697	23.42
0.878	32.69
0.906	44.42
0.853	28.465
0.86	32.265
0.907	45.085
0.882	33.5
0.888	38.916
0.858	29.243
0.856	29.17
0.903	39.078
0.896	38.957
0.854	29.082
0.895	38.952
0.889	38.92
0.884	33.886
0.904	39.083
0.883	33.501
0.707	23.471
0.838	27.91
0.697	23.42
0.878	32.69
0.853	28.465
0.86	32.265
0.907	45.085
0.884	33.886
0.882	33.5
0.888	38.916
0.858	29.243
0.903	39.078
0.896	38.957
0.854	29.082
0.895	38.952
0.906	44.42
0.904	39.083
0.883	33.501
0.707	23.471
0.838	27.91
0.697	23.42
0.907	45.085
0.878	32.69
0.853	28.465
0.86	32.265
0.884	33.886
0.882	33.5
