P=? [ F (x=9&y=9&crashed=0) ]	R{"cost"}=? [ C<=100 ]
0.914	49.716
0.703	24.055
0.703	24.055
0.914	49.716
0.897	45.194
0.913	49.526
0.707	27.972
0.796	32.251
0.88	40.136
0.892	44.092
0.761	28.263
0.733	28.135
0.854	37.774
0.846	34.71
0.791	29.785
0.813	32.414
0.86	38.959
0.733	28.135
0.718	28.057
0.874	39.061
0.761	28.263
0.774	28.392
0.892	44.092
0.88	40.136
0.718	28.057
0.878	40.128
0.786	29.412
0.854	37.774
0.846	34.71
0.785	28.626
0.877	39.345
0.778	28.439
0.791	29.785
0.796	32.251
0.826	33.441
0.832	33.525
0.783	28.479
0.896	44.652
0.836	33.536
0.856	38.326
0.855	37.814
0.707	27.972
0.832	33.525
0.813	32.414
0.895	44.438
0.857	38.596
0.816	32.424
0.825	33.428
0.82	32.65
0.819	32.447
0.839	33.567
0.841	34.07
0.84	33.761
0.845	34.684
0.844	34.376
0.822	32.954
0.82	32.65
0.859	38.896
0.857	38.596
0.789	29.515
0.856	38.326
0.774	28.392
0.824	33.208
0.896	44.652
0.824	33.208
0.823	33.006
0.84	33.761
0.859	38.896
0.822	32.954
0.877	39.345
0.876	39.175
0.844	34.376
0.843	34.212
0.776	28.426
0.894	44.374
0.893	44.221
0.837	33.553
0.789	29.515
0.776	28.426
0.788	29.502
0.817	32.434
0.893	44.221
0.784	28.604
0.874	39.061
0.843	34.212
0.842	34.119
0.788	29.502
0.786	29.412
0.826	33.441
0.876	39.175
0.875	39.107
0.894	44.374
0.823	33.006
0.842	34.119
0.841	34.07
0.875	39.107
0.783	28.479
0.855	37.814
0.845	34.684
0.785	28.626
