P=? [ F (x=9&y=9&crashed=0) ]	R{"cost"}=? [ C<=100 ]
0.906	54.029
0.677	26.977
0.906	54.029
0.677	26.977
0.895	44.701
0.877	44.163
0.778	32.301
0.85	38.875
0.876	39.295
0.846	34.799
0.896	49.348
0.897	49.502
0.716	28.03
0.813	32.434
0.685	27.652
0.718	28.05
0.733	28.129
0.742	29.353
0.755	31.091
0.754	29.645
0.752	29.459
0.866	39.21
0.884	44.303
0.897	49.502
0.819	32.467
0.77	32.232
0.875	39.258
0.859	38.889
0.84	33.913
0.761	31.422
0.767	32.063
0.761	31.422
0.813	32.434
0.739	28.795
0.834	33.854
0.864	38.919
0.685	27.652
0.767	32.063
0.883	44.3
0.682	27.484
0.824	33.194
0.834	33.854
0.829	33.777
0.86	38.9
0.895	44.701
0.884	44.303
0.678	27.13
0.735	28.538
0.85	38.875
0.737	28.768
0.742	29.353
0.821	32.821
0.842	34.231
0.681	27.443
0.678	27.13
0.82	32.763
0.828	33.722
0.826	33.443
0.769	32.072
0.681	27.443
0.759	31.154
0.739	28.795
0.845	34.537
0.734	28.282
0.757	31.094
0.825	33.435
0.735	28.538
0.752	29.459
0.844	34.495
0.843	34.295
0.754	29.645
0.842	34.231
0.758	31.103
0.84	33.913
0.823	33.02
0.828	33.722
0.759	31.154
0.866	39.21
0.822	32.985
0.896	49.348
0.734	28.282
0.737	28.768
0.864	38.919
0.883	44.3
0.877	44.163
0.826	33.443
0.733	28.129
0.829	33.777
0.77	32.232
0.843	34.295
0.82	32.763
0.875	39.258
0.845	34.537
0.844	34.495
0.876	39.295
0.823	33.02
0.822	32.985
0.859	38.889
0.769	32.072
0.825	33.435
