P=? [ F (x=9&y=9&crashed=0) ]	R{"cost"}=? [ C<=100 ]
0.914	49.716
0.695	24.465
0.695	24.465
0.914	49.716
0.709	27.561
0.896	44.654
0.894	44.402
0.879	39.956
0.781	32.239
0.855	37.803
0.847	34.828
0.733	27.947
0.78	29.751
0.861	39.261
0.839	33.723
0.819	32.456
0.733	27.947
0.879	39.956
0.896	44.654
0.802	32.45
0.709	27.561
0.877	39.347
0.749	28.235
0.824	33.165
0.796	32.284
0.894	44.402
0.751	28.403
0.855	37.803
0.765	28.408
0.847	34.828
0.856	38.542
0.774	29.298
0.771	28.616
0.858	38.597
0.796	32.284
0.802	32.45
0.824	33.165
0.842	34.323
0.821	32.938
0.878	39.5
0.774	29.298
0.841	33.915
0.861	39.261
0.749	28.235
0.771	28.616
0.776	29.541
0.858	38.597
0.844	34.381
0.779	29.744
0.846	34.747
0.845	34.528
0.779	29.744
0.776	29.541
0.775	29.493
0.823	32.991
0.77	28.562
0.878	39.5
0.895	44.555
0.841	33.915
0.84	33.763
0.845	34.528
0.821	32.938
0.819	32.456
0.765	28.408
0.77	28.562
0.768	28.443
0.768	28.443
0.767	28.44
0.75	28.351
0.895	44.555
0.877	39.347
0.846	34.747
0.844	34.381
0.842	34.323
0.75	28.351
0.775	29.493
0.781	32.239
0.857	38.553
0.84	33.763
0.767	28.44
0.822	32.968
0.823	32.991
0.822	32.968
0.857	38.553
0.856	38.542
0.78	29.751
0.751	28.403
0.914	49.716
0.695	24.465
0.733	27.947
0.879	39.956
0.896	44.654
0.709	27.561
0.894	44.402
0.855	37.803
0.847	34.828
0.796	32.284
0.802	32.45
0.824	33.165
0.774	29.298
