P=? [ F (x=9&y=9&crashed=0) ]	R{"cost"}=? [ C<=100 ]
0.898	45.084
0.674	26.915
0.898	45.084
0.674	26.915
0.894	44.425
0.882	40.743
0.73	28.093
0.696	28.027
0.854	37.813
0.848	35.306
0.689	27.485
0.76	31.244
0.759	29.716
0.882	40.743
0.771	32.148
0.786	32.251
0.863	39.289
0.876	39.312
0.894	44.425
0.75	29.286
0.804	32.363
0.744	28.611
0.792	32.263
0.68	27.042
0.763	31.268
0.68	27.042
0.879	39.945
0.819	32.453
0.804	32.363
0.765	31.763
0.848	35.306
0.694	28.009
0.812	32.403
0.854	37.813
0.82	32.881
0.786	32.251
0.792	32.263
0.74	28.564
0.768	32.077
0.878	39.482
0.75	29.286
0.744	28.611
0.824	33.409
0.897	44.918
0.857	38.417
0.855	37.979
0.881	40.309
0.845	34.514
0.826	33.429
0.832	33.695
0.84	33.759
0.765	31.763
0.847	35.098
0.846	34.733
0.833	33.708
0.755	29.342
0.732	28.098
0.826	33.429
0.694	28.009
0.842	34.13
0.812	32.403
0.837	33.733
0.823	33.141
0.832	33.695
0.771	32.148
0.822	32.958
0.738	28.324
0.737	28.142
0.816	32.434
0.877	39.314
0.844	34.381
0.842	34.13
0.861	39.221
0.86	38.971
0.855	37.979
0.857	38.417
0.841	33.888
0.738	28.324
0.768	32.077
0.759	29.716
0.758	29.492
0.846	34.733
0.86	38.971
0.859	38.753
0.844	34.381
0.847	35.098
0.757	29.373
0.881	40.309
0.88	40.113
0.816	32.434
0.896	44.727
0.896	44.727
0.895	44.538
0.837	33.733
0.735	28.119
0.823	33.141
0.859	38.753
0.858	38.583
0.878	39.482
0.88	40.113
