P=? [ F (x=9&y=9&crashed=0) ]	R{"cost"}=? [ C<=100 ]
0.918	50.932
0.674	26.741
0.674	26.741
0.918	50.932
0.916	50.363
0.901	45.905
0.895	44.628
0.883	41.014
0.777	32.107
0.855	38.127
0.85	35.735
0.859	39.032
0.781	32.237
0.802	32.437
0.718	27.949
0.699	27.809
0.758	31.167
0.901	45.905
0.916	50.363
0.808	32.957
0.883	41.014
0.874	39.047
0.756	29.645
0.761	31.178
0.895	44.628
0.822	32.959
0.855	38.127
0.731	28.097
0.761	31.178
0.741	28.478
0.731	28.097
0.752	29.07
0.829	33.377
0.722	28.003
0.835	33.442
0.745	28.654
0.745	28.654
0.847	35.389
0.741	28.478
0.879	40.021
0.85	35.735
0.752	29.07
0.882	40.417
0.68	27.252
0.679	26.88
0.69	27.484
0.829	33.377
0.9	45.574
0.823	33.018
0.878	39.47
0.846	34.846
0.677	26.863
0.804	32.535
0.781	32.237
0.845	34.522
0.69	27.484
0.899	45.444
0.838	33.785
0.718	27.949
0.755	29.407
0.685	27.3
0.849	35.5
0.694	27.667
0.804	32.535
0.722	28.003
0.685	27.3
0.84	34.187
0.881	40.383
0.879	40.021
0.877	39.439
0.875	39.078
0.823	33.018
0.842	34.198
0.838	33.785
0.897	44.959
0.699	27.809
0.756	29.645
0.755	29.407
0.897	44.959
0.917	50.694
0.846	34.846
0.859	39.032
0.696	27.771
0.808	32.957
0.802	32.437
0.694	27.667
0.835	33.442
0.844	34.457
0.898	45.199
0.839	34.026
0.898	45.199
0.917	50.694
0.682	27.278
0.844	34.457
0.839	34.026
0.696	27.771
0.881	40.383
0.875	39.078
0.877	39.439
0.682	27.278
