P=? [ F (x=9&y=9&crashed=0) ]	R{"cost"}=? [ C<=100 ]
0.676	26.926
0.899	45.171
0.899	45.171
0.676	26.926
0.883	40.652
0.893	44.274
0.778	32.237
0.774	29.232
0.81	32.345
0.781	32.309
0.855	37.814
0.85	35.662
0.714	27.984
0.694	27.829
0.862	39.041
0.876	39.15
0.761	28.542
0.738	28.324
0.769	28.706
0.748	28.432
0.717	28.066
0.893	44.274
0.73	28.083
0.681	27.426
0.748	28.432
0.774	29.232
0.858	38.699
0.761	28.542
0.856	38.017
0.817	32.444
0.847	35.3
0.687	27.468
0.855	37.814
0.839	34.077
0.846	34.781
0.691	27.825
0.85	35.662
0.769	28.706
0.879	39.698
0.842	34.117
0.838	33.719
0.831	33.616
0.812	32.409
0.88	40.076
0.898	45.113
0.681	27.426
0.831	33.616
0.688	27.476
0.82	32.667
0.826	33.459
0.736	28.128
0.731	28.097
0.86	38.798
0.878	39.679
0.877	39.358
0.714	27.984
0.694	27.829
0.881	40.369
0.88	40.076
0.822	33.026
0.856	38.017
0.818	32.646
0.895	44.536
0.835	33.65
0.897	44.879
0.896	44.619
0.779	32.266
0.882	40.603
0.897	44.879
0.881	40.369
0.836	33.666
0.825	33.442
0.824	33.214
0.846	34.781
0.845	34.565
0.877	39.358
0.821	32.827
0.862	39.041
0.737	28.143
0.824	33.214
0.823	33.033
0.86	38.798
0.858	38.699
0.717	28.066
0.844	34.453
0.843	34.275
0.688	27.476
0.849	35.493
0.691	27.825
0.895	44.536
0.821	32.827
0.843	34.275
0.849	35.493
0.848	35.335
0.826	33.459
0.81	32.345
0.781	32.309
0.812	32.409
0.845	34.565
0.844	34.453
