P=? [ F (x=9&y=9&crashed=0) ]	R{"cost"}=? [ C<=100 ]
0.707	31.357
0.869	60.174
0.869	60.174
0.707	31.357
0.858	55.061
0.849	54.625
0.866	59.845
0.845	50.861
0.828	46.947
0.713	34.027
0.798	44.295
0.829	49.831
0.729	34.043
0.712	33.958
0.797	41.921
0.743	34.941
0.858	55.061
0.769	38.541
0.734	34.078
0.755	35.456
0.734	34.078
0.767	37.107
0.866	59.845
0.799	44.629
0.83	49.887
0.827	46.317
0.756	35.868
0.775	39.384
0.806	44.869
0.836	49.976
0.749	35.45
0.813	45.289
0.849	54.625
0.805	44.825
0.776	39.762
0.821	45.455
0.818	45.382
0.712	33.958
0.761	36.153
0.729	34.043
0.787	40.241
0.782	40.09
0.746	35.339
0.84	50.226
0.81	45.169
0.771	38.743
0.797	41.921
0.795	41.296
0.794	41.244
0.845	50.861
0.789	40.247
0.791	40.492
0.78	40.055
0.793	40.88
0.822	45.694
0.843	50.802
0.824	46.031
0.823	45.816
0.766	36.875
0.81	45.169
0.772	38.829
0.818	45.382
0.767	37.107
0.841	50.456
0.773	39.041
0.769	38.541
0.792	40.86
0.763	36.563
0.762	36.197
0.749	35.45
0.765	36.799
0.841	50.456
0.773	39.041
0.868	60.012
0.744	35.003
0.787	40.241
0.838	50.121
0.825	46.155
0.78	40.055
0.776	39.762
0.746	35.339
0.761	36.153
0.756	35.868
0.838	50.121
0.836	49.976
0.744	35.003
0.843	50.802
0.795	41.296
0.79	40.466
0.805	44.825
0.799	44.629
0.812	45.287
0.868	60.012
0.825	46.155
0.782	40.09
0.764	36.706
0.763	36.563
0.812	45.287
0.764	36.706
0.829	49.831
