P=? [ F (x=9&y=9&crashed=0) ]	R{"cost"}=? [ C<=100 ]
0.661	29.001
0.85	51.27
0.661	29.001
0.85	51.27
0.845	50.592
0.83	47.11
0.703	33.19
0.691	30.472
0.798	42.03
0.799	44.34
0.751	36.553
0.801	44.935
0.83	47.11
0.751	36.553
0.762	38.352
0.845	50.592
0.722	33.457
0.703	33.19
0.67	29.089
0.691	30.472
0.762	38.352
0.796	42.013
0.811	45.215
0.729	34.62
0.776	39.563
0.713	33.337
0.739	34.798
0.682	30.34
0.795	41.101
0.764	38.521
0.77	38.535
0.775	39.103
0.783	40.229
0.782	40.046
0.689	30.455
0.746	35.842
0.713	33.337
0.707	33.281
0.793	40.805
0.734	34.774
0.789	40.23
0.74	35.162
0.725	33.793
0.726	34.048
0.814	45.293
0.8	44.401
0.674	29.622
0.819	45.4
0.745	35.806
0.827	46.581
0.811	45.215
0.746	35.842
0.734	34.774
0.782	40.046
0.776	39.563
0.671	29.324
0.677	29.639
0.707	33.281
0.773	39.018
0.772	38.735
0.823	45.696
0.68	30.118
0.679	29.851
0.848	50.676
0.727	34.26
0.744	35.438
0.723	33.689
0.79	40.241
0.814	45.293
0.828	46.734
0.826	46.335
0.825	46.005
0.849	50.943
0.846	50.64
0.829	46.798
0.728	34.313
0.792	40.504
0.821	45.453
0.671	29.324
0.849	50.943
0.743	35.41
0.825	46.005
0.824	45.744
0.674	29.622
0.794	41.055
0.743	35.41
0.74	35.162
0.826	46.335
0.689	30.455
0.682	30.34
0.822	45.465
0.819	45.4
0.68	30.118
0.791	40.455
0.679	29.851
0.772	38.735
0.763	38.368
0.677	29.639
0.77	38.535
0.723	33.689
