P=? [ F (x=9&y=9&crashed=0) ]	R{"cost"}=? [ C<=100 ]
0.851	50.936
0.66	28.809
0.851	50.936
0.833	50.451
0.699	33.123
0.828	46.938
0.68	30.056
0.678	30.026
0.85	50.608
0.699	33.123
0.68	30.056
0.765	38.591
0.764	36.612
0.664	29.251
0.817	45.386
0.798	43.576
0.795	42.116
0.711	33.19
0.795	42.116
0.723	33.689
0.794	41.037
0.726	34.214
0.807	45.335
0.802	44.794
0.799	43.646
0.825	45.965
0.754	35.945
0.715	33.628
0.747	35.419
0.735	34.531
0.828	46.938
0.664	29.251
0.817	45.386
0.742	34.574
0.778	40.322
0.777	39.508
0.784	40.692
0.791	40.762
0.827	46.51
0.754	35.945
0.772	39.037
0.826	46.297
0.767	38.965
0.833	50.451
0.76	35.957
0.736	34.553
0.825	45.965
0.78	40.583
0.747	35.419
0.714	33.34
0.804	45.138
0.784	40.692
0.724	33.95
0.662	29.022
0.662	29.022
0.763	36.582
0.762	36.26
0.774	39.24
0.735	34.531
0.726	34.214
0.776	39.31
0.802	44.794
0.799	43.646
0.798	43.576
0.746	35.12
0.711	33.19
0.762	36.26
0.761	35.987
0.803	44.875
0.725	33.953
0.745	35.092
0.744	34.839
0.743	34.811
0.792	40.861
0.766	38.793
0.779	40.381
0.765	38.591
0.777	39.508
0.772	39.037
0.774	39.24
0.794	41.037
0.792	40.861
0.805	45.197
0.766	38.793
0.807	45.335
0.85	50.608
0.714	33.34
0.805	45.197
0.78	40.583
0.803	44.875
0.767	38.965
0.791	40.762
0.776	39.31
0.715	33.628
0.779	40.381
0.778	40.322
0.764	36.612
0.761	35.987
0.763	36.582
0.746	35.12
