P=? [ F (x=9&y=9&crashed=0) ]	R{"cost"}=? [ C<=100 ]
0.879	66.058
0.688	30.709
0.688	30.709
0.879	66.058
0.713	34.092
0.878	60.925
0.713	34.092
0.876	60.381
0.871	56.393
0.855	52.001
0.856	55.073
0.733	34.106
0.837	50.13
0.83	47.514
0.758	35.798
0.859	55.449
0.868	55.692
0.749	35.703
0.83	47.514
0.841	50.408
0.797	41.677
0.816	45.188
0.771	38.777
0.767	37.253
0.785	40.4
0.799	43.746
0.837	50.13
0.809	45.144
0.876	60.381
0.828	46.453
0.741	34.915
0.798	42.653
0.807	44.956
0.791	40.415
0.847	50.462
0.802	44.111
0.767	37.253
0.798	42.653
0.871	56.393
0.736	34.336
0.785	40.4
0.779	39.844
0.826	46.105
0.807	44.956
0.741	34.915
0.802	44.111
0.758	35.798
0.771	38.777
0.763	36.484
0.736	34.336
0.821	45.759
0.858	55.204
0.745	35.092
0.763	36.484
0.823	45.812
0.85	50.612
0.825	45.888
0.869	55.84
0.766	36.828
0.748	35.465
0.796	41.256
0.734	34.114
0.838	50.337
0.792	40.508
0.779	39.844
0.829	47.008
0.776	39.408
0.878	60.925
0.829	47.008
0.801	43.871
0.764	36.521
0.772	39.003
0.795	41.25
0.794	40.825
0.773	39.027
0.778	39.831
0.777	39.417
0.774	39.241
0.747	35.271
0.746	35.264
0.852	51.143
0.851	50.821
0.87	56.162
0.854	51.683
0.853	51.456
0.852	51.143
0.793	40.802
0.819	45.608
0.765	36.792
0.848	50.517
0.87	56.162
0.809	45.144
0.854	51.683
0.853	51.456
0.817	45.413
0.851	50.821
0.745	35.092
0.774	39.241
0.819	45.608
0.817	45.413
