P=? [ F (x=9&y=9&crashed=0) ]	R{"cost"}=? [ C<=100 ]
0.646	31.698
0.791	61.989
0.646	31.698
0.791	61.989
0.79	56.656
0.661	32.314
0.79	56.656
0.774	51.996
0.771	51.453
0.765	47.688
0.663	35.311
0.774	51.996
0.75	44.491
0.648	32.021
0.664	35.335
0.718	40.406
0.675	35.368
0.728	40.516
0.702	37.046
0.705	37.885
0.71	39.655
0.742	43.127
0.705	37.885
0.742	43.127
0.69	35.898
0.683	35.606
0.765	47.688
0.681	35.449
0.771	51.453
0.675	35.368
0.697	36.364
0.71	39.655
0.69	35.898
0.754	45.102
0.755	45.474
0.694	36.005
0.711	39.779
0.697	36.364
0.732	41.111
0.717	39.944
0.741	42.832
0.758	46.13
0.755	45.474
0.733	41.349
0.758	46.13
0.714	39.784
0.736	41.761
0.703	37.3
0.661	32.314
0.648	32.021
0.752	44.674
0.703	37.3
0.773	51.949
0.772	51.503
0.73	40.652
0.696	36.154
0.736	41.761
0.733	41.349
0.682	35.502
0.761	46.98
0.76	46.626
0.728	40.516
0.694	36.005
0.683	35.606
0.76	46.626
0.739	42.45
0.759	46.367
0.738	42.191
0.764	47.432
0.738	42.191
0.737	41.953
0.759	46.367
0.731	40.878
0.764	47.432
0.763	47.205
0.715	39.802
0.731	40.878
0.753	44.877
0.74	42.67
0.739	42.45
0.753	44.877
0.737	41.953
0.763	47.205
0.762	47.03
0.74	42.67
0.696	36.154
0.717	39.944
0.715	39.802
0.73	40.652
0.751	44.623
0.718	40.406
0.681	35.449
0.751	44.623
0.762	47.03
0.761	46.98
0.772	51.503
0.773	51.949
0.646	31.698
0.791	61.989
0.79	56.656
