P=? [ F (x=9&y=9&crashed=0) ]	R{"cost"}=? [ C<=100 ]
0.659	31.896
0.812	63.592
0.812	63.592
0.659	31.896
0.811	63.128
0.671	35.681
0.797	58.346
0.769	51.357
0.765	47.673
0.784	56.423
0.781	52.921
0.66	32.318
0.797	58.346
0.687	35.685
0.66	32.318
0.708	39.511
0.704	37.317
0.671	35.681
0.695	35.874
0.716	40.136
0.73	40.714
0.773	51.845
0.78	52.705
0.789	57.103
0.698	36.535
0.724	40.263
0.688	35.701
0.711	39.9
0.733	41.843
0.794	57.561
0.724	40.263
0.745	44.383
0.704	37.317
0.719	40.237
0.765	47.673
0.744	44.189
0.743	43.317
0.78	52.705
0.773	51.845
0.702	36.77
0.75	44.712
0.754	45.51
0.758	46.226
0.736	41.873
0.769	51.357
0.758	46.226
0.754	45.51
0.732	41.34
0.741	42.893
0.789	57.103
0.73	40.714
0.698	36.535
0.708	39.511
0.781	52.921
0.732	41.34
0.695	35.874
0.753	45.294
0.751	44.721
0.787	56.544
0.795	57.883
0.738	42.248
0.795	57.883
0.794	57.561
0.711	39.9
0.719	40.237
0.784	56.423
0.753	45.294
0.709	39.522
0.738	42.248
0.77	51.504
0.74	42.563
0.75	44.712
0.745	44.383
0.703	36.989
0.785	56.445
0.763	47.239
0.762	46.926
0.786	56.537
0.771	51.518
0.761	46.889
0.76	46.599
0.739	42.517
0.743	43.317
0.742	43.056
0.764	47.419
0.772	51.601
0.736	41.873
0.702	36.77
0.703	36.989
0.709	39.522
0.751	44.721
0.787	56.544
0.759	46.435
0.744	44.189
0.764	47.419
0.763	47.239
0.688	35.701
0.76	46.599
0.759	46.435
0.742	43.056
