P=? [ F (x=9&y=9&crashed=0) ]	R{"cost"}=? [ C<=100 ]
0.772	55.976
0.595	30.481
0.595	30.481
0.772	55.976
0.659	32.224
0.596	30.503
0.659	32.224
0.685	35.133
0.769	55.094
0.768	51.93
0.685	35.133
0.763	50.211
0.761	47.768
0.746	44.817
0.704	37.205
0.596	30.503
0.697	36.352
0.753	45.702
0.711	39.337
0.731	41.409
0.731	41.409
0.724	40.377
0.724	40.377
0.715	39.831
0.71	38.413
0.721	39.937
0.753	45.702
0.686	35.414
0.697	36.352
0.705	37.397
0.691	35.534
0.742	43.84
0.763	50.211
0.736	42.169
0.739	43.293
0.709	38.244
0.708	37.654
0.744	44.022
0.771	55.668
0.769	55.094
0.713	39.474
0.739	43.293
0.707	37.636
0.764	50.747
0.737	42.68
0.761	47.768
0.742	43.84
0.76	47.407
0.759	46.948
0.758	46.646
0.771	55.668
0.757	46.635
0.756	46.184
0.745	44.461
0.692	35.659
0.754	45.928
0.733	41.621
0.76	47.407
0.732	41.588
0.745	44.461
0.738	42.937
0.736	42.169
0.734	41.821
0.734	41.821
0.767	51.606
0.766	51.276
0.768	51.93
0.767	51.606
0.759	46.948
0.766	51.276
0.765	50.976
0.738	42.937
0.737	42.68
0.696	36.114
0.765	50.976
0.764	50.747
0.756	46.184
0.755	45.956
0.714	39.621
0.696	36.114
0.695	35.919
0.722	40.122
0.744	44.022
0.693	35.828
0.71	38.413
0.709	38.244
0.714	39.621
0.723	40.23
0.711	39.337
0.691	35.534
0.686	35.414
0.723	40.23
0.722	40.122
0.721	39.937
0.715	39.831
0.694	35.888
0.693	35.828
0.695	35.919
0.694	35.888
0.755	45.956
