P=? [ F (x=9&y=9&crashed=0) ]	R{"cost"}=? [ C<=100 ]
0.88	49.555
0.701	27.808
0.701	27.808
0.88	49.555
0.752	31.822
0.872	45.163
0.864	43.651
0.722	28.943
0.855	39.81
0.878	48.838
0.722	28.943
0.806	34.807
0.81	37.08
0.838	38.57
0.774	33.145
0.864	43.651
0.824	38.137
0.788	33.389
0.763	32.5
0.713	27.844
0.79	33.41
0.812	37.351
0.702	27.813
0.855	39.81
0.848	38.737
0.839	38.705
0.756	32.254
0.801	34.073
0.716	28.269
0.804	34.609
0.772	32.952
0.765	32.689
0.819	37.602
0.716	28.269
0.878	48.838
0.869	44.39
0.797	33.9
0.714	27.853
0.869	44.39
0.797	33.9
0.853	39.478
0.849	38.878
0.879	48.978
0.853	39.478
0.849	38.878
0.81	37.08
0.871	44.721
0.824	38.137
0.772	32.952
0.765	32.689
0.774	33.145
0.754	32.131
0.8	33.92
0.799	33.91
0.819	37.602
0.788	33.389
0.754	32.131
0.871	44.721
0.87	44.53
0.854	39.62
0.821	37.92
0.82	37.736
0.822	38.076
0.821	37.92
0.854	39.62
0.879	48.978
0.87	44.53
0.811	37.212
0.82	37.736
0.811	37.212
0.755	32.252
0.805	34.721
0.805	34.721
0.823	38.12
0.822	38.076
0.848	38.737
0.839	38.705
0.702	27.813
0.823	38.12
0.789	33.4
0.789	33.4
0.755	32.252
0.88	49.555
0.701	27.808
0.722	28.943
0.864	43.651
0.765	32.689
0.716	28.269
0.878	48.838
0.797	33.9
0.81	37.08
0.824	38.137
0.772	32.952
0.774	33.145
0.754	32.131
0.819	37.602
0.788	33.389
0.871	44.721
0.821	37.92
0.854	39.62
