P=? [ F (x=9&y=9&crashed=0) ]	R{"cost"}=? [ C<=100 ]
0.862	44.27
0.719	27.171
0.862	44.27
0.719	27.171
0.853	39.169
0.861	44.13
0.763	31.625
0.77	31.818
0.815	36.08
0.753	29.711
0.785	32.278
0.833	36.901
0.818	36.384
0.753	29.711
0.807	34.798
0.763	31.625
0.744	28.537
0.799	33.291
0.839	37.982
0.791	33.198
0.861	44.13
0.807	34.798
0.737	28.398
0.847	38.148
0.752	29.067
0.769	31.687
0.75	29.06
0.737	28.398
0.851	38.846
0.789	33.044
0.785	32.278
0.802	33.982
0.732	28.266
0.833	36.901
0.818	36.384
0.838	37.804
0.801	33.527
0.787	32.515
0.806	34.771
0.805	34.347
0.837	37.631
0.836	37.263
0.834	37.077
0.73	27.966
0.85	38.51
0.788	32.845
0.748	28.787
0.804	34.156
0.721	27.591
0.748	28.787
0.72	27.318
0.726	27.767
0.723	27.62
0.787	32.515
0.8	33.519
0.731	28.19
0.791	33.198
0.788	32.845
0.747	28.59
0.805	34.347
0.85	38.51
0.849	38.319
0.852	38.986
0.804	34.156
0.802	33.982
0.837	37.631
0.847	38.148
0.839	37.982
0.746	28.547
0.728	27.833
0.849	38.319
0.848	38.16
0.817	36.231
0.72	27.318
0.726	27.767
0.723	27.62
0.852	38.986
0.817	36.231
0.816	36.096
0.836	37.263
0.835	37.128
0.73	27.966
0.728	27.833
0.732	28.266
0.799	33.291
0.731	28.19
0.769	31.687
0.835	37.128
0.747	28.59
0.727	27.793
0.806	34.771
0.727	27.793
0.722	27.601
0.816	36.096
0.848	38.16
0.746	28.547
0.722	27.601
0.721	27.591
0.801	33.527
0.8	33.519
