P=? [ F (x=9&y=9&crashed=0) ]	R{"cost"}=? [ C<=100 ]
0.705	23.881
0.871	44.506
0.871	44.506
0.705	23.881
0.856	44.206
0.722	27.292
0.855	39.693
0.732	27.669
0.767	31.664
0.755	28.215
0.753	28.012
0.722	27.292
0.818	36.746
0.834	37.037
0.77	32.233
0.785	32.281
0.87	44.346
0.8	32.808
0.806	34.972
0.787	32.483
0.767	31.664
0.755	28.215
0.815	36.188
0.806	34.972
0.815	36.188
0.84	38.088
0.848	38.286
0.85	38.474
0.803	34.185
0.802	33.384
0.837	37.859
0.836	37.233
0.853	39.184
0.805	34.44
0.853	39.184
0.802	33.384
0.801	32.918
0.85	38.474
0.834	37.037
0.753	28.012
0.839	37.872
0.786	32.466
0.8	32.808
0.787	32.483
0.848	38.286
0.818	36.746
0.769	31.96
0.817	36.479
0.855	39.693
0.854	39.433
0.854	39.433
0.804	34.43
0.803	34.185
0.84	38.088
0.836	37.233
0.817	36.479
0.816	36.317
0.769	31.96
0.768	31.802
0.87	44.346
0.856	44.206
0.768	31.802
0.816	36.317
0.754	28.136
0.801	32.918
0.754	28.136
0.785	32.281
0.77	32.233
0.839	37.872
0.837	37.859
0.805	34.44
0.804	34.43
0.871	44.506
0.705	23.881
0.722	27.292
0.806	34.972
0.815	36.188
0.853	39.184
0.787	32.483
0.85	38.474
0.834	37.037
0.753	28.012
0.8	32.808
0.848	38.286
0.818	36.746
0.855	39.693
0.854	39.433
0.803	34.185
0.84	38.088
0.836	37.233
0.785	32.281
0.817	36.479
0.769	31.96
0.87	44.346
0.856	44.206
0.768	31.802
0.816	36.317
0.801	32.918
0.77	32.233
0.839	37.872
