P=? [ F (x=9&y=9&crashed=0) ]	R{"cost"}=? [ C<=100 ]
0.873	53.306
0.7	27.311
0.7	27.311
0.873	53.306
0.872	44.903
0.752	29.291
0.86	43.328
0.855	39.634
0.763	31.648
0.717	27.398
0.726	27.942
0.739	28.053
0.804	34.476
0.815	36.24
0.804	34.476
0.763	31.648
0.79	33.265
0.815	36.24
0.799	33.326
0.771	32.287
0.781	32.326
0.828	36.954
0.819	36.806
0.84	38.18
0.834	37.156
0.751	29.049
0.855	39.634
0.746	28.819
0.785	32.354
0.846	38.199
0.865	43.456
0.816	36.366
0.829	37.086
0.86	43.328
0.849	38.344
0.839	37.908
0.854	39.401
0.741	28.292
0.717	27.398
0.803	34.125
0.866	43.639
0.781	32.326
0.767	31.831
0.721	27.477
0.867	43.798
0.847	38.21
0.788	32.716
0.723	27.487
0.741	28.292
0.852	39.096
0.851	38.695
0.803	34.125
0.801	33.738
0.801	33.738
0.871	44.565
0.786	32.541
0.744	28.564
0.836	37.336
0.869	44.271
0.868	43.94
0.725	27.766
0.768	31.85
0.818	36.68
0.862	43.332
0.838	37.757
0.837	37.471
0.789	32.999
0.725	27.766
0.818	36.68
0.862	43.332
0.744	28.564
0.789	32.999
0.739	28.053
0.77	32.256
0.769	31.995
0.751	29.049
0.746	28.819
0.721	27.477
0.745	28.595
0.8	33.519
0.8	33.519
0.851	38.695
0.85	38.51
0.767	31.831
0.788	32.716
0.786	32.541
0.85	38.51
0.853	39.236
0.723	27.487
0.87	44.425
0.869	44.271
0.838	37.757
0.828	36.954
0.819	36.806
0.769	31.995
0.868	43.94
0.871	44.565
0.853	39.236
0.852	39.096
0.87	44.425
