P=? [ F (x=9&y=9&crashed=0) ]	R{"cost"}=? [ C<=100 ]
0.775	32.538
0.864	64.625
0.864	64.625
0.775	32.538
0.796	36.636
0.79	32.655
0.811	36.731
0.861	62.52
0.852	56.487
0.847	52.237
0.82	41.097
0.856	60.277
0.836	46.732
0.83	42.825
0.814	37.311
0.791	32.894
0.844	51.26
0.839	47.908
0.855	57.654
0.822	41.641
0.82	41.097
0.856	60.277
0.863	62.789
0.839	47.908
0.83	42.825
0.828	42.296
0.814	37.311
0.836	46.732
0.847	52.237
0.791	32.894
0.844	51.26
0.852	56.487
0.796	36.636
0.846	51.678
0.822	41.641
0.855	57.654
0.854	56.751
0.838	47.225
0.828	42.296
0.829	42.538
0.838	47.225
0.837	46.938
0.845	51.392
0.863	62.789
0.829	42.538
0.812	36.97
0.813	37.072
0.837	46.938
0.845	51.392
0.854	56.751
0.853	56.619
0.853	56.619
0.79	32.655
0.813	37.072
0.812	36.97
0.811	36.731
0.775	32.538
0.82	41.097
0.856	60.277
0.839	47.908
0.83	42.825
0.814	37.311
0.836	46.732
0.847	52.237
0.791	32.894
0.844	51.26
0.796	36.636
0.822	41.641
0.855	57.654
0.828	42.296
0.838	47.225
0.863	62.789
0.829	42.538
0.837	46.938
0.854	56.751
0.853	56.619
0.79	32.655
0.813	37.072
0.812	36.97
0.811	36.731
0.775	32.538
0.863	62.789
0.856	60.277
0.82	41.097
0.839	47.908
0.83	42.825
0.814	37.311
0.836	46.732
0.847	52.237
0.791	32.894
0.844	51.26
0.796	36.636
0.822	41.641
0.855	57.654
0.828	42.296
0.838	47.225
0.829	42.538
0.837	46.938
0.853	56.619
0.79	32.655
