P=? [ F (x=9&y=9&crashed=0) ]	R{"cost"}=? [ C<=100 ]
0.908	48.111
0.908	48.111
0.76	27.5
0.9	44.792
0.796	31.975
0.885	42.586
0.883	40.035
0.825	32.284
0.849	35.176
0.809	32.078
0.859	37.332
0.79	30.061
0.808	32.002
0.77	27.715
0.89	43.333
0.849	35.176
0.859	37.332
0.874	38.516
0.866	38.3
0.786	29.821
0.784	28.795
0.833	33.131
0.77	27.715
0.777	28.196
0.842	34.282
0.893	43.879
0.836	33.596
0.79	30.061
0.834	33.436
0.877	39.061
0.796	31.975
0.828	32.969
0.826	32.536
0.883	40.035
0.881	39.544
0.777	28.196
0.847	34.901
0.846	34.424
0.841	33.814
0.896	43.894
0.879	39.354
0.876	38.75
0.898	44.139
0.839	33.664
0.887	43.012
0.863	37.99
0.861	37.633
0.874	38.516
0.866	38.3
0.899	44.44
0.881	39.544
0.782	28.686
0.887	43.012
0.78	28.503
0.779	28.339
0.899	44.44
0.893	43.879
0.878	39.353
0.827	32.826
0.886	42.87
0.847	34.901
0.784	28.795
0.782	28.686
0.898	44.139
0.861	37.633
0.844	34.38
0.864	38.088
0.863	37.99
0.788	29.916
0.786	29.821
0.876	38.75
0.864	38.088
0.839	33.664
0.825	32.284
0.809	32.078
0.86	37.53
0.844	34.38
0.78	28.503
0.828	32.969
0.896	43.894
0.841	33.814
0.827	32.826
0.779	28.339
0.886	42.87
0.86	37.53
0.789	30.012
0.788	29.916
0.789	30.012
0.846	34.424
0.878	39.353
0.908	48.111
0.849	35.176
0.859	37.332
0.79	30.061
0.796	31.975
0.883	40.035
0.777	28.196
0.887	43.012
0.874	38.516
0.866	38.3
