P=? [ F (x=9&y=9&crashed=0) ]	R{"cost"}=? [ C<=100 ]
0.899	45.006
0.71	23.767
0.899	45.006
0.71	23.767
0.757	27.358
0.72	24.751
0.726	27.288
0.883	43.022
0.882	39.974
0.725	27.268
0.81	30.291
0.851	36.852
0.823	32.272
0.85	34.826
0.758	27.458
0.776	27.57
0.81	30.291
0.885	43.828
0.72	24.751
0.823	32.272
0.789	28.66
0.895	43.868
0.799	28.675
0.833	32.949
0.711	23.77
0.898	44.563
0.711	23.77
0.866	38.304
0.807	29.891
0.835	33.276
0.807	29.891
0.779	27.602
0.84	33.567
0.855	37.317
0.781	27.809
0.872	38.431
0.859	37.329
0.862	37.653
0.803	29.339
0.828	32.704
0.803	29.339
0.785	28.561
0.784	28.298
0.784	28.298
0.884	43.5
0.883	43.022
0.825	32.28
0.725	27.268
0.882	39.974
0.881	39.529
0.826	32.521
0.781	27.809
0.835	33.276
0.876	38.75
0.897	44.202
0.8	28.916
0.863	37.888
0.86	37.559
0.776	27.57
0.865	38.08
0.841	33.788
0.874	38.437
0.884	43.5
0.847	34.42
0.849	34.626
0.827	32.605
0.84	33.567
0.802	29.164
0.843	33.993
0.852	36.857
0.802	29.164
0.8	28.916
0.828	32.704
0.872	38.431
0.897	44.202
0.896	43.978
0.875	38.535
0.879	39.195
0.878	38.983
0.881	39.529
0.88	39.318
0.849	34.626
0.847	34.42
0.843	33.993
0.841	33.788
0.85	34.826
0.846	34.22
0.865	38.08
0.863	37.888
0.878	38.983
0.877	38.792
0.787	28.585
0.854	37.174
0.853	37.0
0.844	34.165
0.845	34.209
0.853	37.0
0.854	37.174
0.787	28.585
0.866	38.304
