P=? [ F (x=9&y=9&crashed=0) ]	R{"cost"}=? [ C<=100 ]
0.674	27.409
0.897	59.954
0.674	27.409
0.897	59.954
0.707	31.689
0.767	31.824
0.889	54.845
0.882	54.639
0.88	50.014
0.864	44.886
0.866	48.671
0.697	28.903
0.851	42.154
0.847	39.983
0.854	42.456
0.695	28.594
0.812	36.241
0.857	44.315
0.682	27.91
0.809	34.473
0.775	32.109
0.697	28.903
0.791	33.156
0.801	33.608
0.707	31.689
0.889	54.845
0.767	31.824
0.789	32.953
0.682	27.91
0.826	37.365
0.785	32.734
0.695	28.594
0.678	27.863
0.878	49.692
0.847	39.983
0.874	49.447
0.851	42.154
0.861	44.561
0.829	37.664
0.872	49.14
0.791	33.156
0.854	42.456
0.869	48.864
0.845	39.663
0.844	39.25
0.777	32.202
0.783	32.621
0.815	36.397
0.823	37.137
0.781	32.432
0.818	36.623
0.869	48.864
0.809	34.473
0.88	50.014
0.862	44.71
0.83	38.127
0.804	33.847
0.808	34.285
0.801	33.608
0.815	36.397
0.812	36.241
0.858	44.467
0.857	44.315
0.872	49.14
0.675	27.531
0.878	49.692
0.874	49.447
0.838	38.699
0.777	32.202
0.823	37.137
0.818	36.623
0.882	54.639
0.866	48.671
0.678	27.863
0.782	32.508
0.675	27.531
0.845	39.663
0.806	34.159
0.844	39.25
0.842	38.943
0.802	33.767
0.841	38.932
0.838	38.699
0.807	34.162
0.828	37.632
0.841	38.932
0.835	38.677
0.834	38.444
0.833	38.359
0.781	32.432
0.804	33.847
0.831	38.205
0.821	36.915
0.821	36.915
0.82	36.84
0.82	36.84
0.828	37.632
0.863	44.883
0.836	38.691
0.842	38.943
