P=? [ F (x=9&y=9&crashed=0) ]	R{"cost"}=? [ C<=100 ]
0.805	56.967
0.628	26.478
0.805	56.967
0.801	56.481
0.796	48.334
0.678	28.302
0.651	27.006
0.78	43.415
0.761	41.833
0.783	47.221
0.759	38.675
0.63	26.668
0.686	30.589
0.692	30.895
0.647	26.825
0.709	31.057
0.678	28.302
0.727	32.772
0.686	30.589
0.651	27.006
0.767	42.113
0.746	37.152
0.791	47.662
0.786	47.609
0.748	37.208
0.771	42.735
0.801	56.481
0.744	36.19
0.722	32.292
0.796	48.334
0.776	42.76
0.739	35.454
0.736	34.596
0.752	37.303
0.735	34.284
0.732	33.63
0.755	37.613
0.77	42.422
0.736	34.596
0.792	47.84
0.768	42.409
0.731	33.166
0.783	47.221
0.716	31.241
0.739	35.454
0.69	30.856
0.729	32.805
0.804	56.791
0.778	43.077
0.722	32.292
0.74	35.675
0.761	41.833
0.743	35.99
0.752	37.303
0.69	30.856
0.717	31.461
0.718	31.5
0.742	35.911
0.721	32.082
0.741	35.746
0.744	36.19
0.714	31.216
0.758	38.499
0.757	38.13
0.629	26.481
0.731	33.166
0.711	31.083
0.734	34.058
0.733	33.702
0.794	47.973
0.759	38.675
0.756	37.955
0.72	32.049
0.719	31.711
0.649	26.841
0.692	30.895
0.647	26.825
0.755	37.613
0.804	56.791
0.714	31.216
0.785	47.486
0.767	42.113
0.785	47.486
0.746	37.152
0.734	34.058
0.719	31.711
0.729	32.805
0.649	26.841
0.795	48.155
0.795	48.155
0.777	42.936
0.758	38.499
0.757	38.13
0.779	43.252
0.756	37.955
0.779	43.252
0.709	31.057
0.63	26.668
0.777	42.936
0.711	31.083
