P=? [ F (x=9&y=9&crashed=0) ]	R{"cost"}=? [ C<=100 ]
0.796	48.098
0.628	26.418
0.628	26.418
0.796	48.098
0.688	27.507
0.69	30.91
0.656	27.049
0.784	47.109
0.78	43.433
0.711	30.996
0.646	26.465
0.759	40.511
0.758	38.552
0.761	42.12
0.759	40.511
0.735	34.127
0.746	37.276
0.744	36.228
0.737	35.125
0.725	32.931
0.788	47.708
0.721	32.105
0.793	47.83
0.777	42.891
0.762	42.126
0.784	47.109
0.78	43.433
0.731	33.156
0.654	26.862
0.656	27.049
0.773	42.869
0.747	37.302
0.767	42.171
0.718	31.472
0.727	33.031
0.713	31.091
0.729	33.07
0.647	26.676
0.725	32.931
0.721	32.105
0.786	47.372
0.754	37.661
0.74	35.425
0.772	42.827
0.786	47.372
0.751	37.339
0.793	47.83
0.744	36.228
0.717	31.243
0.719	31.659
0.72	32.015
0.779	43.213
0.734	34.042
0.733	33.696
0.738	35.128
0.757	38.303
0.756	37.97
0.779	43.213
0.733	33.696
0.732	33.408
0.753	37.38
0.649	26.696
0.652	26.843
0.652	26.843
0.649	26.696
0.768	42.21
0.771	42.57
0.756	37.97
0.755	37.715
0.732	33.408
0.715	31.121
0.788	47.708
0.758	38.552
0.757	38.303
0.743	35.979
0.741	35.653
0.711	30.996
0.739	35.341
0.719	31.659
0.77	42.488
0.743	35.979
0.769	42.306
0.742	35.797
0.752	37.342
0.715	31.121
0.777	42.891
0.742	35.797
0.741	35.653
0.761	42.12
0.737	35.125
0.717	31.243
0.769	42.306
0.72	32.015
0.734	34.042
0.739	35.341
0.771	42.57
0.77	42.488
0.755	37.715
0.767	42.171
0.753	37.38
