P=? [ F (x=9&y=9&crashed=0) ]	R{"cost"}=? [ C<=100 ]
0.863	48.489
0.624	23.022
0.863	48.489
0.624	23.022
0.715	28.09
0.853	43.965
0.631	26.94
0.637	27.115
0.676	27.182
0.858	47.823
0.722	31.704
0.764	31.822
0.73	31.815
0.833	42.485
0.832	39.49
0.687	27.316
0.71	27.451
0.808	34.621
0.811	36.673
0.769	32.083
0.786	32.093
0.834	42.711
0.847	42.911
0.816	37.506
0.687	27.316
0.676	27.182
0.631	26.94
0.799	33.162
0.712	27.541
0.808	34.621
0.722	31.704
0.803	33.699
0.637	27.115
0.851	43.363
0.822	37.839
0.858	47.823
0.831	39.127
0.793	33.074
0.815	37.141
0.862	48.16
0.728	31.808
0.806	34.19
0.723	31.705
0.811	36.673
0.83	39.071
0.829	38.66
0.828	38.433
0.852	43.731
0.832	39.49
0.812	36.877
0.86	47.923
0.801	33.404
0.822	37.839
0.805	34.023
0.791	32.624
0.85	43.278
0.712	27.541
0.827	38.386
0.806	34.19
0.805	34.023
0.791	32.624
0.789	32.356
0.795	33.105
0.824	38.113
0.823	37.865
0.792	32.829
0.801	33.404
0.71	27.451
0.862	48.16
0.852	43.731
0.802	33.633
0.829	38.66
0.833	42.485
0.796	33.113
0.815	37.141
0.813	36.929
0.728	31.808
0.86	47.923
0.792	32.829
0.788	32.297
0.787	32.095
0.847	42.911
0.834	42.711
0.768	31.884
0.789	32.356
0.813	36.929
0.849	43.162
0.848	43.026
0.826	38.254
0.826	38.254
0.825	38.131
0.849	43.162
0.848	43.026
0.764	31.822
0.73	31.815
0.766	31.84
0.723	31.705
0.802	33.633
0.788	32.297
0.83	39.071
