P=? [ F (x=9&y=9&crashed=0) ]	R{"cost"}=? [ C<=100 ]
0.899	55.126
0.703	31.683
0.797	36.469
0.731	33.206
0.889	53.725
0.881	49.3
0.731	33.206
0.818	39.888
0.861	47.446
0.857	44.832
0.827	41.584
0.836	41.775
0.89	54.48
0.889	53.725
0.729	33.194
0.84	42.641
0.898	54.66
0.862	47.894
0.879	48.781
0.839	42.048
0.718	33.124
0.871	48.529
0.87	48.338
0.827	41.584
0.881	49.3
0.71	32.203
0.828	41.637
0.857	44.832
0.861	47.446
0.712	32.423
0.817	39.344
0.847	43.192
0.712	32.423
0.717	33.108
0.847	43.192
0.71	32.203
0.81	38.521
0.809	37.893
0.802	36.861
0.855	43.958
0.806	37.633
0.804	37.198
0.84	42.641
0.856	44.326
0.717	33.108
0.852	43.754
0.804	37.198
0.812	38.759
0.87	48.338
0.862	47.894
0.815	39.194
0.812	38.759
0.88	49.195
0.856	44.326
0.849	43.204
0.808	37.701
0.815	39.194
0.816	39.256
0.879	48.781
0.871	48.529
0.851	43.522
0.85	43.424
0.811	38.542
0.855	43.958
0.852	43.754
0.809	37.893
0.806	37.633
0.898	54.66
0.89	54.48
0.799	36.648
0.799	36.648
0.828	41.637
0.801	36.82
0.8	36.695
0.88	49.195
0.851	43.522
0.85	43.424
0.718	33.124
0.808	37.701
0.8	36.695
0.801	36.82
0.811	38.542
0.81	38.521
0.849	43.204
0.889	53.725
0.827	41.584
0.881	49.3
0.857	44.832
0.861	47.446
0.712	32.423
0.847	43.192
0.71	32.203
0.84	42.641
0.804	37.198
0.717	33.108
0.87	48.338
0.862	47.894
0.812	38.759
0.856	44.326
0.801	36.82
