P=? [ F (x=9&y=9&crashed=0) ]	R{"cost"}=? [ C<=100 ]
0.874	49.867
0.625	23.46
0.874	49.867
0.625	23.46
0.716	28.14
0.723	31.609
0.637	26.942
0.643	27.274
0.678	27.541
0.627	23.47
0.749	32.043
0.782	32.104
0.708	27.594
0.678	27.541
0.862	47.684
0.857	44.871
0.836	42.037
0.832	39.61
0.81	36.693
0.808	34.654
0.736	31.982
0.748	32.038
0.637	26.942
0.627	23.47
0.857	44.871
0.864	47.921
0.866	48.918
0.732	31.787
0.713	27.666
0.856	44.365
0.817	37.88
0.723	31.609
0.643	27.274
0.823	37.89
0.85	43.157
0.854	44.263
0.832	39.61
0.801	33.494
0.862	47.684
0.841	42.901
0.873	49.397
0.844	42.983
0.793	33.118
0.803	33.669
0.87	49.106
0.799	33.14
0.815	37.174
0.808	34.654
0.865	48.373
0.79	32.796
0.829	38.661
0.836	42.037
0.852	43.407
0.853	43.798
0.806	34.201
0.865	48.373
0.831	39.16
0.84	42.457
0.789	32.363
0.816	37.593
0.735	31.795
0.853	43.798
0.732	31.787
0.792	32.836
0.844	42.983
0.824	38.156
0.805	34.027
0.839	42.276
0.814	37.135
0.87	49.106
0.816	37.593
0.787	32.12
0.83	38.945
0.802	33.641
0.85	43.157
0.806	34.201
0.805	34.027
0.782	32.104
0.872	49.36
0.852	43.407
0.796	33.127
0.796	33.127
0.785	32.115
0.831	39.16
0.83	38.945
0.813	36.936
0.866	48.918
0.811	36.7
0.812	36.883
0.838	42.218
0.84	42.457
0.788	32.3
0.838	42.218
0.712	27.613
0.828	38.549
0.827	38.397
0.872	49.36
0.826	38.284
0.825	38.164
0.799	33.14
