P=? [ F (x=9&y=9&crashed=0) ]	R{"cost"}=? [ C<=100 ]
0.712	27.525
0.882	49.548
0.882	49.548
0.712	27.525
0.719	31.943
0.767	32.003
0.861	48.21
0.787	32.153
0.718	28.829
0.858	45.254
0.767	32.003
0.835	41.955
0.809	35.087
0.812	36.869
0.833	40.228
0.717	28.811
0.791	32.972
0.714	27.859
0.831	39.77
0.798	33.301
0.868	48.323
0.877	48.675
0.83	38.904
0.838	42.18
0.843	42.991
0.813	37.113
0.858	45.254
0.87	48.627
0.839	42.56
0.809	35.087
0.818	38.102
0.805	34.084
0.848	43.043
0.807	34.583
0.807	34.583
0.789	32.486
0.714	27.859
0.857	44.677
0.823	38.121
0.833	40.228
0.812	36.869
0.88	49.297
0.879	48.926
0.816	37.86
0.815	37.499
0.789	32.486
0.805	34.084
0.802	33.752
0.798	33.301
0.791	32.972
0.843	42.991
0.839	42.56
0.802	33.752
0.8	33.588
0.815	37.499
0.853	43.88
0.852	43.497
0.828	38.651
0.832	39.849
0.861	48.21
0.835	41.955
0.856	44.497
0.855	44.165
0.826	38.568
0.8	33.588
0.83	38.904
0.869	48.576
0.879	48.926
0.88	49.297
0.85	43.212
0.816	37.86
0.828	38.651
0.825	38.375
0.824	38.174
0.855	44.165
0.854	43.97
0.825	38.375
0.848	43.043
0.857	44.677
0.856	44.497
0.877	48.675
0.852	43.497
0.851	43.326
0.85	43.212
0.818	38.102
0.851	43.326
0.868	48.323
0.854	43.97
0.853	43.88
0.826	38.568
0.832	39.849
0.719	31.943
0.824	38.174
0.869	48.576
0.87	48.627
0.823	38.121
0.718	28.829
0.882	49.548
0.712	27.525
0.767	32.003
