P=? [ F (x=9&y=9&crashed=0) ]	R{"cost"}=? [ C<=100 ]
0.692	33.714
0.862	56.666
0.862	56.666
0.692	33.714
0.861	56.517
0.854	52.041
0.739	35.498
0.752	37.999
0.799	44.65
0.798	41.764
0.844	50.229
0.83	47.51
0.83	47.51
0.814	44.802
0.712	34.908
0.739	35.498
0.725	35.012
0.844	50.229
0.752	37.999
0.706	34.135
0.8	44.657
0.727	35.222
0.694	33.906
0.79	40.268
0.854	52.041
0.76	38.175
0.782	40.081
0.815	45.246
0.861	56.517
0.763	38.512
0.829	46.615
0.77	38.601
0.794	40.889
0.711	34.615
0.707	34.419
0.82	45.483
0.852	51.452
0.851	50.955
0.775	39.123
0.792	40.541
0.849	50.841
0.78	39.987
0.848	50.558
0.779	39.91
0.777	39.498
0.727	35.222
0.792	40.541
0.847	50.539
0.853	51.64
0.771	38.627
0.846	50.287
0.761	38.426
0.774	39.106
0.82	45.483
0.694	33.906
0.797	41.703
0.796	41.356
0.796	41.356
0.795	41.014
0.776	39.46
0.822	45.498
0.79	40.268
0.782	40.081
0.85	50.888
0.725	35.012
0.815	45.246
0.706	34.135
0.773	38.879
0.772	38.854
0.763	38.512
0.828	46.421
0.827	46.199
0.779	39.91
0.711	34.615
0.707	34.419
0.829	46.615
0.823	45.692
0.828	46.421
0.853	51.64
0.852	51.452
0.76	38.175
0.777	39.498
0.825	45.924
0.824	45.753
0.826	46.091
0.825	45.924
0.814	44.802
0.8	44.657
0.795	41.014
0.827	46.199
0.826	46.091
0.712	34.908
0.77	38.601
0.761	38.426
0.851	50.955
0.798	41.764
0.824	45.753
0.797	41.703
0.823	45.692
0.846	50.287
