P=? [ F (x=9&y=9&crashed=0) ]	R{"cost"}=? [ C<=100 ]
0.83	50.575
0.656	29.375
0.83	50.575
0.656	29.375
0.672	30.728
0.721	33.388
0.829	47.023
0.799	44.571
0.721	33.388
0.672	30.728
0.797	41.97
0.671	30.093
0.769	38.658
0.766	36.905
0.749	35.715
0.657	29.388
0.728	34.26
0.808	45.539
0.821	45.64
0.741	34.544
0.784	40.391
0.759	35.781
0.797	41.97
0.796	41.167
0.801	44.72
0.791	40.485
0.826	46.041
0.671	30.093
0.657	29.388
0.779	39.74
0.779	39.74
0.784	40.391
0.824	45.747
0.747	35.21
0.765	36.891
0.725	33.969
0.828	46.709
0.827	46.226
0.795	40.983
0.728	34.26
0.803	44.973
0.745	34.956
0.803	44.973
0.742	34.586
0.764	36.524
0.761	35.995
0.794	40.825
0.829	47.023
0.828	46.709
0.726	34.145
0.807	45.471
0.741	34.544
0.805	45.256
0.777	39.421
0.775	39.148
0.769	38.658
0.793	40.784
0.792	40.512
0.799	44.571
0.777	39.421
0.766	36.905
0.771	38.687
0.805	45.256
0.821	45.64
0.762	36.213
0.761	35.995
0.746	35.164
0.743	34.792
0.764	36.524
0.763	36.32
0.775	39.148
0.724	33.775
0.759	35.781
0.749	35.715
0.827	46.226
0.796	41.167
0.778	39.568
0.747	35.21
0.823	45.705
0.774	39.066
0.773	38.915
0.778	39.568
0.724	33.775
0.723	33.632
0.722	33.516
0.772	38.804
0.723	33.632
0.722	33.516
0.726	34.145
0.773	38.915
0.772	38.804
0.806	45.363
0.806	45.363
0.763	36.32
0.762	36.213
0.744	34.895
0.743	34.792
0.808	45.539
0.791	40.485
0.774	39.066
