P=? [ F (x=9&y=9&crashed=0) ]	R{"cost"}=? [ C<=100 ]
0.659	29.388
0.851	50.849
0.851	50.849
0.659	29.388
0.798	43.347
0.844	49.72
0.827	46.361
0.739	34.388
0.827	46.361
0.797	41.433
0.722	34.273
0.691	32.993
0.813	44.547
0.844	49.72
0.767	37.19
0.77	38.637
0.709	33.817
0.684	31.671
0.684	31.671
0.698	33.231
0.756	35.509
0.813	44.547
0.798	43.347
0.713	34.058
0.747	35.43
0.709	33.817
0.672	30.661
0.697	33.054
0.784	40.273
0.76	35.936
0.721	34.166
0.82	45.5
0.79	40.34
0.679	30.701
0.767	37.19
0.691	32.993
0.782	40.001
0.776	39.292
0.782	40.001
0.776	39.292
0.668	30.412
0.683	31.037
0.744	34.836
0.664	30.106
0.663	29.83
0.698	33.231
0.668	30.412
0.816	45.113
0.762	36.493
0.68	30.706
0.764	36.649
0.848	50.254
0.746	35.337
0.796	41.338
0.794	40.851
0.77	38.637
0.846	49.77
0.814	44.861
0.713	34.058
0.663	29.83
0.816	45.113
0.744	34.836
0.742	34.57
0.672	30.661
0.775	39.209
0.764	36.649
0.847	50.116
0.759	35.825
0.682	31.03
0.759	35.825
0.792	40.651
0.664	30.106
0.756	35.509
0.822	45.714
0.742	34.57
0.772	38.897
0.849	50.508
0.85	50.599
0.773	38.913
0.794	40.851
0.826	46.194
0.825	45.953
0.815	44.889
0.824	45.857
0.796	41.338
0.746	35.337
0.792	40.651
0.774	39.029
0.79	40.34
0.821	45.543
0.783	40.103
0.74	34.401
0.826	46.194
0.824	45.857
0.822	45.714
0.762	36.493
0.847	50.116
0.793	40.721
0.763	36.521
0.772	38.897
