P=? [ F (x=9&y=9&crashed=0) ]	R{"cost"}=? [ C<=100 ]
0.852	51.502
0.687	30.202
0.852	51.502
0.687	30.202
0.847	50.434
0.828	46.414
0.703	33.468
0.828	46.414
0.799	43.874
0.695	31.289
0.798	41.908
0.747	35.425
0.706	33.797
0.813	45.011
0.78	39.96
0.718	33.875
0.802	44.355
0.756	35.463
0.789	40.112
0.814	45.229
0.822	45.5
0.695	31.289
0.694	31.192
0.724	33.909
0.73	34.031
0.694	31.192
0.767	37.625
0.766	36.917
0.764	36.594
0.737	34.07
0.77	38.406
0.768	37.647
0.851	51.037
0.813	45.011
0.802	44.355
0.731	34.035
0.718	33.875
0.798	41.908
0.797	41.365
0.723	33.897
0.801	44.239
0.759	35.773
0.848	50.656
0.779	39.781
0.745	35.002
0.85	50.948
0.776	39.391
0.742	34.568
0.763	36.375
0.823	45.636
0.826	46.048
0.74	34.361
0.77	38.406
0.766	36.917
0.705	33.789
0.704	33.478
0.759	35.773
0.744	34.844
0.756	35.463
0.825	46.006
0.824	45.716
0.745	35.002
0.763	36.375
0.761	36.098
0.74	34.361
0.738	34.215
0.822	45.5
0.814	45.229
0.743	34.826
0.8	43.985
0.76	36.011
0.761	36.098
0.742	34.568
0.797	41.365
0.796	41.16
0.771	38.606
0.775	39.191
0.827	46.216
0.849	50.753
0.795	41.021
0.794	40.827
0.793	40.654
0.792	40.461
0.778	39.649
0.777	39.462
0.775	39.191
0.774	39.006
0.794	40.827
0.793	40.654
0.827	46.216
0.774	39.006
0.773	38.846
0.772	38.76
0.771	38.606
0.789	40.112
0.768	37.647
0.738	34.215
0.796	41.16
0.795	41.021
0.79	40.25
