P=? [ F (x=9&y=9&crashed=0) ]	R{"cost"}=? [ C<=100 ]
0.846	44.402
0.676	24.183
0.676	24.183
0.846	44.402
0.689	26.973
0.714	27.215
0.758	31.952
0.754	29.943
0.732	28.417
0.842	43.561
0.827	41.817
0.824	40.136
0.801	36.831
0.689	26.973
0.745	28.422
0.784	33.505
0.8	35.405
0.833	42.959
0.809	38.074
0.716	27.529
0.726	27.53
0.817	38.319
0.754	29.943
0.77	32.392
0.79	33.572
0.832	42.485
0.778	33.45
0.823	39.937
0.752	29.416
0.758	31.952
0.798	34.867
0.764	32.265
0.833	42.959
0.805	37.257
0.804	37.004
0.752	29.416
0.75	29.02
0.806	37.468
0.728	27.792
0.829	41.986
0.824	40.136
0.831	42.286
0.83	42.182
0.822	39.52
0.731	28.133
0.803	36.839
0.747	28.704
0.791	33.615
0.794	34.063
0.746	28.461
0.762	32.231
0.762	32.231
0.75	29.02
0.727	27.586
0.776	33.255
0.775	33.013
0.8	35.405
0.799	35.061
0.843	43.61
0.796	34.328
0.73	28.124
0.821	39.23
0.82	38.911
0.797	34.549
0.845	44.085
0.808	37.943
0.807	37.629
0.773	32.843
0.772	32.661
0.845	44.085
0.844	43.785
0.822	39.52
0.821	39.23
0.827	41.817
0.82	38.911
0.819	38.64
0.748	28.749
0.772	32.661
0.795	34.326
0.715	27.462
0.77	32.392
0.764	32.265
0.817	38.319
0.792	33.86
0.714	27.215
0.797	34.549
0.729	27.914
0.776	33.255
0.799	35.061
0.793	34.039
0.792	33.86
0.844	43.785
0.778	33.45
0.819	38.64
0.818	38.469
0.775	33.013
0.773	32.843
0.748	28.749
0.807	37.629
0.818	38.469
