P=? [ F (x=9&y=9&crashed=0) ]	R{"cost"}=? [ C<=100 ]
0.75	27.57
0.927	53.694
0.927	53.694
0.75	27.57
0.919	50.605
0.825	32.288
0.805	32.064
0.858	37.576
0.849	35.061
0.926	53.251
0.886	42.72
0.804	32.034
0.884	40.404
0.765	27.956
0.777	28.192
0.906	47.97
0.902	45.893
0.765	27.956
0.8	30.32
0.849	35.061
0.91	49.242
0.874	38.679
0.858	37.576
0.865	38.613
0.926	53.251
0.795	29.962
0.786	29.657
0.914	49.394
0.829	33.181
0.836	33.366
0.892	44.056
0.902	45.893
0.896	44.17
0.782	29.243
0.876	38.977
0.909	48.446
0.797	30.099
0.915	49.909
0.827	32.867
0.78	28.532
0.84	33.655
0.863	38.118
0.906	47.97
0.897	44.635
0.891	43.401
0.879	39.32
0.864	38.432
0.877	39.239
0.779	28.336
0.836	33.366
0.861	38.066
0.901	45.348
0.799	30.313
0.883	40.305
0.899	44.852
0.917	50.274
0.827	32.867
0.88	39.591
0.784	29.551
0.782	29.243
0.795	29.962
0.786	29.657
0.8	30.32
0.847	34.683
0.84	33.655
0.86	37.794
0.882	40.04
0.881	39.633
0.908	48.187
0.847	34.683
0.825	32.288
0.842	33.877
0.898	44.68
0.78	28.532
0.886	42.72
0.888	42.912
0.901	45.348
0.9	45.015
0.829	33.181
0.846	34.388
0.882	40.04
0.916	50.014
0.909	48.446
0.918	50.346
0.784	29.551
0.884	40.404
0.844	34.326
0.843	34.095
0.842	33.877
0.86	37.794
0.843	34.095
0.908	48.187
0.874	38.679
0.845	34.38
0.89	43.309
0.889	43.102
0.888	42.912
0.889	43.102
0.9	45.015
0.896	44.17
