P=? [ F (x=9&y=9&crashed=0) ]	R{"cost"}=? [ C<=100 ]
0.919	50.448
0.779	27.562
0.919	50.448
0.914	49.48
0.901	45.483
0.799	30.337
0.894	43.786
0.884	40.431
0.809	32.036
0.786	29.089
0.86	37.915
0.851	35.122
0.799	30.337
0.901	45.483
0.914	49.48
0.867	38.641
0.894	43.786
0.86	37.915
0.809	32.036
0.851	35.122
0.819	32.165
0.786	29.089
0.884	40.431
0.831	33.53
0.839	33.579
0.875	38.703
0.783	28.024
0.825	32.271
0.819	32.165
0.865	38.395
0.829	33.087
0.918	49.981
0.9	44.865
0.783	28.024
0.883	40.348
0.863	38.234
0.916	49.688
0.841	33.803
0.781	27.752
0.849	34.85
0.844	34.324
0.916	49.688
0.882	40.041
0.881	39.686
0.781	27.752
0.828	32.748
0.899	44.826
0.898	44.492
0.827	32.595
0.881	39.686
0.88	39.363
0.862	38.232
0.827	32.595
0.882	40.041
0.847	34.832
0.918	49.981
0.898	44.492
0.897	44.199
0.842	34.079
0.825	32.271
0.83	33.297
0.841	33.803
0.839	33.579
0.83	33.297
0.843	34.274
0.842	34.079
0.846	34.692
0.845	34.505
0.849	34.85
0.845	34.505
0.876	38.875
0.862	38.232
0.897	44.199
0.896	44.035
0.895	43.947
0.877	39.036
0.876	38.875
0.88	39.363
0.879	39.203
0.828	32.748
0.846	34.692
0.878	39.162
0.877	39.036
0.896	44.035
0.895	43.947
0.875	38.703
0.843	34.274
0.831	33.53
0.878	39.162
0.879	39.203
0.9	44.865
0.899	44.826
0.847	34.832
0.919	50.448
0.799	30.337
0.901	45.483
0.914	49.48
0.894	43.786
0.86	37.915
0.809	32.036
