P=? [ F (x=9&y=9&crashed=0) ]	R{"cost"}=? [ C<=100 ]
0.794	32.988
0.794	32.988
0.917	49.984
0.917	49.984
0.832	36.851
0.901	48.621
0.9	44.881
0.83	35.117
0.851	37.108
0.81	33.385
0.877	42.466
0.876	40.725
0.821	33.726
0.799	33.03
0.824	33.788
0.825	34.609
0.904	49.296
0.912	49.355
0.892	44.015
0.803	33.322
0.809	33.323
0.915	49.465
0.882	43.186
0.887	43.199
0.872	39.899
0.916	49.972
0.821	33.726
0.866	38.893
0.903	49.183
0.901	48.621
0.898	44.386
0.826	34.736
0.895	44.264
0.88	42.917
0.803	33.322
0.895	44.264
0.832	36.851
0.826	34.736
0.874	40.196
0.891	43.651
0.912	49.355
0.862	38.83
0.861	38.519
0.863	38.859
0.856	37.86
0.855	37.555
0.876	40.725
0.875	40.422
0.878	42.766
0.877	42.466
0.891	43.651
0.89	43.353
0.874	40.196
0.867	39.18
0.899	44.659
0.871	39.793
0.87	39.527
0.851	37.108
0.903	49.183
0.868	39.43
0.867	39.18
0.875	40.422
0.853	37.472
0.852	37.248
0.9	44.881
0.899	44.659
0.881	43.132
0.86	38.425
0.859	38.244
0.858	38.133
0.857	37.966
0.889	43.329
0.887	43.199
0.852	37.248
0.889	43.329
0.879	42.793
0.898	44.386
0.859	38.244
0.858	38.133
0.915	49.465
0.857	37.966
0.856	37.86
0.871	39.793
0.861	38.519
0.86	38.425
0.87	39.527
0.869	39.449
0.824	33.788
0.854	37.534
0.853	37.472
0.904	49.296
0.881	43.132
0.866	38.893
0.863	38.859
0.862	38.83
0.879	42.793
0.878	42.766
0.89	43.353
0.855	37.555
0.854	37.534
