P=? [ F (x=9&y=9&crashed=0) ]	R{"cost"}=? [ C<=100 ]
0.917	49.903
0.776	27.448
0.917	49.903
0.776	27.448
0.804	32.275
0.901	48.688
0.798	30.111
0.892	43.712
0.9	44.95
0.884	40.407
0.824	32.281
0.855	37.287
0.798	30.111
0.914	49.104
0.853	35.327
0.786	28.612
0.786	28.612
0.86	37.481
0.865	38.269
0.874	38.479
0.892	43.712
0.884	40.407
0.832	33.442
0.881	39.692
0.838	33.559
0.896	43.847
0.849	34.786
0.782	28.065
0.875	38.723
0.864	37.947
0.851	34.963
0.779	27.553
0.826	32.529
0.781	27.769
0.863	37.817
0.831	33.245
0.88	39.252
0.853	35.327
0.914	49.104
0.901	48.688
0.845	34.396
0.825	32.285
0.883	40.354
0.882	39.975
0.78	27.74
0.915	49.47
0.855	37.287
0.9	44.95
0.899	44.597
0.916	49.557
0.841	33.817
0.863	37.817
0.784	28.474
0.83	33.159
0.829	32.861
0.877	38.829
0.882	39.975
0.843	34.021
0.852	35.057
0.783	28.332
0.897	44.104
0.844	34.141
0.899	44.597
0.898	44.346
0.898	44.346
0.897	44.104
0.848	34.554
0.88	39.252
0.879	39.023
0.874	38.479
0.865	38.269
0.843	34.021
0.841	33.817
0.847	34.516
0.84	33.637
0.783	28.332
0.784	28.474
0.878	38.965
0.896	43.847
0.828	32.75
0.827	32.62
0.844	34.141
0.847	34.516
0.845	34.396
0.838	33.559
0.832	33.442
0.829	32.861
0.828	32.75
0.877	38.829
0.779	27.553
0.852	35.057
0.827	32.62
0.916	49.557
0.915	49.47
0.83	33.159
0.879	39.023
0.878	38.965
0.84	33.637
0.839	33.581
0.883	40.354
