P=? [ F (x=9&y=9&crashed=0) ]	R{"cost"}=? [ C<=100 ]
0.742	27.944
0.915	49.986
0.915	49.986
0.742	27.944
0.906	47.895
0.899	44.894
0.859	37.356
0.804	32.254
0.885	42.784
0.884	40.509
0.79	30.042
0.853	35.355
0.75	28.2
0.764	28.339
0.79	30.042
0.804	32.254
0.78	29.387
0.867	38.88
0.824	32.752
0.914	49.668
0.908	48.505
0.772	28.539
0.875	38.886
0.899	44.894
0.775	28.807
0.906	47.895
0.764	28.339
0.914	49.668
0.908	48.505
0.853	35.355
0.787	29.777
0.829	33.32
0.811	32.442
0.817	32.745
0.749	28.192
0.866	38.354
0.835	33.511
0.891	43.796
0.843	34.269
0.895	44.152
0.776	29.233
0.806	32.329
0.826	32.923
0.842	33.977
0.777	29.265
0.879	39.186
0.789	29.9
0.787	29.777
0.864	38.16
0.876	39.002
0.898	44.565
0.772	28.539
0.835	33.511
0.878	39.097
0.886	43.083
0.848	34.54
0.845	34.356
0.888	43.263
0.849	34.799
0.828	33.128
0.812	32.49
0.861	37.814
0.86	37.449
0.895	44.152
0.891	43.796
0.838	33.569
0.896	44.359
0.827	33.07
0.884	40.509
0.883	40.178
0.813	32.682
0.88	39.5
0.907	48.204
0.907	48.204
0.885	42.784
0.846	34.424
0.851	34.957
0.889	43.524
0.852	35.097
0.89	43.539
0.749	28.192
0.847	34.508
0.806	32.329
0.839	33.654
0.883	40.178
0.882	39.944
0.881	39.732
0.88	39.5
0.863	37.928
0.882	39.944
0.881	39.732
0.898	44.565
0.896	44.359
0.829	33.32
0.888	43.263
0.886	43.083
0.841	33.845
0.84	33.677
0.815	32.715
0.851	34.957
