P=? [ F (x=9&y=9&crashed=0) ]	R{"cost"}=? [ C<=100 ]
0.78	55.827
0.64	27.051
0.64	27.051
0.78	55.827
0.765	50.97
0.772	51.598
0.758	47.074
0.704	35.893
0.678	31.531
0.672	28.77
0.699	33.16
0.746	45.494
0.743	43.15
0.722	40.852
0.721	38.661
0.74	42.454
0.772	51.598
0.724	40.957
0.771	51.168
0.758	47.074
0.765	50.97
0.651	27.564
0.672	28.77
0.704	35.893
0.731	41.022
0.664	28.29
0.75	46.221
0.756	46.689
0.657	27.701
0.669	28.3
0.721	38.661
0.72	37.555
0.678	31.531
0.735	41.564
0.699	33.16
0.651	27.564
0.688	31.873
0.709	36.386
0.684	31.785
0.735	41.564
0.646	27.241
0.645	27.223
0.659	28.009
0.682	31.608
0.712	36.822
0.743	43.15
0.716	37.046
0.662	28.061
0.742	42.832
0.694	32.339
0.69	32.216
0.741	42.709
0.719	37.475
0.689	32.212
0.71	36.497
0.709	36.386
0.756	46.689
0.75	46.221
0.746	45.494
0.663	28.082
0.683	31.781
0.749	46.027
0.748	45.652
0.695	32.348
0.67	28.412
0.717	37.12
0.646	27.241
0.671	28.449
0.723	40.929
0.718	37.187
0.734	41.292
0.697	32.751
0.696	32.497
0.698	32.991
0.697	32.751
0.716	37.046
0.712	36.822
0.757	46.858
0.771	51.168
0.749	46.027
0.711	36.679
0.645	27.223
0.757	46.858
0.698	32.991
0.658	27.842
0.734	41.292
0.733	41.136
0.696	32.497
0.711	36.679
0.658	27.842
0.657	27.701
0.748	45.652
0.747	45.519
0.694	32.339
0.69	32.216
0.688	31.873
0.72	37.555
0.722	40.852
0.682	31.608
0.718	37.187
