P=? [ F (x=9&y=9&crashed=0) ]	R{"cost"}=? [ C<=100 ]
0.789	56.647
0.674	32.225
0.674	32.225
0.789	56.647
0.7	36.143
0.759	50.442
0.758	46.667
0.779	55.523
0.774	51.943
0.722	40.664
0.721	37.725
0.693	33.245
0.743	45.409
0.742	42.546
0.787	56.267
0.771	50.825
0.686	32.966
0.764	50.578
0.75	46.161
0.774	51.943
0.693	33.245
0.78	55.609
0.728	41.305
0.723	40.998
0.756	46.243
0.749	45.845
0.692	33.154
0.68	32.481
0.734	41.427
0.744	45.659
0.686	32.966
0.739	42.146
0.702	36.632
0.779	55.523
0.727	41.01
0.773	51.421
0.708	36.918
0.681	32.528
0.712	37.031
0.763	50.455
0.736	41.802
0.714	37.278
0.701	36.288
0.718	37.326
0.78	55.609
0.706	36.646
0.741	42.296
0.707	36.648
0.681	32.528
0.772	51.224
0.736	41.802
0.735	41.468
0.722	40.664
0.788	56.323
0.758	46.667
0.757	46.37
0.68	32.481
0.72	37.64
0.719	37.387
0.742	42.546
0.743	45.409
0.771	50.825
0.764	50.578
0.772	51.224
0.692	33.154
0.749	45.845
0.744	45.659
0.713	37.213
0.757	46.37
0.734	41.427
0.728	41.305
0.712	37.031
0.708	36.918
0.74	42.193
0.721	37.725
0.72	37.64
0.756	46.243
0.75	46.161
0.713	37.213
0.719	37.387
0.788	56.323
0.718	37.326
0.714	37.278
0.74	42.193
0.735	41.468
0.706	36.646
0.702	36.632
0.763	50.455
0.759	50.442
0.727	41.01
0.789	56.647
0.674	32.225
0.693	33.245
0.774	51.943
0.686	32.966
0.779	55.523
0.78	55.609
0.681	32.528
0.722	40.664
0.736	41.802
