P=? [ F (x=9&y=9&crashed=0) ]	R{"cost"}=? [ C<=100 ]
0.774	51.934
0.639	27.328
0.774	51.934
0.759	50.923
0.758	46.746
0.748	45.626
0.726	40.475
0.676	31.66
0.7	35.98
0.671	28.735
0.67	28.509
0.743	42.745
0.651	27.437
0.699	33.286
0.721	37.797
0.771	51.302
0.659	27.852
0.69	32.408
0.686	32.198
0.735	41.684
0.749	45.951
0.697	32.932
0.712	36.755
0.671	28.735
0.721	37.797
0.677	31.664
0.743	42.745
0.717	36.869
0.682	31.691
0.659	27.852
0.728	41.012
0.692	32.781
0.705	36.369
0.734	41.321
0.71	36.49
0.754	46.005
0.655	27.455
0.757	46.518
0.741	42.295
0.732	41.045
0.771	51.302
0.691	32.685
0.755	46.016
0.773	51.748
0.759	50.923
0.738	41.833
0.703	36.288
0.773	51.748
0.72	37.58
0.719	37.257
0.703	36.288
0.7	35.98
0.727	40.729
0.756	46.284
0.74	42.096
0.739	41.841
0.727	40.729
0.698	33.184
0.742	42.545
0.711	36.505
0.756	46.284
0.657	27.62
0.719	37.257
0.718	37.027
0.758	46.746
0.733	41.098
0.657	27.62
0.72	37.58
0.742	42.545
0.74	42.096
0.684	31.991
0.683	31.826
0.718	37.027
0.685	32.045
0.697	32.932
0.692	32.781
0.738	41.833
0.683	31.826
0.656	27.581
0.71	36.49
0.705	36.369
0.717	36.869
0.712	36.755
0.699	33.286
0.698	33.184
0.704	36.292
0.754	46.005
0.685	32.045
0.684	31.991
0.749	45.951
0.733	41.098
0.656	27.581
0.732	41.045
0.728	41.012
0.682	31.691
0.655	27.455
0.711	36.505
0.739	41.841
0.704	36.292
0.774	51.934
