P=? [ F (x=9&y=9&crashed=0) ]	R{"cost"}=? [ C<=100 ]
0.646	30.3
0.87	54.569
0.87	54.569
0.646	30.3
0.663	30.352
0.708	31.095
0.867	53.508
0.861	49.174
0.761	35.43
0.748	32.807
0.849	48.031
0.822	41.912
0.814	38.625
0.844	44.838
0.725	32.021
0.743	32.029
0.777	35.626
0.761	35.43
0.838	43.427
0.844	44.838
0.867	53.508
0.778	35.817
0.857	48.321
0.822	41.912
0.831	43.358
0.814	38.625
0.721	31.586
0.797	36.938
0.747	32.595
0.843	44.23
0.849	48.031
0.785	35.848
0.714	31.533
0.859	48.69
0.869	54.004
0.807	37.597
0.861	49.174
0.801	37.521
0.842	44.194
0.86	49.073
0.81	38.118
0.746	32.162
0.829	42.89
0.79	36.639
0.809	37.71
0.723	31.877
0.84	43.815
0.869	54.004
0.84	43.815
0.791	36.842
0.787	36.079
0.798	37.254
0.793	36.907
0.827	42.534
0.745	32.14
0.786	35.908
0.824	42.2
0.827	42.534
0.824	42.2
0.857	48.321
0.813	38.541
0.812	38.258
0.722	31.6
0.712	31.49
0.709	31.358
0.724	31.99
0.83	43.134
0.83	43.134
0.789	36.421
0.8	37.431
0.777	35.626
0.858	48.498
0.807	37.597
0.828	42.706
0.8	37.431
0.858	48.498
0.798	37.254
0.788	36.254
0.828	42.706
0.823	42.08
0.789	36.421
0.788	36.254
0.714	31.533
0.793	36.907
0.823	42.08
0.743	32.029
0.809	37.71
0.813	38.541
0.811	38.178
0.812	38.258
0.801	37.521
0.71	31.43
0.709	31.358
0.831	43.358
0.811	38.178
0.711	31.486
0.71	31.43
0.785	35.848
0.722	31.6
0.711	31.486
