P=? [ F (x=9&y=9&crashed=0) ]	R{"cost"}=? [ C<=100 ]
0.621	26.231
0.821	42.434
0.621	26.231
0.821	42.434
0.638	26.468
0.682	26.999
0.697	28.145
0.708	31.054
0.813	38.529
0.814	41.131
0.781	33.889
0.76	33.011
0.755	31.455
0.785	35.771
0.78	33.654
0.697	28.145
0.738	31.416
0.722	31.177
0.709	31.101
0.735	31.198
0.722	31.177
0.759	32.275
0.82	42.042
0.708	31.054
0.759	32.275
0.694	27.536
0.685	27.239
0.78	33.654
0.76	33.011
0.682	26.999
0.695	27.573
0.809	37.569
0.793	36.927
0.81	37.994
0.787	35.855
0.809	37.569
0.807	37.159
0.811	38.286
0.789	36.476
0.788	36.13
0.818	41.705
0.8	36.983
0.805	37.129
0.798	36.967
0.694	27.536
0.685	27.239
0.81	37.994
0.755	31.455
0.788	36.13
0.818	41.705
0.785	35.771
0.815	41.173
0.813	38.529
0.811	38.286
0.684	27.231
0.817	41.516
0.816	41.309
0.817	41.516
0.791	36.762
0.79	36.586
0.805	37.129
0.8	36.983
0.816	41.309
0.737	31.368
0.736	31.235
0.792	36.801
0.695	27.573
0.79	36.586
0.789	36.476
0.807	37.159
0.684	27.231
0.709	31.101
0.786	35.789
0.737	31.368
0.814	41.131
0.798	36.967
0.793	36.927
0.792	36.801
0.791	36.762
0.738	31.416
0.736	31.235
0.806	37.136
0.735	31.198
0.786	35.789
0.799	36.973
0.806	37.136
0.799	36.973
0.821	42.434
0.621	26.231
0.697	28.145
0.708	31.054
0.759	32.275
0.76	33.011
0.682	26.999
0.809	37.569
0.694	27.536
0.685	27.239
0.755	31.455
0.788	36.13
0.818	41.705
