P=? [ F (x=9&y=9&crashed=0) ]	R{"cost"}=? [ C<=100 ]
0.861	49.291
0.709	31.409
0.861	49.291
0.709	31.409
0.749	32.953
0.738	31.662
0.783	35.82
0.817	41.441
0.71	31.602
0.844	44.545
0.846	47.603
0.783	35.82
0.815	38.992
0.738	31.662
0.84	43.683
0.858	48.468
0.859	48.633
0.842	44.435
0.836	43.33
0.856	48.108
0.81	37.844
0.822	41.68
0.805	37.154
0.854	47.903
0.849	47.782
0.838	43.543
0.83	43.149
0.814	38.673
0.812	38.169
0.802	37.143
0.829	42.952
0.828	42.472
0.834	43.205
0.797	36.936
0.86	49.108
0.825	42.117
0.786	35.939
0.811	38.159
0.802	37.143
0.815	38.992
0.814	38.673
0.848	47.666
0.791	36.681
0.795	36.93
0.824	41.874
0.795	36.93
0.822	41.68
0.807	37.465
0.797	36.936
0.855	48.02
0.839	43.652
0.808	37.602
0.791	36.681
0.806	37.394
0.809	37.605
0.785	35.823
0.788	36.379
0.787	36.158
0.787	36.158
0.79	36.662
0.789	36.459
0.829	42.952
0.842	44.435
0.824	41.874
0.86	49.108
0.827	42.41
0.826	42.228
0.846	47.603
0.834	43.205
0.812	38.169
0.854	47.903
0.849	47.782
0.826	42.228
0.789	36.459
0.788	36.379
0.843	44.513
0.806	37.394
0.828	42.472
0.827	42.41
0.71	31.602
0.83	43.149
0.843	44.513
0.79	36.662
0.809	37.605
0.785	35.823
0.861	49.291
0.709	31.409
0.783	35.82
0.738	31.662
0.802	37.143
0.815	38.992
0.814	38.673
0.795	36.93
0.797	36.936
0.791	36.681
0.787	36.158
0.829	42.952
0.842	44.435
0.824	41.874
0.86	49.108
