P=? [ F (x=9&y=9&crashed=0) ]	R{"cost"}=? [ C<=100 ]
0.667	27.063
0.667	27.063
0.854	49.051
0.846	48.834
0.721	31.156
0.845	44.783
0.82	42.477
0.815	39.067
0.71	28.22
0.776	35.696
0.762	33.413
0.706	27.679
0.735	31.219
0.762	33.413
0.776	35.696
0.789	36.677
0.823	43.072
0.843	44.219
0.777	35.7
0.721	31.156
0.71	28.22
0.695	27.654
0.832	43.449
0.677	27.122
0.793	37.193
0.68	27.358
0.84	43.635
0.789	36.677
0.777	35.7
0.815	39.067
0.853	48.878
0.79	36.818
0.833	43.602
0.688	27.613
0.746	32.187
0.808	37.418
0.802	37.4
0.8	37.242
0.752	32.207
0.812	38.127
0.82	42.477
0.695	27.654
0.689	27.631
0.845	44.783
0.744	32.009
0.814	38.57
0.823	43.072
0.709	28.168
0.76	33.273
0.759	32.839
0.821	42.642
0.841	43.79
0.81	37.987
0.809	37.565
0.813	38.522
0.743	31.902
0.742	31.517
0.832	43.449
0.68	27.358
0.709	28.168
0.793	37.193
0.821	42.642
0.741	31.48
0.801	37.257
0.841	43.79
0.706	27.679
0.688	27.613
0.756	32.477
0.737	31.392
0.678	27.152
0.678	27.152
0.809	37.565
0.759	32.839
0.758	32.694
0.746	32.187
0.739	31.47
0.736	31.345
0.811	38.004
0.757	32.597
0.761	33.387
0.76	33.273
0.753	32.316
0.743	31.902
0.758	32.694
0.757	32.597
0.755	32.46
0.754	32.381
0.754	32.381
0.753	32.316
0.735	31.219
0.677	27.122
0.738	31.451
0.8	37.242
0.814	38.57
0.813	38.522
0.736	31.345
0.853	48.878
0.846	48.834
0.742	31.517
0.833	43.602
