P=? [ F (x=9&y=9&crashed=0) ]	R{"cost"}=? [ C<=100 ]
0.88	54.552
0.736	27.709
0.88	54.552
0.736	27.709
0.775	32.501
0.752	29.45
0.879	54.387
0.864	50.304
0.864	50.304
0.775	32.501
0.752	29.45
0.792	34.935
0.879	54.387
0.835	42.811
0.831	40.246
0.794	37.233
0.852	47.541
0.848	45.136
0.822	38.59
0.811	38.582
0.856	48.493
0.748	28.794
0.86	48.641
0.863	49.255
0.744	28.552
0.796	37.508
0.74	27.992
0.843	43.774
0.801	37.763
0.83	40.089
0.848	45.136
0.852	47.541
0.831	40.246
0.78	33.367
0.829	39.644
0.786	33.771
0.823	38.745
0.835	42.811
0.748	28.794
0.751	29.399
0.826	39.494
0.783	33.566
0.783	33.566
0.824	39.078
0.84	43.619
0.847	44.938
0.846	44.398
0.779	33.045
0.803	37.81
0.807	38.163
0.777	32.74
0.741	28.287
0.794	37.233
0.804	37.89
0.801	37.763
0.796	37.508
0.845	44.202
0.777	32.74
0.751	29.399
0.79	34.769
0.838	43.426
0.845	44.202
0.825	39.127
0.837	43.229
0.836	42.878
0.855	48.151
0.843	43.774
0.84	43.619
0.81	38.442
0.808	38.283
0.779	33.045
0.787	34.075
0.828	39.589
0.74	27.992
0.807	38.163
0.788	34.348
0.787	34.075
0.804	37.89
0.862	49.066
0.861	48.802
0.854	47.967
0.853	47.712
0.743	28.504
0.743	28.504
0.741	28.287
0.789	34.557
0.789	34.557
0.788	34.348
0.786	33.771
0.78	33.367
0.847	44.938
0.837	43.229
0.846	44.398
0.838	43.426
0.863	49.255
0.862	49.066
0.855	48.151
0.854	47.967
0.853	47.712
0.79	34.769
