P=? [ F (x=9&y=9&crashed=0) ]	R{"cost"}=? [ C<=100 ]
0.847	49.338
0.738	28.069
0.847	49.338
0.738	28.069
0.843	48.494
0.761	32.689
0.838	44.866
0.75	29.365
0.831	43.216
0.829	39.993
0.796	37.503
0.791	34.762
0.822	38.556
0.809	38.475
0.75	29.365
0.766	32.774
0.798	38.118
0.761	32.689
0.776	32.843
0.843	48.494
0.807	38.417
0.744	28.391
0.838	44.866
0.748	29.051
0.791	34.762
0.796	37.503
0.747	28.702
0.779	32.911
0.765	32.734
0.741	28.233
0.741	28.233
0.782	33.412
0.782	33.412
0.797	37.652
0.837	44.406
0.779	32.911
0.837	44.406
0.836	43.991
0.835	43.833
0.833	43.442
0.829	39.993
0.833	43.442
0.835	43.833
0.828	39.803
0.827	39.46
0.747	28.702
0.807	38.417
0.798	38.118
0.831	43.216
0.825	39.15
0.824	38.917
0.789	34.466
0.788	34.24
0.824	38.917
0.823	38.717
0.777	32.844
0.828	39.803
0.784	33.737
0.783	33.568
0.823	38.717
0.832	43.283
0.836	43.991
0.783	33.568
0.827	39.46
0.826	39.305
0.826	39.305
0.825	39.15
0.787	34.088
0.79	34.609
0.786	33.935
0.788	34.24
0.786	33.935
0.787	34.088
0.785	33.783
0.797	37.652
0.79	34.609
0.789	34.466
0.822	38.556
0.809	38.475
0.776	32.843
0.832	43.283
0.777	32.844
0.808	38.427
0.785	33.783
0.784	33.737
0.765	32.734
0.808	38.427
0.738	28.069
0.847	49.338
0.75	29.365
0.761	32.689
0.843	48.494
0.838	44.866
0.791	34.762
0.796	37.503
0.741	28.233
0.782	33.412
0.779	32.911
0.837	44.406
0.829	39.993
