P=? [ F (x=9&y=9&crashed=0) ]	R{"cost"}=? [ C<=100 ]
0.88	54.922
0.613	22.68
0.88	54.922
0.613	22.68
0.685	28.006
0.742	28.277
0.879	54.473
0.864	49.878
0.66	26.707
0.642	23.151
0.753	29.714
0.836	43.241
0.777	32.69
0.83	40.283
0.853	47.995
0.847	45.063
0.777	32.69
0.663	26.994
0.685	28.006
0.753	29.714
0.656	24.142
0.792	34.954
0.794	37.176
0.879	54.473
0.864	49.878
0.822	38.576
0.811	38.429
0.642	23.151
0.663	26.994
0.651	23.231
0.803	37.896
0.744	28.813
0.847	45.063
0.808	38.078
0.853	47.995
0.83	40.283
0.857	48.976
0.836	43.241
0.751	29.699
0.749	29.06
0.861	49.002
0.654	24.133
0.747	28.827
0.797	37.514
0.652	23.517
0.809	38.174
0.827	39.436
0.801	37.682
0.789	34.459
0.787	34.019
0.783	33.431
0.844	44.115
0.794	37.176
0.783	33.431
0.786	33.815
0.824	38.978
0.797	37.514
0.839	43.426
0.652	23.517
0.829	40.087
0.828	39.689
0.742	28.277
0.791	34.941
0.786	33.815
0.846	44.679
0.863	49.496
0.656	24.142
0.841	43.941
0.846	44.679
0.845	44.322
0.749	29.06
0.826	39.23
0.823	38.661
0.781	33.218
0.78	33.022
0.801	37.682
0.856	48.705
0.84	43.696
0.811	38.429
0.78	33.022
0.778	32.76
0.843	43.977
0.828	39.689
0.79	34.689
0.826	39.23
0.824	38.978
0.863	49.496
0.862	49.245
0.84	43.696
0.855	48.476
0.854	48.232
0.862	49.245
0.854	48.232
0.79	34.689
0.856	48.705
0.855	48.476
0.788	34.237
0.788	34.237
0.781	33.218
0.845	44.322
