P=? [ F (x=9&y=9&crashed=0) ]	R{"cost"}=? [ C<=100 ]
0.85	48.76
0.673	23.632
0.85	48.76
0.673	23.632
0.732	27.657
0.678	23.785
0.843	44.423
0.678	23.785
0.829	39.816
0.838	43.364
0.753	29.688
0.791	35.118
0.769	32.444
0.753	29.688
0.792	37.187
0.769	32.444
0.81	38.495
0.82	38.535
0.838	43.364
0.829	39.816
0.801	37.576
0.843	44.423
0.75	29.104
0.795	37.337
0.785	33.666
0.802	37.742
0.805	37.926
0.84	43.669
0.79	34.499
0.737	27.777
0.742	28.301
0.809	38.238
0.787	34.052
0.795	37.337
0.842	44.058
0.742	28.301
0.738	27.801
0.746	28.89
0.674	23.665
0.806	38.092
0.738	27.801
0.779	33.06
0.789	34.201
0.751	29.382
0.826	39.446
0.782	33.456
0.781	33.2
0.842	44.058
0.77	32.548
0.745	28.832
0.744	28.454
0.825	39.359
0.824	38.986
0.827	39.618
0.751	29.382
0.784	33.503
0.778	32.756
0.79	34.499
0.773	32.595
0.787	34.052
0.775	32.607
0.746	28.89
0.839	43.568
0.824	38.986
0.823	38.787
0.827	39.618
0.773	32.595
0.821	38.705
0.792	37.187
0.789	34.201
0.809	38.238
0.806	38.092
0.781	33.2
0.779	33.06
0.743	28.436
0.737	27.777
0.674	23.665
0.776	32.716
0.839	43.568
0.825	39.359
0.823	38.787
0.822	38.726
0.745	28.832
0.784	33.503
0.77	32.548
0.782	33.456
0.82	38.535
0.778	32.756
0.822	38.726
0.821	38.705
0.777	32.735
0.777	32.735
0.776	32.716
0.744	28.454
0.743	28.436
0.775	32.607
0.673	23.632
0.85	48.76
0.678	23.785
0.753	29.688
