P=? [ F (x=9&y=9&crashed=0) ]	R{"cost"}=? [ C<=100 ]
0.729	22.862
0.975	40.797
0.729	22.862
0.806	27.673
0.866	27.757
0.762	23.92
0.958	39.023
0.801	27.625
0.92	30.725
0.955	35.502
0.922	33.774
0.801	27.625
0.762	23.92
0.882	28.471
0.744	23.864
0.973	40.153
0.923	33.821
0.743	23.365
0.932	33.822
0.88	27.879
0.736	23.355
0.878	27.777
0.912	29.955
0.918	30.368
0.899	28.901
0.916	30.014
0.974	40.62
0.97	39.629
0.751	23.889
0.747	23.865
0.886	28.585
0.947	34.754
0.871	27.771
0.954	35.296
0.911	29.616
0.732	23.214
0.963	39.024
0.905	29.146
0.946	34.381
0.892	28.746
0.911	29.616
0.909	29.25
0.937	33.856
0.955	35.502
0.917	30.363
0.802	27.643
0.965	39.273
0.952	34.942
0.97	39.629
0.966	39.302
0.964	39.04
0.905	29.146
0.87	27.769
0.866	27.757
0.806	27.673
0.759	23.91
0.932	33.822
0.754	23.89
0.915	29.965
0.898	28.788
0.73	22.957
0.896	28.774
0.966	39.302
0.894	28.752
0.899	28.901
0.971	39.873
0.885	28.495
0.892	28.746
0.907	29.158
0.941	34.082
0.74	23.362
0.943	34.09
0.938	33.927
0.951	34.894
0.953	35.153
0.946	34.381
0.945	34.183
0.949	34.876
0.974	40.62
0.972	39.978
0.879	27.83
0.73	22.957
0.944	34.157
0.759	23.91
0.754	23.89
0.908	29.23
0.886	28.585
0.938	33.927
0.941	34.082
0.74	23.362
0.733	23.216
0.958	39.023
0.953	35.153
0.733	23.216
0.947	34.754
0.88	27.879
0.922	33.774
0.972	39.978
0.971	39.873
0.909	29.25
