P=? [ F (x=9&y=9&crashed=0) ]	R{"cost"}=? [ C<=100 ]
0.86	50.358
0.593	21.876
0.593	21.876
0.86	50.358
0.64	25.814
0.594	21.896
0.64	25.814
0.83	43.546
0.853	45.676
0.594	21.896
0.854	49.351
0.829	39.941
0.75	32.176
0.821	38.399
0.734	28.664
0.796	37.425
0.803	38.218
0.667	26.026
0.646	25.837
0.788	35.32
0.715	28.612
0.667	26.026
0.683	26.096
0.832	43.977
0.689	27.167
0.845	44.111
0.704	27.796
0.764	32.339
0.749	30.87
0.742	29.559
0.771	33.219
0.788	35.32
0.777	33.387
0.785	34.658
0.796	37.425
0.784	34.268
0.646	25.837
0.78	33.56
0.822	38.817
0.781	33.968
0.708	28.1
0.745	30.307
0.744	29.739
0.856	49.795
0.686	26.407
0.704	27.796
0.689	27.167
0.767	32.518
0.857	49.804
0.846	44.477
0.71	28.202
0.852	45.296
0.828	39.723
0.688	26.959
0.799	37.458
0.8	37.869
0.738	29.028
0.768	32.878
0.783	34.042
0.824	38.881
0.738	29.028
0.85	45.066
0.826	39.341
0.787	35.118
0.713	28.576
0.854	49.351
0.802	38.113
0.77	33.003
0.765	32.473
0.778	33.486
0.859	50.171
0.848	44.591
0.705	27.94
0.801	37.898
0.851	45.219
0.712	28.352
0.688	26.959
0.859	50.171
0.786	34.942
0.737	28.852
0.684	26.268
0.735	28.815
0.747	30.485
0.686	26.407
0.749	30.87
0.748	30.627
0.849	44.832
0.832	43.977
0.827	39.486
0.849	44.832
0.825	39.107
0.769	32.926
0.825	39.107
0.847	44.579
0.829	39.941
0.821	38.399
0.744	29.739
0.747	30.485
0.745	30.307
0.786	34.942
