P=? [ F (x=9&y=9&crashed=0) ]	R{"cost"}=? [ C<=100 ]
0.863	53.819
0.653	27.192
0.863	53.819
0.739	32.218
0.689	27.699
0.656	27.691
0.83	43.186
0.858	52.78
0.855	49.359
0.849	47.961
0.847	44.601
0.829	39.906
0.764	32.279
0.721	28.797
0.703	28.591
0.73	30.126
0.802	37.863
0.815	37.998
0.789	36.941
0.73	30.126
0.788	35.342
0.702	28.302
0.727	29.427
0.78	33.567
0.771	33.135
0.692	27.908
0.739	32.218
0.854	48.727
0.855	49.359
0.727	29.427
0.721	28.797
0.768	32.501
0.842	43.749
0.845	44.098
0.851	48.351
0.836	43.187
0.846	44.494
0.858	52.78
0.765	32.307
0.654	27.653
0.822	38.708
0.787	35.208
0.85	48.15
0.859	53.136
0.821	38.365
0.852	48.703
0.796	37.147
0.691	27.882
0.819	38.256
0.78	33.567
0.771	33.135
0.826	39.453
0.785	34.675
0.784	34.258
0.792	37.136
0.702	28.302
0.692	27.908
0.839	43.194
0.801	37.634
0.795	37.143
0.8	37.598
0.783	34.255
0.841	43.385
0.818	38.02
0.828	39.865
0.827	39.513
0.844	43.904
0.849	47.961
0.862	53.511
0.861	53.344
0.791	36.979
0.786	34.948
0.785	34.675
0.782	33.994
0.786	34.948
0.836	43.187
0.781	33.803
0.77	32.966
0.769	32.731
0.847	44.601
0.825	39.222
0.769	32.731
0.799	37.37
0.798	37.365
0.861	53.344
0.859	53.136
0.703	28.591
0.824	39.023
0.823	38.822
0.825	39.222
0.824	39.023
0.782	33.994
0.781	33.803
0.841	43.385
0.84	43.199
0.77	32.966
0.862	53.511
0.844	43.904
0.788	35.342
0.798	37.365
