P=? [ F (x=9&y=9&crashed=0) ]	R{"cost"}=? [ C<=100 ]
0.86	49.594
0.634	23.744
0.634	23.744
0.86	49.594
0.651	27.668
0.787	37.608
0.696	28.49
0.727	28.64
0.739	30.758
0.682	27.706
0.639	24.199
0.839	43.417
0.828	40.049
0.845	48.084
0.844	45.013
0.786	34.977
0.753	32.536
0.801	37.712
0.753	32.536
0.773	33.53
0.828	40.049
0.755	32.693
0.808	38.517
0.768	32.769
0.821	38.535
0.846	48.289
0.735	30.152
0.73	28.922
0.651	27.668
0.639	24.199
0.783	33.821
0.857	49.044
0.839	43.417
0.844	45.013
0.843	43.975
0.857	49.044
0.846	48.289
0.682	27.706
0.689	27.943
0.824	38.915
0.77	32.914
0.859	49.177
0.785	34.625
0.784	34.05
0.694	28.16
0.771	33.138
0.735	30.152
0.73	28.922
0.637	23.967
0.823	38.589
0.827	39.662
0.737	30.201
0.728	28.905
0.786	34.977
0.785	34.625
0.638	24.182
0.827	39.662
0.826	39.32
0.84	43.479
0.738	30.467
0.783	33.821
0.738	30.467
0.694	28.16
0.696	28.49
0.691	28.009
0.825	39.163
0.858	49.113
0.689	27.943
0.784	34.05
0.637	23.967
0.802	37.919
0.842	43.832
0.845	48.084
0.841	43.627
0.772	33.333
0.772	33.333
0.807	38.365
0.806	38.172
0.768	32.769
0.755	32.693
0.805	38.158
0.803	37.975
0.803	37.975
0.826	39.32
0.825	39.163
0.807	38.365
0.691	28.009
0.727	28.64
0.841	43.627
0.843	43.975
0.842	43.832
0.821	38.535
0.805	38.158
0.801	37.712
0.787	37.608
0.802	37.919
0.823	38.589
0.737	30.201
0.69	27.975
0.69	27.975
