P=? [ F (x=9&y=9&crashed=0) ]	R{"cost"}=? [ C<=100 ]
0.764	27.432
0.764	27.432
0.862	47.755
0.862	47.755
0.845	42.728
0.844	39.124
0.859	43.896
0.861	47.675
0.86	44.447
0.835	37.124
0.798	32.237
0.77	28.266
0.783	28.302
0.828	34.554
0.826	33.883
0.796	29.987
0.835	37.124
0.799	32.313
0.809	32.394
0.828	34.554
0.82	33.235
0.818	32.676
0.812	32.617
0.859	43.896
0.845	42.728
0.84	38.483
0.838	37.851
0.838	37.851
0.843	38.734
0.766	27.908
0.789	29.407
0.787	28.942
0.793	29.897
0.791	29.436
0.82	33.235
0.769	28.041
0.86	44.447
0.785	28.748
0.84	38.483
0.787	28.942
0.811	32.429
0.827	34.276
0.844	39.124
0.819	32.893
0.765	27.57
0.809	32.394
0.784	28.47
0.827	34.276
0.796	29.987
0.795	29.927
0.843	38.734
0.793	29.897
0.791	29.436
0.789	29.407
0.819	32.893
0.785	28.748
0.784	28.47
0.765	27.57
0.769	28.041
0.766	27.908
0.799	32.313
0.861	47.675
0.818	32.676
0.812	32.617
0.783	28.302
0.77	28.266
0.811	32.429
0.795	29.927
0.835	37.124
0.828	34.554
0.859	43.896
0.838	37.851
0.86	44.447
0.84	38.483
0.844	39.124
0.809	32.394
0.827	34.276
0.796	29.987
0.843	38.734
0.793	29.897
0.791	29.436
0.819	32.893
0.785	28.748
0.784	28.47
0.765	27.57
0.766	27.908
0.799	32.313
0.861	47.675
0.818	32.676
0.812	32.617
0.783	28.302
0.77	28.266
0.811	32.429
0.795	29.927
0.861	47.675
0.835	37.124
0.828	34.554
0.859	43.896
0.838	37.851
0.86	44.447
