P=? [ F (x=9&y=9&crashed=0) ]	R{"cost"}=? [ C<=100 ]
0.764	27.438
0.887	55.084
0.764	27.438
0.855	39.994
0.834	36.874
0.797	32.22
0.879	52.986
0.871	48.252
0.867	43.857
0.87	45.043
0.878	49.95
0.791	29.436
0.867	43.857
0.809	32.361
0.775	28.649
0.842	37.102
0.828	34.609
0.879	52.986
0.784	28.705
0.877	49.432
0.851	38.918
0.821	33.733
0.828	34.609
0.826	34.045
0.797	32.22
0.814	32.532
0.877	49.432
0.871	48.252
0.847	38.579
0.791	29.436
0.811	32.479
0.869	44.93
0.868	44.146
0.773	28.571
0.817	32.548
0.843	37.378
0.789	29.417
0.787	29.061
0.766	27.742
0.878	49.95
0.82	33.231
0.771	28.077
0.787	29.061
0.846	38.089
0.854	39.618
0.853	39.574
0.827	34.412
0.852	39.207
0.809	32.361
0.846	38.089
0.845	37.73
0.847	38.579
0.826	34.045
0.821	33.733
0.785	28.792
0.819	33.059
0.818	32.749
0.773	28.571
0.765	27.442
0.771	28.077
0.868	44.146
0.852	39.207
0.785	28.792
0.767	27.767
0.789	29.417
0.845	37.73
0.844	37.492
0.769	27.994
0.769	27.994
0.767	27.767
0.818	32.749
0.827	34.412
0.82	33.231
0.819	33.059
0.844	37.492
0.87	45.043
0.869	44.93
0.77	28.005
0.784	28.705
0.854	39.618
0.853	39.574
0.817	32.548
0.77	28.005
0.765	27.442
0.764	27.438
0.828	34.609
0.879	52.986
0.867	43.857
0.797	32.22
0.877	49.432
0.791	29.436
0.878	49.95
0.787	29.061
0.846	38.089
0.847	38.579
0.826	34.045
0.821	33.733
0.773	28.571
0.771	28.077
0.868	44.146
