P=? [ F (x=9&y=9&crashed=0) ]	R{"cost"}=? [ C<=100 ]
0.88	50.808
0.752	27.401
0.88	50.808
0.871	45.692
0.835	37.253
0.877	49.898
0.795	31.942
0.794	29.632
0.785	28.45
0.856	42.919
0.855	40.328
0.772	28.426
0.83	34.982
0.866	44.348
0.817	32.567
0.762	27.6
0.799	32.311
0.809	32.442
0.803	32.393
0.846	38.088
0.877	49.898
0.842	37.261
0.83	34.982
0.809	32.442
0.858	43.693
0.851	38.668
0.79	29.442
0.861	44.286
0.821	33.388
0.77	28.17
0.788	29.052
0.856	42.919
0.788	29.052
0.825	33.697
0.878	50.085
0.87	44.972
0.855	40.328
0.854	39.61
0.844	37.422
0.858	43.693
0.851	38.668
0.846	38.088
0.766	27.882
0.869	44.785
0.853	39.423
0.852	38.885
0.828	34.291
0.77	28.17
0.766	27.882
0.764	27.873
0.869	44.785
0.802	32.345
0.86	44.099
0.828	34.291
0.826	33.901
0.785	28.45
0.826	33.901
0.79	29.442
0.845	37.716
0.86	44.099
0.878	50.085
0.795	31.942
0.829	34.62
0.829	34.62
0.82	33.073
0.825	33.697
0.821	33.388
0.845	37.716
0.82	33.073
0.819	32.793
0.763	27.612
0.852	38.885
0.772	28.426
0.762	27.6
0.794	29.632
0.818	32.756
0.87	44.972
0.854	39.61
0.853	39.423
0.843	37.263
0.861	44.286
0.818	32.756
0.819	32.793
0.802	32.345
0.763	27.612
0.764	27.873
0.842	37.261
0.843	37.263
0.88	50.808
0.83	34.982
0.877	49.898
0.809	32.442
0.856	42.919
0.788	29.052
0.855	40.328
0.858	43.693
0.851	38.668
0.846	38.088
0.77	28.17
0.766	27.882
