P=? [ F (x=9&y=9&crashed=0) ]	R{"cost"}=? [ C<=100 ]
0.901	49.195
0.699	27.889
0.699	27.889
0.901	49.195
0.726	28.465
0.763	28.598
0.888	47.616
0.883	44.105
0.786	32.064
0.869	42.748
0.867	39.936
0.848	37.86
0.84	35.524
0.782	30.257
0.763	28.598
0.782	30.257
0.774	29.401
0.717	28.461
0.84	35.524
0.777	29.428
0.892	48.466
0.774	29.401
0.891	48.164
0.821	33.543
0.83	33.677
0.814	33.119
0.798	32.43
0.794	32.355
0.806	32.962
0.816	33.447
0.889	47.705
0.848	37.86
0.704	27.995
0.711	28.209
0.833	33.995
0.873	43.308
0.794	32.355
0.821	33.543
0.854	38.514
0.852	38.172
0.881	43.567
0.883	44.105
0.898	48.561
0.859	38.531
0.865	39.291
0.888	47.616
0.8	32.692
0.9	49.038
0.899	48.567
0.777	29.428
0.862	39.172
0.867	39.936
0.882	43.992
0.711	28.209
0.877	43.521
0.835	34.343
0.714	28.256
0.88	43.56
0.877	43.521
0.835	34.343
0.872	42.965
0.853	38.508
0.861	38.838
0.866	39.603
0.864	39.193
0.831	33.772
0.704	27.995
0.871	42.855
0.85	37.965
0.836	34.656
0.702	27.893
0.851	38.075
0.866	39.603
0.839	35.216
0.804	32.824
0.715	28.451
0.839	35.216
0.838	34.947
0.801	32.712
0.873	43.308
0.87	42.756
0.861	38.838
0.86	38.626
0.838	34.947
0.837	34.74
0.815	33.294
0.9	49.038
0.814	33.119
0.806	32.962
0.815	33.294
0.83	33.677
0.832	33.892
0.869	42.748
0.882	43.992
0.804	32.824
0.801	32.712
0.872	42.965
0.702	27.893
0.832	33.892
0.849	37.866
