P=? [ F (x=9&y=9&crashed=0) ]	R{"cost"}=? [ C<=100 ]
0.937	69.853
0.724	32.82
0.937	69.853
0.928	60.129
0.929	69.408
0.92	55.009
0.771	34.442
0.804	37.263
0.928	60.129
0.909	54.567
0.903	50.309
0.745	33.055
0.866	39.961
0.806	37.272
0.771	34.442
0.823	37.359
0.868	42.829
0.804	37.263
0.887	47.895
0.885	45.12
0.897	49.593
0.764	33.534
0.754	33.389
0.861	39.46
0.845	38.398
0.88	44.251
0.911	54.658
0.83	37.729
0.903	50.309
0.936	69.628
0.748	33.378
0.861	39.46
0.854	38.993
0.838	37.952
0.768	34.256
0.754	33.389
0.845	38.398
0.909	54.567
0.836	37.865
0.875	43.786
0.849	38.879
0.892	48.793
0.883	44.426
0.892	48.793
0.768	34.256
0.866	39.961
0.764	33.534
0.854	38.993
0.838	37.952
0.901	49.724
0.884	45.01
0.872	43.217
0.849	38.879
0.911	54.658
0.881	44.409
0.902	49.815
0.875	43.786
0.887	47.895
0.852	38.906
0.745	33.055
0.889	48.182
0.891	48.731
0.89	48.371
0.868	42.829
0.747	33.237
0.836	37.865
0.889	48.182
0.87	42.98
0.885	45.12
0.826	37.473
0.828	37.665
0.873	43.474
0.824	37.421
0.936	69.628
0.929	69.408
0.852	38.906
0.89	48.371
0.874	43.601
0.747	33.237
0.87	42.98
0.901	49.724
0.874	43.601
0.873	43.474
0.871	43.091
0.871	43.091
0.884	45.01
0.827	37.571
0.827	37.571
0.902	49.815
0.828	37.665
0.891	48.731
0.826	37.473
0.824	37.421
0.883	44.426
0.937	69.853
0.771	34.442
0.804	37.263
0.861	39.46
0.754	33.389
0.845	38.398
