P=? [ F (x=9&y=9&crashed=0) ]	R{"cost"}=? [ C<=100 ]
0.901	49.542
0.69	23.624
0.72	27.329
0.775	27.69
0.89	48.824
0.72	27.329
0.819	32.828
0.808	29.65
0.885	45.362
0.841	35.236
0.868	40.178
0.843	37.599
0.869	42.46
0.808	29.65
0.819	32.828
0.803	29.025
0.883	44.346
0.885	45.362
0.793	28.946
0.896	49.043
0.775	27.69
0.881	43.844
0.826	33.405
0.89	48.824
0.826	33.405
0.787	28.179
0.877	43.792
0.897	49.289
0.803	29.025
0.787	28.179
0.782	27.753
0.782	27.753
0.78	27.723
0.838	35.019
0.837	34.761
0.836	34.331
0.867	40.14
0.866	39.725
0.835	34.288
0.874	43.639
0.79	28.582
0.791	28.622
0.841	35.236
0.789	28.377
0.85	37.98
0.864	39.508
0.833	33.964
0.856	38.818
0.872	43.252
0.871	42.959
0.855	38.749
0.854	38.459
0.851	38.133
0.871	42.959
0.87	42.691
0.882	44.078
0.844	37.6
0.837	34.761
0.873	43.384
0.897	49.289
0.863	39.496
0.847	37.625
0.882	44.078
0.852	38.146
0.87	42.691
0.869	42.46
0.857	38.926
0.834	34.064
0.876	43.692
0.832	33.87
0.831	33.649
0.896	49.043
0.854	38.459
0.853	38.242
0.838	35.019
0.861	39.186
0.86	38.976
0.849	37.932
0.848	37.729
0.862	39.388
0.861	39.186
0.789	28.377
0.792	28.814
0.865	39.694
0.78	27.723
0.859	38.965
0.846	37.615
0.792	28.814
0.873	43.384
0.872	43.252
0.828	33.423
0.843	37.599
0.831	33.649
0.83	33.536
0.862	39.388
0.83	33.536
0.829	33.43
0.848	37.729
0.834	34.064
0.853	38.242
