P=? [ F (x=9&y=9&crashed=0) ]	R{"cost"}=? [ C<=100 ]
0.846	44.361
0.714	27.203
0.846	44.361
0.823	39.926
0.803	36.847
0.752	29.41
0.758	31.915
0.828	41.869
0.83	42.257
0.798	35.101
0.843	43.607
0.731	28.227
0.744	28.344
0.726	27.553
0.716	27.462
0.843	43.607
0.83	42.257
0.752	29.41
0.798	35.101
0.783	33.412
0.811	38.527
0.817	38.546
0.77	32.379
0.807	38.204
0.758	31.915
0.789	33.464
0.828	41.869
0.778	33.34
0.821	39.283
0.765	32.333
0.829	42.0
0.772	32.645
0.806	37.721
0.748	28.753
0.796	34.304
0.745	28.414
0.762	32.249
0.797	34.646
0.775	33.084
0.729	27.909
0.728	27.779
0.821	39.283
0.791	33.602
0.749	29.038
0.746	28.673
0.759	32.008
0.818	38.573
0.715	27.267
0.806	37.721
0.805	37.344
0.75	29.04
0.793	34.041
0.764	32.253
0.797	34.646
0.776	33.271
0.76	32.186
0.82	38.983
0.845	44.085
0.844	43.788
0.81	38.497
0.807	38.204
0.81	38.497
0.845	44.085
0.804	37.122
0.781	33.399
0.792	33.85
0.796	34.304
0.819	38.813
0.794	34.064
0.805	37.344
0.804	37.122
0.773	32.855
0.747	28.695
0.792	33.85
0.781	33.399
0.844	43.788
0.73	28.084
0.727	27.606
0.82	38.983
0.819	38.813
0.771	32.478
0.794	34.064
0.73	28.084
0.75	29.04
0.774	32.953
0.744	28.344
0.731	28.227
0.771	32.478
0.774	32.953
0.773	32.855
0.716	27.462
0.79	33.55
0.776	33.271
0.76	32.186
0.727	27.606
0.789	33.464
0.79	33.55
0.765	32.333
0.843	43.607
0.752	29.41
