P=? [ F (x=9&y=9&crashed=0) ]	R{"cost"}=? [ C<=100 ]
0.689	27.01
0.844	43.884
0.689	27.01
0.844	43.884
0.715	27.227
0.694	27.11
0.756	31.872
0.754	29.706
0.823	39.926
0.828	41.846
0.732	28.311
0.745	28.408
0.803	36.828
0.8	35.438
0.833	43.111
0.715	27.227
0.726	27.537
0.821	39.451
0.843	43.866
0.785	33.449
0.823	39.926
0.809	38.071
0.817	38.625
0.778	33.439
0.843	43.866
0.833	43.111
0.792	33.843
0.799	35.21
0.831	42.697
0.817	38.625
0.804	37.2
0.759	32.153
0.775	32.976
0.803	36.828
0.828	41.846
0.809	38.071
0.79	33.542
0.83	42.155
0.727	27.607
0.832	42.71
0.758	31.906
0.748	28.872
0.77	32.362
0.728	27.959
0.796	34.298
0.8	35.438
0.819	38.75
0.752	29.448
0.751	29.145
0.693	27.04
0.82	39.069
0.754	29.706
0.777	33.335
0.797	34.649
0.798	34.865
0.772	32.812
0.82	39.069
0.746	28.61
0.726	27.537
0.762	32.179
0.746	28.61
0.751	29.145
0.752	29.448
0.749	28.887
0.73	27.993
0.771	32.618
0.807	37.728
0.806	37.476
0.796	34.298
0.794	34.059
0.798	34.865
0.797	34.649
0.777	33.335
0.808	37.927
0.807	37.728
0.771	32.618
0.793	34.036
0.766	32.317
0.764	32.247
0.764	32.247
0.83	42.155
0.829	41.983
0.731	28.141
0.787	33.502
0.806	37.476
0.805	37.325
0.731	28.141
0.768	32.356
0.766	32.317
0.808	37.927
0.756	31.872
0.829	41.983
0.762	32.179
0.789	33.518
0.794	34.059
0.819	38.75
0.805	37.325
0.787	33.502
0.749	28.887
0.768	32.356
