P=? [ F (x=9&y=9&crashed=0) ]	R{"cost"}=? [ C<=100 ]
0.888	64.19
0.689	27.004
0.689	27.004
0.888	64.19
0.879	54.672
0.87	54.211
0.714	27.221
0.693	27.022
0.863	50.082
0.846	44.936
0.756	31.886
0.818	38.636
0.754	29.69
0.744	28.374
0.847	47.286
0.802	37.102
0.732	28.233
0.86	49.048
0.829	42.241
0.824	40.245
0.878	54.299
0.849	47.636
0.879	54.672
0.808	38.023
0.863	50.082
0.8	35.335
0.836	43.862
0.832	42.858
0.86	49.048
0.849	47.636
0.726	27.512
0.719	27.369
0.87	54.211
0.843	44.015
0.729	28.078
0.764	32.253
0.821	39.295
0.791	33.731
0.862	49.422
0.719	27.369
0.772	32.626
0.774	33.096
0.798	34.842
0.824	40.245
0.829	42.241
0.778	33.455
0.783	33.481
0.783	33.481
0.788	33.502
0.835	43.61
0.807	37.859
0.775	33.141
0.745	28.379
0.759	32.141
0.777	33.427
0.799	35.037
0.804	37.122
0.751	29.432
0.796	34.576
0.77	32.38
0.758	31.905
0.748	28.999
0.835	43.61
0.768	32.324
0.808	38.023
0.79	33.521
0.845	44.362
0.822	39.859
0.861	49.368
0.82	39.123
0.805	37.392
0.848	47.585
0.732	28.233
0.83	42.271
0.728	27.772
0.8	35.335
0.747	28.701
0.761	32.231
0.754	29.69
0.751	29.432
0.771	32.58
0.795	34.568
0.794	34.185
0.806	37.479
0.726	27.512
0.749	29.142
0.793	34.055
0.747	28.701
0.793	34.055
0.845	44.362
0.844	44.046
0.823	40.175
0.822	39.859
0.847	47.286
0.831	42.559
0.819	38.926
0.749	29.142
0.831	42.559
0.728	27.772
0.768	32.324
