P=? [ F (x=9&y=9&crashed=0) ]	R{"cost"}=? [ C<=100 ]
0.845	48.981
0.678	26.951
0.678	26.951
0.845	48.981
0.844	43.939
0.694	27.104
0.726	27.577
0.745	28.428
0.801	37.066
0.731	28.215
0.693	27.075
0.823	39.927
0.757	31.881
0.753	29.928
0.827	41.805
0.799	35.214
0.833	42.95
0.778	33.44
0.788	33.464
0.821	39.339
0.842	43.56
0.823	39.927
0.753	29.928
0.758	31.906
0.79	33.533
0.809	38.165
0.832	42.486
0.829	42.084
0.752	29.45
0.814	38.514
0.842	43.56
0.833	42.95
0.775	32.993
0.748	28.882
0.814	38.514
0.728	27.808
0.803	37.068
0.817	38.535
0.799	35.214
0.726	27.577
0.827	41.805
0.807	38.023
0.806	37.587
0.765	32.273
0.77	32.361
0.751	29.441
0.769	32.333
0.762	32.207
0.757	31.881
0.771	32.634
0.75	29.156
0.805	37.44
0.828	41.848
0.797	34.685
0.796	34.299
0.792	33.888
0.809	38.165
0.798	34.865
0.844	43.939
0.843	43.609
0.763	32.234
0.82	39.01
0.777	33.318
0.747	28.845
0.774	32.972
0.772	32.649
0.762	32.207
0.75	29.156
0.808	38.053
0.746	28.695
0.795	34.282
0.793	34.018
0.83	42.346
0.793	34.018
0.792	33.888
0.819	38.869
0.818	38.613
0.777	33.318
0.804	37.305
0.727	27.604
0.765	32.273
0.798	34.865
0.797	34.685
0.729	27.984
0.773	32.813
0.773	32.813
0.788	33.464
0.746	28.695
0.795	34.282
0.806	37.587
0.729	27.984
0.73	28.126
0.82	39.01
0.819	38.869
0.804	37.305
0.831	42.444
0.83	42.346
0.73	28.126
0.818	38.613
0.769	32.333
