P=? [ F (x=9&y=9&crashed=0) ]	R{"cost"}=? [ C<=100 ]
0.868	54.056
0.868	54.056
0.718	28.029
0.866	53.771
0.863	49.891
0.755	32.157
0.851	48.635
0.848	45.054
0.731	28.659
0.753	29.819
0.745	28.76
0.719	28.065
0.729	28.174
0.801	36.976
0.826	41.791
0.823	40.104
0.8	35.504
0.832	43.109
0.841	43.569
0.773	33.028
0.808	38.2
0.761	32.286
0.806	38.138
0.785	33.863
0.777	33.486
0.821	39.17
0.805	37.383
0.767	32.986
0.831	43.06
0.83	42.427
0.848	45.054
0.863	49.891
0.765	32.95
0.856	48.693
0.823	40.104
0.782	33.587
0.79	33.888
0.813	38.328
0.866	53.771
0.847	44.601
0.784	33.633
0.803	37.277
0.819	39.059
0.796	34.738
0.818	38.617
0.751	29.441
0.764	32.559
0.774	33.222
0.852	48.676
0.857	48.737
0.752	29.741
0.843	43.923
0.829	42.404
0.844	43.985
0.822	39.708
0.842	43.608
0.798	34.878
0.858	49.08
0.861	49.154
0.841	43.569
0.832	43.109
0.862	49.458
0.762	32.327
0.775	33.42
0.763	32.544
0.826	41.791
0.822	39.708
0.851	48.635
0.749	29.183
0.828	42.054
0.799	35.223
0.816	38.457
0.748	29.12
0.746	28.805
0.846	44.597
0.845	44.291
0.845	44.291
0.795	34.432
0.862	49.458
0.8	35.504
0.799	35.223
0.782	33.587
0.816	38.457
0.73	28.442
0.753	29.819
0.795	34.432
0.794	34.182
0.793	34.112
0.776	33.458
0.748	29.12
0.746	28.805
0.73	28.442
0.767	32.986
0.791	33.929
0.86	49.117
0.828	42.054
0.827	41.848
0.814	38.356
0.793	34.112
0.791	33.929
