P=? [ F (x=9&y=9&crashed=0) ]	R{"cost"}=? [ C<=100 ]
0.636	35.851
0.819	63.045
0.819	63.045
0.636	35.851
0.674	36.029
0.637	35.882
0.766	50.565
0.709	40.534
0.804	60.6
0.765	47.294
0.744	46.111
0.743	42.95
0.792	56.15
0.787	53.169
0.803	57.734
0.707	37.704
0.702	37.228
0.736	42.117
0.723	41.263
0.777	51.208
0.686	36.512
0.714	41.227
0.781	52.687
0.728	41.903
0.811	62.375
0.81	61.935
0.804	60.6
0.693	37.141
0.81	61.935
0.758	46.494
0.75	46.452
0.678	36.446
0.796	57.083
0.78	51.701
0.817	62.4
0.801	57.315
0.792	56.15
0.785	52.758
0.787	53.169
0.746	46.345
0.726	41.577
0.763	46.963
0.777	51.208
0.766	50.565
0.725	41.54
0.738	42.389
0.675	36.063
0.691	36.804
0.676	36.424
0.75	46.452
0.692	37.113
0.713	40.93
0.761	46.77
0.706	37.477
0.818	62.604
0.795	56.645
0.741	42.627
0.712	40.925
0.69	36.745
0.745	46.129
0.707	37.704
0.74	42.601
0.705	37.41
0.728	41.903
0.688	36.716
0.786	53.072
0.802	57.625
0.764	47.267
0.712	40.925
0.759	46.622
0.742	42.864
0.801	57.315
0.796	57.083
0.678	36.446
0.818	62.604
0.793	56.345
0.739	42.408
0.762	46.772
0.778	51.395
0.795	56.645
0.794	56.461
0.78	51.701
0.779	51.519
0.705	37.41
0.688	36.716
0.759	46.622
0.674	36.029
0.637	35.882
0.779	51.519
0.778	51.395
0.794	56.461
0.793	56.345
0.803	57.734
0.802	57.625
0.746	46.345
0.786	53.072
0.693	37.141
0.743	42.95
0.742	42.864
0.785	52.758
