P=? [ F (x=9&y=9&crashed=0) ]	R{"cost"}=? [ C<=100 ]
0.644	31.565
0.787	56.612
0.787	56.612
0.644	31.565
0.779	52.176
0.78	56.249
0.769	51.515
0.767	48.045
0.659	32.296
0.663	33.744
0.685	35.131
0.646	31.901
0.673	34.996
0.71	39.623
0.663	33.744
0.754	45.3
0.771	51.764
0.672	34.989
0.755	46.703
0.689	35.872
0.745	43.693
0.697	36.357
0.696	36.12
0.672	34.989
0.762	46.96
0.709	38.439
0.746	44.817
0.724	40.728
0.718	40.591
0.704	37.364
0.733	42.211
0.732	41.341
0.756	46.837
0.704	37.364
0.697	36.357
0.74	42.607
0.735	42.49
0.752	45.069
0.747	45.047
0.659	32.296
0.765	47.952
0.764	47.272
0.743	43.597
0.73	41.088
0.726	40.964
0.715	40.063
0.708	38.369
0.707	37.688
0.742	42.93
0.771	51.764
0.716	40.108
0.686	35.574
0.715	40.063
0.71	39.623
0.769	51.515
0.779	52.176
0.646	31.901
0.78	56.249
0.724	40.728
0.764	47.272
0.73	41.088
0.726	40.964
0.762	46.96
0.735	42.49
0.741	42.888
0.733	42.211
0.767	48.045
0.645	31.635
0.706	37.648
0.705	37.386
0.717	40.363
0.688	35.617
0.732	41.341
0.696	36.12
0.689	35.872
0.754	45.3
0.746	44.817
0.717	40.363
0.687	35.596
0.752	45.069
0.718	40.591
0.685	35.131
0.673	34.996
0.755	46.703
0.756	46.837
0.74	42.607
0.745	43.693
0.743	43.597
0.765	47.952
0.709	38.439
0.645	31.635
0.708	38.369
0.742	42.93
0.741	42.888
0.707	37.688
0.706	37.648
0.705	37.386
0.747	45.047
0.686	35.574
0.688	35.617
