P=? [ F (x=9&y=9&crashed=0) ]	R{"cost"}=? [ C<=100 ]
0.817	71.324
0.649	31.763
0.817	71.324
0.649	31.763
0.663	35.471
0.816	65.974
0.807	65.634
0.8	60.982
0.764	47.339
0.743	44.081
0.799	60.73
0.794	56.827
0.769	51.089
0.783	55.561
0.778	52.058
0.676	35.592
0.688	35.65
0.675	35.515
0.784	56.467
0.722	40.182
0.783	55.561
0.709	39.45
0.706	37.865
0.807	65.634
0.792	56.723
0.739	42.41
0.8	60.982
0.711	39.837
0.725	41.526
0.753	45.916
0.746	45.327
0.715	39.889
0.702	37.115
0.764	47.339
0.731	41.632
0.696	36.453
0.799	60.73
0.776	51.706
0.738	42.186
0.755	46.274
0.769	51.089
0.771	51.445
0.76	46.537
0.745	45.174
0.778	52.058
0.733	41.864
0.715	39.889
0.706	37.865
0.794	56.827
0.739	42.41
0.724	41.111
0.69	36.007
0.709	39.45
0.702	37.115
0.696	36.453
0.724	41.111
0.77	51.273
0.753	45.916
0.746	45.327
0.761	46.692
0.695	36.333
0.722	40.182
0.704	37.355
0.762	46.889
0.694	36.134
0.762	46.889
0.745	45.174
0.692	36.112
0.816	65.974
0.738	42.186
0.733	41.864
0.689	35.692
0.76	46.537
0.755	46.274
0.776	51.706
0.771	51.445
0.692	36.112
0.792	56.723
0.784	56.467
0.704	37.355
0.777	51.937
0.703	37.34
0.754	46.073
0.754	46.073
0.732	41.785
0.777	51.937
0.731	41.632
0.725	41.526
0.793	56.826
0.732	41.785
0.675	35.515
0.689	35.692
0.694	36.134
0.703	37.34
0.793	56.826
0.649	31.763
0.817	71.324
0.783	55.561
0.807	65.634
0.715	39.889
