P=? [ F (x=9&y=9&crashed=0) ]	R{"cost"}=? [ C<=100 ]
0.935	55.076
0.816	32.925
0.935	55.076
0.816	32.925
0.933	54.275
0.918	50.06
0.886	42.79
0.918	50.06
0.905	47.66
0.901	45.155
0.884	40.41
0.829	33.737
0.855	37.608
0.85	35.64
0.823	32.934
0.847	34.787
0.873	38.568
0.837	33.996
0.91	48.646
0.865	38.278
0.895	43.907
0.916	49.151
0.83	33.92
0.858	38.178
0.917	49.604
0.898	44.116
0.864	38.189
0.934	54.76
0.841	34.369
0.823	32.934
0.901	45.155
0.855	37.608
0.88	39.324
0.874	38.755
0.85	35.64
0.883	40.339
0.849	35.543
0.847	34.787
0.905	47.66
0.892	43.655
0.907	47.663
0.882	39.828
0.916	49.151
0.91	48.646
0.909	48.15
0.876	39.038
0.837	33.996
0.841	34.369
0.84	34.351
0.878	39.129
0.9	44.783
0.899	44.402
0.9	44.783
0.908	48.02
0.84	34.351
0.857	37.866
0.881	39.616
0.873	38.568
0.865	38.278
0.899	44.402
0.849	35.543
0.878	39.129
0.876	39.038
0.891	43.484
0.89	43.215
0.884	40.41
0.892	43.655
0.89	43.215
0.889	42.97
0.882	39.828
0.881	39.616
0.888	42.951
0.891	43.484
0.888	42.951
0.856	37.767
0.909	48.15
0.908	48.02
0.857	37.866
0.856	37.767
0.83	33.92
0.889	42.97
0.864	38.189
0.858	38.178
0.907	47.663
0.816	32.925
0.935	55.076
0.918	50.06
0.83	33.92
0.901	45.155
0.855	37.608
0.85	35.64
0.905	47.66
0.91	48.646
0.837	33.996
0.841	34.369
0.9	44.783
0.873	38.568
0.849	35.543
0.878	39.129
0.876	39.038
