P=? [ F (x=9&y=9&crashed=0) ]	R{"cost"}=? [ C<=100 ]
0.918	50.177
0.78	27.802
0.78	27.802
0.918	50.177
0.795	29.464
0.821	32.299
0.854	37.523
0.85	34.724
0.798	32.027
0.886	42.862
0.883	40.273
0.906	47.903
0.901	45.358
0.806	32.277
0.872	38.534
0.789	28.789
0.786	28.264
0.901	45.358
0.825	32.307
0.865	38.432
0.861	37.846
0.917	49.405
0.795	29.464
0.855	37.709
0.801	32.241
0.84	33.597
0.915	49.169
0.906	47.903
0.91	48.755
0.827	32.646
0.876	38.84
0.892	43.884
0.9	44.675
0.854	37.523
0.806	32.277
0.781	27.818
0.883	40.273
0.836	33.589
0.85	34.724
0.887	43.134
0.886	42.862
0.897	44.162
0.843	34.018
0.846	34.354
0.849	34.597
0.895	43.979
0.89	43.324
0.907	48.045
0.834	33.458
0.843	34.018
0.876	38.84
0.862	38.14
0.781	27.818
0.915	49.169
0.91	48.755
0.798	32.027
0.916	49.314
0.898	44.251
0.891	43.491
0.909	48.617
0.908	48.229
0.881	39.777
0.88	39.414
0.788	28.78
0.847	34.541
0.845	34.172
0.882	39.934
0.84	33.597
0.787	28.594
0.829	33.064
0.828	32.747
0.831	33.346
0.878	39.087
0.864	38.29
0.8	32.106
0.9	44.675
0.899	44.397
0.895	43.979
0.878	39.087
0.833	33.429
0.89	43.324
0.887	43.134
0.787	28.594
0.908	48.229
0.88	39.414
0.879	39.231
0.836	33.589
0.891	43.491
0.882	39.934
0.881	39.777
0.845	34.172
0.864	38.29
0.862	38.14
0.83	33.198
0.899	44.397
0.879	39.231
0.909	48.617
0.861	37.846
0.855	37.709
0.83	33.198
