P=? [ F (x=9&y=9&crashed=0) ]	R{"cost"}=? [ C<=100 ]
0.749	27.543
0.916	49.312
0.749	27.543
0.916	49.312
0.799	32.211
0.825	32.27
0.886	42.847
0.907	48.082
0.899	44.397
0.881	39.786
0.75	27.64
0.77	27.716
0.851	36.814
0.797	30.137
0.85	34.955
0.865	38.46
0.874	38.486
0.899	44.397
0.907	48.082
0.915	49.272
0.908	48.226
0.788	29.564
0.881	39.786
0.908	48.226
0.915	49.272
0.771	27.872
0.782	28.673
0.793	29.659
0.841	33.803
0.777	28.189
0.864	38.045
0.833	33.715
0.854	37.136
0.843	34.026
0.836	33.786
0.895	43.703
0.828	32.688
0.829	33.017
0.855	37.507
0.782	28.673
0.891	43.491
0.831	33.241
0.861	37.714
0.796	29.891
0.879	39.144
0.778	28.271
0.88	39.316
0.784	29.083
0.778	28.271
0.859	37.579
0.877	38.824
0.787	29.313
0.797	30.137
0.793	29.659
0.83	33.097
0.896	43.869
0.877	38.824
0.827	32.605
0.863	37.905
0.89	43.35
0.889	43.023
0.854	37.136
0.862	37.844
0.847	34.555
0.777	28.189
0.771	27.872
0.849	34.769
0.898	44.092
0.888	42.858
0.856	37.539
0.874	38.486
0.836	33.786
0.832	33.495
0.796	29.891
0.832	33.495
0.849	34.769
0.847	34.555
0.827	32.605
0.895	43.703
0.891	43.491
0.787	29.313
0.785	29.106
0.799	32.211
0.846	34.366
0.878	38.956
0.85	34.955
0.898	44.092
0.897	43.911
0.88	39.316
0.859	37.579
0.889	43.023
0.845	34.31
0.844	34.154
0.785	29.106
0.784	29.083
0.841	33.803
0.89	43.35
0.878	38.956
0.844	34.154
0.77	27.716
