P=? [ F (x=9&y=9&crashed=0) ]	R{"cost"}=? [ C<=100 ]
0.935	54.838
0.776	27.448
0.776	27.448
0.935	54.838
0.802	32.061
0.796	29.85
0.934	54.691
0.918	49.75
0.825	32.28
0.907	47.987
0.918	49.75
0.885	42.784
0.934	54.691
0.902	45.315
0.884	40.368
0.859	37.339
0.852	35.118
0.84	33.653
0.875	38.55
0.832	33.633
0.866	38.303
0.777	28.004
0.787	29.325
0.911	49.235
0.859	37.339
0.852	35.118
0.783	28.318
0.802	32.061
0.916	49.259
0.847	34.359
0.786	29.309
0.785	28.614
0.902	45.315
0.86	37.56
0.831	33.246
0.899	44.476
0.909	48.593
0.909	48.593
0.863	37.807
0.889	42.973
0.897	43.988
0.841	34.017
0.787	29.325
0.879	39.013
0.901	45.169
0.9	44.674
0.844	34.161
0.783	28.318
0.908	48.155
0.875	38.55
0.883	40.167
0.882	39.75
0.825	32.28
0.83	33.139
0.828	32.748
0.85	34.921
0.851	34.988
0.894	43.831
0.917	49.406
0.89	43.313
0.827	32.616
0.877	38.884
0.887	42.791
0.881	39.643
0.88	39.327
0.843	34.018
0.88	39.327
0.777	28.004
0.828	32.748
0.827	32.616
0.862	37.677
0.878	39.003
0.785	28.614
0.898	44.183
0.877	38.884
0.83	33.139
0.891	43.578
0.89	43.313
0.866	38.303
0.864	38.053
0.849	34.79
0.848	34.57
0.848	34.57
0.884	40.368
0.883	40.167
0.9	44.674
0.844	34.161
0.911	49.235
0.898	44.183
0.908	48.155
0.897	43.988
0.894	43.831
0.888	42.94
0.917	49.406
0.901	45.169
0.892	43.718
0.891	43.578
0.865	38.17
0.849	34.79
0.865	38.17
