P=? [ F (x=9&y=9&crashed=0) ]	R{"cost"}=? [ C<=100 ]
0.917	49.585
0.758	27.373
0.917	49.585
0.758	27.373
0.809	31.802
0.778	27.511
0.907	48.023
0.9	44.974
0.886	42.824
0.909	48.306
0.858	37.601
0.884	40.542
0.853	35.375
0.797	29.878
0.824	32.27
0.797	29.878
0.9	44.974
0.875	38.676
0.829	32.969
0.779	28.295
0.867	38.601
0.907	48.023
0.785	28.523
0.78	28.4
0.834	33.121
0.896	43.878
0.862	38.021
0.835	33.343
0.838	33.365
0.861	37.649
0.899	44.537
0.892	43.73
0.853	35.375
0.858	37.601
0.79	29.497
0.843	34.095
0.787	28.786
0.864	38.116
0.795	29.864
0.792	29.508
0.828	32.753
0.828	32.753
0.825	32.278
0.824	32.27
0.898	44.47
0.884	40.542
0.788	29.077
0.889	43.19
0.788	29.077
0.878	39.105
0.88	39.581
0.879	39.169
0.839	33.577
0.848	34.599
0.865	38.488
0.848	34.599
0.846	34.232
0.876	38.878
0.84	33.604
0.852	35.305
0.85	34.964
0.897	44.214
0.841	33.779
0.888	43.015
0.842	33.782
0.883	40.229
0.882	40.039
0.881	39.743
0.795	29.864
0.792	29.508
0.825	32.278
0.85	34.964
0.897	44.214
0.866	38.583
0.849	34.832
0.891	43.516
0.89	43.298
0.877	38.889
0.891	43.516
0.852	35.305
0.888	43.015
0.883	40.229
0.882	40.039
0.786	28.686
0.881	39.743
0.88	39.581
0.834	33.121
0.79	29.497
0.908	48.172
0.896	43.878
0.892	43.73
0.846	34.232
0.778	27.511
0.908	48.172
0.849	34.832
0.89	43.298
0.786	28.686
0.864	38.116
0.865	38.488
0.844	34.178
