P=? [ F (x=9&y=9&crashed=0) ]	R{"cost"}=? [ C<=100 ]
0.879	54.956
0.762	27.568
0.762	27.568
0.879	54.956
0.867	48.526
0.878	54.374
0.871	50.247
0.862	44.611
0.833	36.816
0.801	32.064
0.855	43.145
0.854	40.203
0.828	34.414
0.781	28.42
0.793	30.02
0.77	28.246
0.793	30.02
0.878	54.374
0.871	50.247
0.862	44.611
0.801	32.064
0.84	37.061
0.815	32.365
0.808	32.178
0.808	32.178
0.765	27.876
0.828	34.414
0.791	29.282
0.833	36.816
0.848	38.492
0.844	37.569
0.861	43.738
0.87	49.807
0.869	48.943
0.844	37.569
0.82	33.286
0.853	39.891
0.852	39.039
0.786	28.847
0.782	28.475
0.848	38.492
0.786	28.847
0.788	28.979
0.826	33.873
0.768	28.225
0.823	33.502
0.791	29.282
0.788	28.979
0.858	43.317
0.768	28.225
0.763	27.822
0.84	37.061
0.87	49.807
0.815	32.365
0.77	28.246
0.819	32.896
0.817	32.568
0.782	28.475
0.842	37.276
0.827	34.079
0.854	40.203
0.853	39.891
0.869	48.943
0.868	48.724
0.823	33.502
0.82	33.286
0.842	37.276
0.861	43.738
0.86	43.527
0.827	34.079
0.817	32.568
0.868	48.724
0.85	38.725
0.849	38.535
0.852	39.039
0.851	38.852
0.819	32.896
0.818	32.72
0.781	28.42
0.86	43.527
0.859	43.354
0.858	43.317
0.855	43.145
0.843	37.408
0.818	32.72
0.825	33.728
0.843	37.408
0.825	33.728
0.824	33.6
0.851	38.852
0.85	38.725
0.824	33.6
0.763	27.822
0.849	38.535
0.859	43.354
0.762	27.568
0.879	54.956
0.793	30.02
0.878	54.374
0.871	50.247
