P=? [ F (x=9&y=9&crashed=0) ]	R{"cost"}=? [ C<=100 ]
0.859	43.809
0.704	23.672
0.859	43.809
0.704	23.672
0.751	27.257
0.858	43.495
0.845	39.125
0.751	27.257
0.795	31.93
0.793	29.943
0.835	36.93
0.829	34.79
0.845	39.125
0.809	32.345
0.858	43.495
0.764	27.567
0.797	32.243
0.753	27.385
0.789	29.357
0.778	28.542
0.829	34.79
0.835	36.93
0.838	37.911
0.843	38.387
0.771	28.369
0.783	29.298
0.812	32.49
0.793	29.943
0.817	32.552
0.821	33.373
0.766	27.972
0.769	28.025
0.822	33.59
0.843	38.387
0.838	37.911
0.828	34.321
0.825	33.707
0.789	29.357
0.796	32.099
0.837	37.482
0.765	27.572
0.844	38.761
0.836	37.302
0.779	28.913
0.844	38.761
0.818	32.736
0.82	33.043
0.753	27.385
0.781	29.092
0.82	33.043
0.819	32.758
0.77	28.272
0.827	34.125
0.826	33.909
0.781	29.092
0.826	33.909
0.828	34.321
0.827	34.125
0.783	29.298
0.837	37.482
0.836	37.302
0.778	28.542
0.771	28.369
0.811	32.456
0.78	28.929
0.825	33.707
0.822	33.59
0.811	32.456
0.797	32.243
0.77	28.272
0.817	32.552
0.769	28.025
0.766	27.972
0.819	32.758
0.78	28.929
0.779	28.913
0.765	27.572
0.859	43.809
0.751	27.257
0.845	39.125
0.829	34.79
0.835	36.93
0.793	29.943
0.843	38.387
0.838	37.911
0.789	29.357
0.844	38.761
0.753	27.385
0.82	33.043
0.781	29.092
0.826	33.909
0.827	34.125
0.783	29.298
0.837	37.482
0.836	37.302
0.778	28.542
0.771	28.369
0.825	33.707
0.811	32.456
0.797	32.243
