P=? [ F (x=9&y=9&crashed=0) ]	R{"cost"}=? [ C<=100 ]
0.744	27.455
0.878	49.63
0.878	49.63
0.744	27.455
0.801	32.127
0.855	42.708
0.747	27.981
0.875	48.886
0.869	44.593
0.771	28.094
0.828	34.748
0.787	28.715
0.854	39.78
0.793	29.79
0.833	36.991
0.775	28.6
0.859	43.734
0.817	32.58
0.867	43.877
0.809	32.402
0.793	29.79
0.842	37.342
0.821	33.537
0.834	37.017
0.875	48.886
0.808	32.379
0.827	34.288
0.869	44.593
0.791	29.249
0.818	32.866
0.825	33.733
0.833	36.991
0.859	43.734
0.868	44.481
0.85	38.716
0.848	38.663
0.791	29.249
0.854	39.78
0.853	39.254
0.877	49.604
0.876	49.084
0.851	38.908
0.775	28.6
0.747	27.981
0.772	28.197
0.843	37.522
0.772	28.197
0.847	38.294
0.846	38.113
0.845	37.763
0.82	33.197
0.826	33.95
0.842	37.342
0.834	37.017
0.792	29.489
0.819	33.134
0.808	32.379
0.792	29.489
0.826	33.95
0.876	49.084
0.825	33.733
0.853	39.254
0.852	39.06
0.847	38.294
0.846	38.113
0.845	37.763
0.844	37.586
0.852	39.06
0.867	43.877
0.771	28.094
0.868	44.481
0.844	37.586
0.82	33.197
0.819	33.134
0.848	38.663
0.877	49.604
0.744	27.455
0.793	29.79
0.875	48.886
0.775	28.6
0.833	36.991
0.791	29.249
0.859	43.734
0.747	27.981
0.772	28.197
0.842	37.342
0.834	37.017
0.792	29.489
0.826	33.95
0.876	49.084
0.825	33.733
0.853	39.254
0.847	38.294
0.845	37.763
0.867	43.877
0.868	44.481
0.848	38.663
0.877	49.604
0.844	37.586
0.744	27.455
