P=? [ F (x=9&y=9&crashed=0) ]	R{"cost"}=? [ C<=100 ]
0.863	44.542
0.743	27.415
0.863	44.542
0.743	27.415
0.855	40.105
0.86	43.774
0.764	27.441
0.795	29.667
0.808	32.171
0.833	36.809
0.808	32.171
0.795	29.667
0.829	35.134
0.771	28.303
0.782	28.332
0.845	38.171
0.811	32.585
0.853	39.385
0.855	40.105
0.836	37.18
0.852	39.072
0.843	37.375
0.829	35.134
0.852	39.072
0.845	38.171
0.82	33.499
0.789	29.353
0.833	36.809
0.86	43.774
0.817	32.683
0.861	43.94
0.825	34.088
0.82	33.499
0.825	34.088
0.844	37.605
0.828	34.65
0.827	34.111
0.788	28.965
0.793	29.591
0.819	33.194
0.818	32.7
0.828	34.65
0.836	37.18
0.793	29.591
0.786	28.679
0.785	28.471
0.809	32.359
0.768	27.866
0.861	43.94
0.819	33.194
0.766	27.777
0.788	28.965
0.786	28.679
0.77	28.293
0.769	28.034
0.789	29.353
0.844	37.605
0.809	32.359
0.843	37.375
0.765	27.618
0.769	28.034
0.765	27.618
0.783	28.335
0.785	28.471
0.783	28.335
0.817	32.683
0.768	27.866
0.766	27.777
0.782	28.332
0.771	28.303
0.764	27.441
0.818	32.7
0.827	34.111
0.826	34.099
0.826	34.099
0.77	28.293
0.743	27.415
0.863	44.542
0.808	32.171
0.795	29.667
0.855	40.105
0.829	35.134
0.852	39.072
0.833	36.809
0.86	43.774
0.82	33.499
0.825	34.088
0.828	34.65
0.836	37.18
0.793	29.591
0.861	43.94
0.819	33.194
0.786	28.679
0.789	29.353
0.844	37.605
0.809	32.359
0.769	28.034
0.765	27.618
0.785	28.471
0.783	28.335
