P=? [ F (x=9&y=9&crashed=0) ]	R{"cost"}=? [ C<=100 ]
0.768	28.201
0.872	50.638
0.768	28.201
0.872	50.638
0.871	50.56
0.87	45.11
0.805	32.403
0.866	43.74
0.853	39.292
0.79	29.13
0.79	29.13
0.805	32.403
0.866	43.74
0.853	39.292
0.782	28.428
0.84	37.223
0.769	28.237
0.815	32.603
0.83	35.013
0.84	37.223
0.83	35.013
0.868	44.081
0.869	44.928
0.786	28.788
0.849	38.604
0.843	37.501
0.782	28.428
0.845	37.841
0.821	33.382
0.785	28.661
0.85	38.618
0.844	37.787
0.818	32.892
0.824	33.698
0.829	34.597
0.847	38.329
0.786	28.788
0.868	44.081
0.852	38.957
0.851	38.945
0.824	33.698
0.821	33.382
0.846	38.156
0.829	34.597
0.828	34.283
0.819	33.192
0.816	32.686
0.827	34.241
0.826	33.962
0.843	37.501
0.847	38.329
0.785	28.661
0.826	33.962
0.825	33.753
0.818	32.892
0.816	32.686
0.769	28.237
0.87	45.11
0.869	44.928
0.846	38.156
0.82	33.23
0.871	50.56
0.825	33.753
0.828	34.283
0.827	34.241
0.82	33.23
0.819	33.192
0.852	38.957
0.851	38.945
0.872	50.638
0.768	28.201
0.805	32.403
0.866	43.74
0.853	39.292
0.83	35.013
0.782	28.428
0.816	32.686
0.786	28.788
0.868	44.081
0.824	33.698
0.821	33.382
0.829	34.597
0.843	37.501
0.847	38.329
0.785	28.661
0.818	32.892
0.769	28.237
0.87	45.11
0.869	44.928
0.846	38.156
0.871	50.56
0.825	33.753
0.827	34.241
0.82	33.23
0.819	33.192
0.852	38.957
0.872	50.638
0.768	28.201
0.805	32.403
0.853	39.292
