P=? [ F (x=9&y=9&crashed=0) ]	R{"cost"}=? [ C<=100 ]
0.65	28.785
0.85	50.653
0.85	50.653
0.65	28.785
0.833	49.841
0.825	46.196
0.756	36.113
0.707	31.108
0.811	45.061
0.763	38.269
0.711	33.267
0.795	43.057
0.659	28.81
0.794	41.145
0.669	29.022
0.694	30.95
0.8	43.84
0.846	50.331
0.8	43.84
0.833	49.841
0.686	29.817
0.74	34.391
0.725	33.9
0.69	29.994
0.691	30.703
0.731	34.174
0.677	29.815
0.747	35.346
0.788	39.966
0.747	35.346
0.651	28.786
0.763	38.269
0.718	33.318
0.782	39.955
0.817	45.071
0.672	29.65
0.848	50.475
0.769	38.327
0.791	40.342
0.846	50.331
0.77	38.427
0.712	33.269
0.773	39.058
0.822	45.697
0.821	45.307
0.793	40.838
0.772	38.674
0.73	34.121
0.707	31.108
0.798	43.476
0.744	34.784
0.671	29.312
0.741	34.608
0.778	39.818
0.721	33.509
0.793	40.838
0.824	45.891
0.776	39.433
0.798	43.476
0.791	40.342
0.776	39.433
0.774	39.086
0.693	30.714
0.676	29.803
0.782	39.955
0.711	33.267
0.746	35.34
0.745	35.019
0.794	41.145
0.722	33.666
0.671	29.312
0.777	39.718
0.796	43.192
0.688	29.966
0.719	33.461
0.789	40.09
0.772	38.674
0.796	43.192
0.745	35.019
0.789	40.09
0.819	45.191
0.819	45.191
0.73	34.121
0.74	34.391
0.731	34.174
0.723	33.695
0.824	45.891
0.822	45.697
0.744	34.784
0.741	34.608
0.694	30.95
0.676	29.803
0.672	29.65
0.723	33.695
0.774	39.086
0.688	29.966
0.778	39.818
0.817	45.071
0.821	45.307
0.777	39.718
