P=? [ F (x=9&y=9&crashed=0) ]	R{"cost"}=? [ C<=100 ]
0.879	71.242
0.689	34.32
0.689	34.32
0.879	71.242
0.716	35.509
0.746	37.875
0.878	65.89
0.871	56.873
0.872	61.131
0.838	50.204
0.877	65.5
0.872	61.131
0.856	55.2
0.853	51.602
0.829	46.609
0.746	37.875
0.701	34.394
0.701	34.394
0.773	38.873
0.79	40.301
0.804	44.931
0.799	41.759
0.778	40.263
0.8	43.954
0.814	45.134
0.756	38.505
0.822	45.49
0.764	38.748
0.838	50.204
0.829	46.609
0.846	50.276
0.764	38.748
0.815	45.283
0.864	55.515
0.794	40.964
0.753	38.258
0.877	65.5
0.776	40.028
0.858	55.212
0.853	51.602
0.801	44.2
0.864	55.515
0.867	55.832
0.801	44.2
0.791	40.539
0.869	56.262
0.804	44.931
0.773	38.873
0.776	40.028
0.852	51.172
0.791	40.539
0.847	50.468
0.754	38.262
0.856	55.2
0.878	65.89
0.753	38.258
0.869	56.262
0.799	41.759
0.797	41.423
0.826	46.147
0.824	45.817
0.826	46.147
0.867	55.832
0.858	55.212
0.824	45.817
0.849	50.786
0.848	50.5
0.868	56.117
0.828	46.562
0.827	46.281
0.797	41.423
0.8	43.954
0.795	41.206
0.823	45.724
0.815	45.283
0.755	38.467
0.814	45.134
0.852	51.172
0.851	50.971
0.777	40.071
0.868	56.117
0.796	41.351
0.795	41.206
0.851	50.971
0.85	50.833
0.827	46.281
0.823	45.724
0.846	50.276
0.796	41.351
0.828	46.562
0.85	50.833
0.849	50.786
0.777	40.071
0.755	38.467
0.778	40.263
0.848	50.5
0.857	55.21
0.857	55.21
0.879	71.242
0.746	37.875
