P=? [ F (x=9&y=9&crashed=0) ]	R{"cost"}=? [ C<=100 ]
0.952	50.192
0.694	23.371
0.952	50.192
0.694	23.371
0.771	27.38
0.771	27.38
0.929	44.549
0.951	50.09
0.942	45.088
0.924	40.028
0.821	28.104
0.788	27.535
0.891	37.604
0.89	34.913
0.851	30.187
0.844	29.08
0.825	28.469
0.788	27.535
0.861	32.189
0.883	33.634
0.851	30.187
0.87	33.506
0.898	38.687
0.921	39.374
0.861	32.189
0.891	37.604
0.904	39.237
0.847	29.453
0.939	44.563
0.942	45.088
0.951	50.09
0.825	28.469
0.912	39.294
0.821	28.104
0.93	44.56
0.924	40.028
0.844	29.08
0.912	39.294
0.898	38.687
0.847	29.453
0.886	34.082
0.886	34.082
0.888	34.491
0.888	34.491
0.902	38.814
0.89	34.913
0.922	39.606
0.866	33.082
0.863	32.679
0.863	32.679
0.867	33.12
0.922	39.606
0.883	33.634
0.87	33.506
0.941	44.984
0.94	44.673
0.862	32.495
0.903	38.937
0.867	33.12
0.866	33.082
0.862	32.495
0.902	38.814
0.903	38.937
0.94	44.673
0.941	44.984
0.904	39.237
0.939	44.563
0.93	44.56
0.694	23.371
0.952	50.192
0.771	27.38
0.788	27.535
0.851	30.187
0.891	37.604
0.942	45.088
0.951	50.09
0.825	28.469
0.821	28.104
0.844	29.08
0.912	39.294
0.898	38.687
0.847	29.453
0.886	34.082
0.93	44.56
0.888	34.491
0.863	32.679
0.883	33.634
0.922	39.606
0.867	33.12
0.866	33.082
0.862	32.495
0.902	38.814
0.903	38.937
0.94	44.673
0.941	44.984
0.904	39.237
0.939	44.563
0.952	50.192
0.694	23.371
0.771	27.38
