P=? [ F (x=9&y=9&crashed=0) ]	R{"cost"}=? [ C<=100 ]
0.829	57.02
0.829	57.02
0.638	30.527
0.715	32.372
0.68	31.974
0.826	56.452
0.821	52.212
0.809	51.458
0.807	47.832
0.749	36.359
0.733	32.764
0.798	46.563
0.789	43.547
0.66	31.222
0.655	30.536
0.678	31.508
0.743	34.048
0.772	40.851
0.766	38.788
0.789	43.547
0.735	32.944
0.811	51.715
0.798	46.563
0.818	51.843
0.739	33.357
0.772	40.851
0.766	38.788
0.743	34.048
0.757	37.482
0.775	41.933
0.774	41.087
0.755	37.261
0.751	36.556
0.656	30.864
0.821	52.212
0.66	31.222
0.82	52.046
0.755	37.261
0.764	38.335
0.751	36.556
0.679	31.514
0.786	42.865
0.76	37.583
0.826	56.452
0.784	42.378
0.803	47.041
0.828	56.97
0.827	56.458
0.8	46.624
0.68	31.974
0.773	41.05
0.781	42.149
0.801	46.722
0.656	30.864
0.807	47.832
0.776	41.989
0.781	42.149
0.779	42.099
0.809	51.458
0.678	31.508
0.785	42.653
0.742	33.859
0.741	33.585
0.818	51.843
0.765	38.592
0.806	47.628
0.805	47.375
0.787	43.114
0.779	42.099
0.763	38.114
0.762	37.868
0.788	43.349
0.787	43.114
0.784	42.378
0.763	38.114
0.762	37.868
0.761	37.65
0.741	33.585
0.74	33.369
0.804	47.255
0.785	42.653
0.806	47.628
0.788	43.349
0.765	38.592
0.802	46.85
0.742	33.859
0.81	51.62
0.802	46.85
0.805	47.375
0.804	47.255
0.776	41.989
0.81	51.62
0.761	37.65
0.775	41.933
0.828	56.97
0.774	41.087
0.74	33.369
0.655	30.536
0.827	56.458
0.829	57.02
