P=? [ F (x=9&y=9&crashed=0) ]	R{"cost"}=? [ C<=100 ]
0.741	27.4
0.917	55.196
0.917	55.196
0.741	27.4
0.899	44.814
0.914	54.654
0.747	27.796
0.772	28.015
0.893	43.847
0.883	40.854
0.914	54.654
0.841	35.546
0.805	32.813
0.842	37.14
0.8	32.333
0.865	39.068
0.883	40.854
0.797	30.547
0.815	32.85
0.893	43.847
0.875	39.154
0.826	33.883
0.845	37.197
0.864	38.8
0.832	34.016
0.788	29.469
0.853	38.042
0.744	27.422
0.862	38.51
0.895	44.24
0.803	32.407
0.745	27.701
0.776	28.274
0.854	38.203
0.88	40.184
0.882	40.401
0.835	34.428
0.84	35.102
0.791	29.477
0.782	28.83
0.833	34.095
0.787	29.103
0.796	30.42
0.878	39.566
0.793	30.081
0.792	29.582
0.834	34.404
0.848	37.85
0.819	33.075
0.879	39.722
0.795	30.199
0.797	30.547
0.847	37.731
0.897	44.432
0.8	32.333
0.846	37.583
0.876	39.233
0.772	28.015
0.747	27.796
0.821	33.267
0.85	37.9
0.816	33.034
0.817	33.056
0.857	38.229
0.82	33.218
0.779	28.315
0.774	28.086
0.78	28.479
0.825	33.716
0.781	28.501
0.822	33.428
0.861	38.356
0.85	37.9
0.84	35.102
0.838	34.812
0.794	30.131
0.838	34.812
0.837	34.698
0.824	33.699
0.822	33.428
0.837	34.698
0.783	28.914
0.859	38.268
0.916	55.05
0.915	54.808
0.894	44.0
0.898	44.667
0.803	32.407
0.774	28.086
0.882	40.401
0.88	40.184
0.859	38.268
0.897	44.432
0.877	39.38
0.857	38.229
0.778	28.29
0.786	29.081
0.824	33.699
0.784	28.921
0.786	29.081
