P=? [ F (x=9&y=9&crashed=0) ]	R{"cost"}=? [ C<=100 ]
0.926	54.836
0.747	32.582
0.747	32.582
0.926	54.836
0.801	32.936
0.922	54.122
0.917	49.972
0.9	45.603
0.884	43.975
0.881	40.436
0.903	48.864
0.843	38.088
0.839	35.053
0.811	33.82
0.832	34.06
0.915	49.627
0.877	39.459
0.906	49.387
0.898	45.51
0.897	44.498
0.894	44.117
0.869	39.411
0.86	39.169
0.86	39.169
0.886	43.995
0.917	49.972
0.853	39.032
0.867	39.307
0.922	54.122
0.839	35.053
0.834	34.385
0.807	33.128
0.881	40.436
0.844	38.186
0.843	38.088
0.848	38.277
0.925	54.4
0.905	49.299
0.904	48.87
0.915	49.627
0.837	34.713
0.801	32.936
0.837	34.713
0.834	34.385
0.878	39.782
0.879	40.104
0.878	39.782
0.802	32.987
0.833	34.101
0.81	33.536
0.805	33.095
0.924	54.39
0.809	33.396
0.852	38.991
0.851	38.725
0.884	43.975
0.809	33.396
0.896	44.455
0.895	44.199
0.903	48.864
0.88	40.182
0.85	38.604
0.849	38.359
0.832	34.06
0.811	33.82
0.906	49.387
0.838	34.824
0.899	45.53
0.806	33.126
0.81	33.536
0.867	39.307
0.853	39.032
0.924	54.39
0.894	44.117
0.886	43.995
0.851	38.725
0.85	38.604
0.838	34.824
0.805	33.095
0.802	32.987
0.848	38.277
0.844	38.186
0.905	49.299
0.895	44.199
0.849	38.359
0.868	39.332
0.88	40.182
0.879	40.104
0.877	39.459
0.869	39.411
0.897	44.498
0.896	44.455
0.833	34.101
0.852	38.991
0.868	39.332
0.898	45.51
0.885	43.991
0.925	54.4
0.904	48.87
0.885	43.991
