P=? [ F (x=9&y=9&crashed=0) ]	R{"cost"}=? [ C<=100 ]
0.919	55.557
0.755	29.186
0.919	55.557
0.755	29.186
0.787	29.497
0.918	50.387
0.901	48.817
0.756	29.212
0.892	43.576
0.9	45.183
0.883	40.812
0.841	37.797
0.84	35.114
0.799	32.986
0.797	30.722
0.827	33.683
0.861	38.709
0.883	40.812
0.871	38.784
0.8	32.997
0.817	33.591
0.842	37.944
0.809	33.106
0.909	48.869
0.85	37.971
0.792	30.56
0.79	29.607
0.812	33.224
0.813	33.457
0.833	34.14
0.828	33.742
0.851	38.013
0.816	33.56
0.794	30.635
0.856	38.461
0.911	49.05
0.916	49.931
0.836	34.78
0.834	34.433
0.854	38.112
0.838	34.839
0.839	35.099
0.788	29.544
0.809	33.106
0.915	49.816
0.831	34.049
0.882	40.402
0.88	40.11
0.899	44.819
0.879	39.746
0.91	48.898
0.876	39.263
0.835	34.45
0.859	38.544
0.83	34.043
0.756	29.212
0.917	50.192
0.797	30.722
0.898	44.675
0.897	44.431
0.914	49.67
0.913	49.429
0.896	44.282
0.895	44.045
0.793	30.593
0.872	39.013
0.912	49.277
0.79	29.607
0.855	38.259
0.858	38.504
0.918	50.387
0.917	50.192
0.877	39.442
0.873	39.189
0.872	39.013
0.879	39.746
0.878	39.571
0.894	43.899
0.893	43.727
0.83	34.043
0.874	39.192
0.913	49.429
0.912	49.277
0.893	43.727
0.897	44.431
0.896	44.282
0.841	37.797
0.882	40.402
0.855	38.259
0.881	40.255
0.895	44.045
0.914	49.67
0.894	43.899
0.881	40.255
0.88	40.11
0.899	44.819
0.898	44.675
0.878	39.571
0.877	39.442
0.86	38.665
