P=? [ F (x=9&y=9&crashed=0) ]	R{"cost"}=? [ C<=100 ]
0.9	45.652
0.737	27.828
0.9	45.652
0.774	28.108
0.883	44.301
0.882	40.395
0.741	28.073
0.796	30.459
0.84	35.114
0.8	32.324
0.841	36.976
0.884	44.444
0.862	38.42
0.862	38.42
0.848	37.602
0.896	44.824
0.792	29.571
0.796	30.459
0.814	32.831
0.848	37.602
0.87	38.753
0.792	29.571
0.807	32.729
0.787	29.155
0.846	37.251
0.898	45.504
0.897	44.996
0.878	39.554
0.787	29.155
0.87	38.753
0.82	33.254
0.785	29.15
0.822	33.296
0.836	34.655
0.784	28.942
0.782	28.55
0.88	40.117
0.879	39.729
0.823	33.46
0.896	44.824
0.826	33.621
0.8	32.324
0.832	34.03
0.83	33.666
0.874	38.976
0.779	28.321
0.784	28.942
0.845	37.116
0.819	33.074
0.739	28.023
0.804	32.474
0.847	37.529
0.872	38.77
0.777	28.302
0.899	45.505
0.838	34.952
0.837	34.705
0.826	33.621
0.829	33.646
0.834	34.328
0.833	34.091
0.818	33.057
0.815	32.847
0.835	34.422
0.781	28.534
0.818	33.057
0.815	32.847
0.844	37.051
0.875	39.156
0.879	39.729
0.776	28.282
0.897	44.996
0.832	34.03
0.877	39.386
0.802	32.37
0.823	33.46
0.739	28.023
0.873	38.929
0.877	39.386
0.876	39.237
0.882	40.395
0.881	40.249
0.741	28.073
0.883	44.301
0.843	37.027
0.839	35.085
0.838	34.952
0.881	40.249
0.88	40.117
0.776	28.282
0.83	33.666
0.779	28.321
0.782	28.55
0.781	28.534
0.805	32.597
0.807	32.729
0.835	34.422
0.834	34.328
0.876	39.237
0.875	39.156
