P=? [ F (x=9&y=9&crashed=0) ]	R{"cost"}=? [ C<=100 ]
0.737	28.031
0.909	49.999
0.909	49.999
0.737	28.031
0.768	28.061
0.9	44.935
0.902	48.528
0.89	43.385
0.882	40.398
0.798	32.587
0.84	35.117
0.844	37.228
0.797	30.726
0.805	32.77
0.858	38.077
0.849	38.071
0.864	38.692
0.816	32.808
0.872	38.783
0.89	43.385
0.882	40.398
0.804	32.609
0.903	49.027
0.824	33.667
0.769	28.07
0.776	28.299
0.84	35.117
0.881	40.317
0.795	30.424
0.902	48.528
0.779	28.305
0.862	38.362
0.837	34.733
0.782	28.591
0.844	37.228
0.848	37.875
0.78	28.529
0.82	33.235
0.829	33.69
0.837	34.733
0.895	44.128
0.793	29.916
0.794	29.929
0.817	32.84
0.776	28.299
0.822	33.325
0.783	28.848
0.88	39.857
0.904	49.284
0.796	30.444
0.83	33.693
0.834	34.351
0.875	39.165
0.908	49.726
0.877	39.387
0.788	29.467
0.833	34.128
0.896	44.375
0.905	49.33
0.892	43.586
0.845	37.408
0.792	29.56
0.876	39.272
0.906	49.54
0.873	38.989
0.86	38.166
0.835	34.413
0.819	33.047
0.874	38.99
0.831	33.98
0.786	29.101
0.797	30.726
0.832	34.084
0.893	43.831
0.898	44.619
0.897	44.385
0.769	28.07
0.847	37.65
0.784	28.944
0.86	38.166
0.787	29.26
0.819	33.047
0.823	33.461
0.879	39.743
0.878	39.541
0.892	43.586
0.863	38.495
0.899	44.812
0.898	44.619
0.789	29.529
0.835	34.413
0.908	49.726
0.906	49.54
0.847	37.65
0.846	37.47
0.894	44.002
0.893	43.831
0.787	29.26
0.786	29.101
0.784	28.944
