P=? [ F (x=9&y=9&crashed=0) ]	R{"cost"}=? [ C<=100 ]
0.707	32.779
0.906	69.237
0.906	69.237
0.776	37.114
0.728	33.33
0.89	63.411
0.881	58.433
0.856	52.559
0.827	47.16
0.898	64.254
0.88	54.172
0.824	43.743
0.889	59.378
0.776	37.114
0.728	33.33
0.799	41.766
0.855	49.345
0.795	39.037
0.71	33.224
0.724	33.323
0.868	52.669
0.898	64.254
0.835	47.264
0.897	64.135
0.816	43.199
0.887	59.024
0.873	53.619
0.878	53.844
0.709	33.221
0.852	48.918
0.795	39.037
0.897	64.135
0.849	48.782
0.839	47.609
0.813	42.655
0.848	48.466
0.887	59.024
0.837	47.375
0.82	43.233
0.843	47.857
0.87	52.918
0.888	59.086
0.789	38.087
0.815	42.952
0.822	43.409
0.823	43.603
0.854	49.13
0.802	41.85
0.809	42.455
0.846	48.202
0.811	42.548
0.814	42.854
0.724	33.323
0.783	37.671
0.8	41.814
0.805	42.349
0.777	37.172
0.782	37.593
0.803	41.947
0.853	49.028
0.79	38.296
0.727	33.329
0.779	37.18
0.821	43.264
0.872	53.399
0.871	53.063
0.889	59.378
0.835	47.264
0.81	42.533
0.804	42.091
0.792	38.546
0.79	38.296
0.843	47.857
0.839	47.609
0.807	42.407
0.792	38.546
0.794	38.842
0.793	38.604
0.807	42.407
0.878	53.844
0.873	53.619
0.869	52.693
0.879	54.064
0.872	53.399
0.855	49.345
0.794	38.842
0.845	48.065
0.844	47.873
0.785	37.681
0.78	37.357
0.847	48.374
0.788	37.943
0.787	37.778
0.781	37.43
0.871	53.063
0.788	37.943
0.804	42.091
0.845	48.065
0.849	48.782
0.838	47.485
