P=? [ F (x=9&y=9&crashed=0) ]	R{"cost"}=? [ C<=100 ]
0.754	28.894
0.918	50.183
0.918	50.183
0.754	28.894
0.909	48.841
0.9	44.925
0.841	37.783
0.761	29.326
0.773	30.403
0.89	43.438
0.882	40.398
0.84	35.112
0.793	30.605
0.795	32.723
0.794	30.648
0.773	30.403
0.874	39.116
0.865	39.035
0.909	48.841
0.9	44.925
0.826	33.644
0.882	40.398
0.819	33.59
0.89	43.438
0.849	37.931
0.86	38.506
0.813	33.552
0.805	33.066
0.856	38.463
0.755	28.927
0.912	49.241
0.798	32.812
0.913	49.386
0.838	34.831
0.818	33.555
0.8	32.989
0.81	33.353
0.836	34.736
0.835	34.45
0.914	49.676
0.892	43.62
0.826	33.644
0.83	33.994
0.834	34.39
0.881	40.252
0.88	39.853
0.755	28.927
0.876	39.267
0.83	33.994
0.863	38.808
0.862	38.62
0.896	44.28
0.853	38.097
0.915	49.715
0.895	44.269
0.894	43.985
0.91	48.993
0.84	35.112
0.875	39.205
0.832	34.066
0.91	48.993
0.898	44.669
0.897	44.43
0.812	33.451
0.833	34.163
0.863	38.808
0.837	34.811
0.893	43.839
0.865	39.035
0.917	50.038
0.916	49.831
0.793	30.605
0.831	34.043
0.85	37.983
0.799	32.983
0.878	39.588
0.877	39.426
0.877	39.426
0.808	33.187
0.88	39.853
0.879	39.698
0.806	33.089
0.852	38.075
0.897	44.43
0.849	37.931
0.894	43.985
0.881	40.252
0.893	43.839
0.917	50.038
0.899	44.78
0.809	33.213
0.854	38.235
0.855	38.337
0.916	49.831
0.862	38.62
0.899	44.78
0.898	44.669
0.879	39.698
0.878	39.588
0.891	43.513
