P=? [ F (x=9&y=9&crashed=0) ]	R{"cost"}=? [ C<=100 ]
0.897	54.339
0.756	37.219
0.897	54.339
0.756	37.219
0.777	41.214
0.831	41.73
0.767	37.804
0.881	51.455
0.864	46.531
0.863	43.775
0.88	48.92
0.767	37.804
0.831	41.73
0.856	42.847
0.843	41.866
0.841	41.845
0.843	41.866
0.856	42.847
0.882	51.989
0.869	47.632
0.896	53.693
0.88	48.92
0.879	48.392
0.873	47.761
0.86	43.394
0.868	47.293
0.891	52.891
0.888	52.841
0.865	46.957
0.864	46.531
0.884	52.041
0.862	43.533
0.858	43.034
0.86	43.394
0.873	47.761
0.868	47.293
0.866	47.05
0.885	52.283
0.863	43.775
0.895	53.601
0.893	53.346
0.894	53.36
0.892	53.105
0.841	41.845
0.878	48.288
0.877	48.063
0.858	43.034
0.866	47.05
0.892	53.105
0.886	52.474
0.885	52.283
0.887	52.656
0.887	52.656
0.886	52.474
0.875	47.921
0.875	47.921
0.862	43.533
0.869	47.632
0.879	48.392
0.878	48.288
0.857	42.941
0.865	46.957
0.857	42.941
0.896	53.693
0.895	53.601
0.877	48.063
0.876	47.976
0.876	47.976
0.884	52.041
0.891	52.891
0.888	52.841
0.894	53.36
0.893	53.346
0.897	54.339
0.756	37.219
0.831	41.73
0.843	41.866
0.856	42.847
0.767	37.804
0.88	48.92
0.884	52.041
0.864	46.531
0.86	43.394
0.868	47.293
0.863	43.775
0.841	41.845
0.858	43.034
0.866	47.05
0.892	53.105
0.885	52.283
0.887	52.656
0.886	52.474
0.875	47.921
0.862	43.533
0.869	47.632
0.879	48.392
0.878	48.288
0.865	46.957
0.857	42.941
0.896	53.693
