P=? [ F (x=9&y=9&crashed=0) ]	R{"cost"}=? [ C<=100 ]
0.747	29.023
0.843	60.259
0.747	29.023
0.843	60.259
0.777	33.674
0.763	33.382
0.84	59.484
0.835	55.508
0.823	47.66
0.757	30.478
0.827	51.037
0.832	53.224
0.806	38.793
0.834	54.949
0.826	49.169
0.762	33.38
0.797	38.554
0.814	43.056
0.813	40.455
0.82	44.65
0.792	37.737
0.832	53.224
0.827	51.037
0.821	45.771
0.835	55.508
0.79	35.937
0.757	30.478
0.818	43.823
0.812	40.365
0.821	45.771
0.841	59.519
0.84	59.484
0.762	33.38
0.781	34.21
0.75	29.301
0.825	48.456
0.818	43.823
0.753	29.742
0.75	29.301
0.825	48.456
0.781	34.21
0.815	43.145
0.778	33.761
0.81	39.641
0.807	39.174
0.815	43.145
0.788	35.505
0.796	38.37
0.786	35.104
0.783	34.687
0.795	38.286
0.793	37.822
0.778	33.761
0.753	29.742
0.79	35.937
0.81	39.641
0.809	39.551
0.793	37.822
0.795	38.286
0.755	30.071
0.783	34.687
0.788	35.505
0.786	35.104
0.809	39.551
0.807	39.174
0.755	30.071
0.789	35.846
0.777	33.674
0.763	33.382
0.754	30.034
0.785	34.854
0.806	38.793
0.797	38.554
0.785	34.854
0.784	34.763
0.789	35.846
0.813	40.455
0.814	43.056
0.784	34.763
0.754	30.034
0.843	60.259
0.747	29.023
0.827	51.037
0.835	55.508
0.757	30.478
0.84	59.484
0.762	33.38
0.793	37.822
0.818	43.823
0.75	29.301
0.813	40.455
0.781	34.21
0.79	35.937
0.815	43.145
0.778	33.761
0.753	29.742
0.821	45.771
0.795	38.286
0.783	34.687
0.788	35.505
