P=? [ F (x=9&y=9&crashed=0) ]	R{"cost"}=? [ C<=100 ]
0.582	26.352
0.82	50.532
0.82	50.532
0.582	26.352
0.588	26.795
0.702	28.928
0.783	42.968
0.805	48.769
0.782	38.618
0.715	32.844
0.766	37.306
0.804	45.428
0.71	29.654
0.759	34.541
0.702	28.928
0.588	26.795
0.818	49.938
0.738	33.457
0.725	33.399
0.818	49.938
0.805	48.769
0.766	37.306
0.797	44.146
0.801	45.038
0.749	33.557
0.74	33.479
0.719	33.223
0.587	26.638
0.774	37.732
0.71	29.654
0.759	34.541
0.79	43.361
0.797	44.146
0.716	33.17
0.778	37.937
0.704	28.944
0.756	33.949
0.792	43.725
0.774	37.732
0.753	33.597
0.79	43.361
0.783	42.968
0.749	33.557
0.583	26.404
0.801	45.038
0.707	29.305
0.804	45.428
0.819	50.282
0.802	45.084
0.706	29.286
0.758	34.417
0.757	34.078
0.795	43.813
0.791	43.392
0.723	33.384
0.781	38.61
0.78	38.292
0.779	38.237
0.794	43.755
0.723	33.384
0.775	37.781
0.819	50.282
0.583	26.404
0.707	29.305
0.755	33.742
0.74	33.479
0.738	33.457
0.795	43.813
0.725	33.399
0.778	37.937
0.775	37.781
0.802	45.084
0.757	34.078
0.758	34.417
0.754	33.718
0.706	29.286
0.704	28.944
0.78	38.292
0.779	38.237
0.716	33.17
0.753	33.597
0.791	43.392
0.792	43.725
0.755	33.742
0.754	33.718
0.782	38.618
0.781	38.61
0.582	26.352
0.702	28.928
0.588	26.795
0.818	49.938
0.805	48.769
0.766	37.306
0.759	34.541
0.797	44.146
0.774	37.732
0.79	43.361
0.783	42.968
0.749	33.557
0.801	45.038
