P=? [ F (x=9&y=9&crashed=0) ]	R{"cost"}=? [ C<=100 ]
0.795	44.829
0.672	28.559
0.672	28.559
0.795	44.829
0.784	43.394
0.781	38.669
0.705	29.069
0.715	32.836
0.712	29.93
0.773	37.58
0.758	34.669
0.758	34.669
0.773	37.58
0.752	33.536
0.725	33.31
0.737	33.382
0.74	33.434
0.712	29.93
0.791	43.837
0.719	32.857
0.784	43.394
0.793	44.359
0.705	29.069
0.708	29.301
0.792	43.853
0.707	29.238
0.708	29.301
0.794	44.374
0.791	43.837
0.78	38.618
0.779	38.197
0.756	34.338
0.755	33.925
0.778	38.076
0.777	37.705
0.722	33.221
0.723	33.277
0.755	33.925
0.754	33.6
0.722	33.221
0.739	33.408
0.781	38.669
0.719	32.857
0.715	32.836
0.737	33.382
0.725	33.31
0.757	34.466
0.776	37.645
0.774	37.628
0.757	34.466
0.756	34.338
0.779	38.197
0.778	38.076
0.752	33.536
0.74	33.434
0.777	37.705
0.78	38.618
0.753	33.58
0.754	33.6
0.753	33.58
0.776	37.645
0.774	37.628
0.792	43.853
0.794	44.374
0.795	44.829
0.672	28.559
0.758	34.669
0.773	37.58
0.712	29.93
0.784	43.394
0.705	29.069
0.791	43.837
0.708	29.301
0.725	33.31
0.755	33.925
0.781	38.669
0.719	32.857
0.715	32.836
0.737	33.382
0.757	34.466
0.756	34.338
0.779	38.197
0.778	38.076
0.752	33.536
0.74	33.434
0.777	37.705
0.78	38.618
0.754	33.6
0.776	37.645
0.774	37.628
0.792	43.853
0.794	44.374
0.795	44.829
0.672	28.559
0.758	34.669
0.773	37.58
0.712	29.93
0.784	43.394
0.705	29.069
0.794	44.374
