P=? [ F (x=9&y=9&crashed=0) ]	R{"cost"}=? [ C<=100 ]
0.665	28.424
0.81	48.375
0.665	28.424
0.807	47.94
0.801	42.384
0.704	29.006
0.706	29.271
0.77	37.553
0.799	42.197
0.779	38.431
0.712	32.682
0.757	34.34
0.779	38.431
0.799	42.197
0.757	34.34
0.724	33.346
0.753	33.523
0.77	37.553
0.739	33.406
0.738	33.391
0.714	33.176
0.724	33.346
0.807	47.94
0.801	42.384
0.776	37.778
0.712	32.682
0.778	37.916
0.704	29.006
0.756	33.902
0.713	32.766
0.776	37.778
0.705	29.049
0.756	33.902
0.755	33.714
0.714	33.176
0.808	48.1
0.8	42.233
0.754	33.672
0.809	48.23
0.778	37.916
0.809	48.23
0.808	48.1
0.753	33.523
0.739	33.406
0.713	32.766
0.738	33.391
0.705	29.049
0.755	33.714
0.754	33.672
0.8	42.233
0.665	28.424
0.779	38.431
0.799	42.197
0.757	34.34
0.77	37.553
0.724	33.346
0.807	47.94
0.801	42.384
0.712	32.682
0.776	37.778
0.756	33.902
0.714	33.176
0.778	37.916
0.809	48.23
0.808	48.1
0.753	33.523
0.739	33.406
0.713	32.766
0.738	33.391
0.705	29.049
0.755	33.714
0.754	33.672
0.8	42.233
0.665	28.424
0.779	38.431
0.799	42.197
0.77	37.553
0.724	33.346
0.807	47.94
0.801	42.384
0.712	32.682
0.776	37.778
0.756	33.902
0.714	33.176
0.778	37.916
0.809	48.23
0.808	48.1
0.753	33.523
0.739	33.406
0.713	32.766
0.738	33.391
0.705	29.049
0.755	33.714
0.754	33.672
0.8	42.233
0.779	38.431
0.799	42.197
0.77	37.553
0.724	33.346
0.807	47.94
