P=? [ F (x=9&y=9&crashed=0) ]	R{"cost"}=? [ C<=100 ]
0.858	43.053
0.648	22.613
0.648	22.613
0.858	43.053
0.855	42.686
0.85	38.535
0.767	27.616
0.731	27.373
0.795	31.598
0.837	37.494
0.664	25.589
0.83	34.59
0.708	27.053
0.788	29.739
0.688	26.863
0.708	27.053
0.81	31.688
0.665	25.628
0.726	27.116
0.683	25.647
0.664	25.589
0.686	26.858
0.684	25.648
0.777	28.824
0.774	28.026
0.83	34.59
0.82	33.05
0.855	42.686
0.837	37.494
0.777	28.824
0.846	37.949
0.815	32.614
0.788	29.739
0.795	31.598
0.84	37.661
0.781	29.345
0.85	38.535
0.829	34.285
0.84	37.661
0.821	33.435
0.813	32.049
0.77	27.78
0.774	28.026
0.827	34.256
0.82	33.05
0.815	32.614
0.823	33.438
0.787	29.647
0.783	29.369
0.813	32.049
0.77	27.78
0.731	27.373
0.826	33.917
0.729	27.367
0.728	27.13
0.824	33.771
0.783	29.369
0.781	29.345
0.847	38.167
0.849	38.326
0.814	32.318
0.846	37.949
0.688	26.863
0.81	31.688
0.787	29.647
0.814	32.318
0.767	27.616
0.726	27.116
0.849	38.326
0.847	38.167
0.768	27.625
0.825	33.905
0.824	33.771
0.768	27.625
0.686	26.858
0.684	25.648
0.827	34.256
0.683	25.647
0.665	25.628
0.728	27.13
0.826	33.917
0.825	33.905
0.729	27.367
0.823	33.438
0.821	33.435
0.858	43.053
0.648	22.613
0.708	27.053
0.664	25.589
0.855	42.686
0.837	37.494
0.788	29.739
0.795	31.598
0.83	34.59
0.85	38.535
0.84	37.661
0.774	28.026
0.82	33.05
0.815	32.614
0.813	32.049
