P=? [ F (x=9&y=9&crashed=0) ]	R{"cost"}=? [ C<=100 ]
0.88	53.817
0.709	27.388
0.88	53.817
0.709	27.388
0.743	31.467
0.796	31.93
0.743	31.467
0.714	29.64
0.875	53.071
0.858	43.137
0.854	39.368
0.872	49.063
0.866	47.833
0.864	44.646
0.711	29.34
0.81	32.472
0.796	31.93
0.714	29.64
0.827	36.421
0.825	34.661
0.814	32.938
0.822	34.172
0.814	32.938
0.822	34.172
0.83	36.77
0.854	39.368
0.851	38.658
0.81	32.472
0.834	37.605
0.858	43.137
0.847	38.29
0.878	53.303
0.851	38.658
0.825	34.661
0.869	48.064
0.847	38.29
0.832	37.145
0.838	37.655
0.863	44.225
0.862	43.615
0.872	49.063
0.864	44.646
0.843	38.127
0.875	53.071
0.832	37.145
0.827	36.421
0.879	53.801
0.863	44.225
0.861	43.508
0.871	48.793
0.87	48.385
0.866	47.833
0.861	43.508
0.841	38.017
0.84	37.802
0.87	48.385
0.843	38.127
0.871	48.793
0.878	53.303
0.869	48.064
0.838	37.655
0.834	37.605
0.84	37.802
0.841	38.017
0.862	43.615
0.879	53.801
0.88	53.817
0.709	27.388
0.743	31.467
0.714	29.64
0.814	32.938
0.854	39.368
0.81	32.472
0.858	43.137
0.851	38.658
0.825	34.661
0.847	38.29
0.872	49.063
0.864	44.646
0.875	53.071
0.832	37.145
0.827	36.421
0.863	44.225
0.861	43.508
0.843	38.127
0.871	48.793
0.878	53.303
0.869	48.064
0.834	37.605
0.84	37.802
0.841	38.017
0.862	43.615
0.879	53.801
0.709	27.388
0.88	53.817
0.714	29.64
0.743	31.467
0.814	32.938
0.858	43.137
0.851	38.658
