P=? [ F (x=9&y=9&crashed=0) ]	R{"cost"}=? [ C<=100 ]
0.852	48.981
0.652	30.449
0.652	30.449
0.852	48.981
0.76	35.617
0.839	47.46
0.834	43.835
0.811	38.163
0.815	41.584
0.758	33.016
0.686	31.251
0.786	36.145
0.757	32.977
0.71	31.505
0.736	32.775
0.666	30.67
0.683	30.708
0.723	32.016
0.664	30.474
0.712	31.548
0.725	32.573
0.846	47.627
0.834	43.835
0.79	36.782
0.729	32.75
0.811	38.163
0.803	37.435
0.821	41.671
0.76	35.617
0.736	32.775
0.723	32.016
0.851	48.703
0.801	36.986
0.839	47.46
0.786	36.145
0.712	31.548
0.825	42.147
0.832	43.46
0.808	37.682
0.684	30.817
0.827	42.805
0.826	42.412
0.795	36.911
0.731	32.763
0.816	41.595
0.809	37.797
0.686	31.251
0.789	36.485
0.815	41.584
0.847	47.906
0.823	42.029
0.822	41.757
0.832	43.46
0.849	48.27
0.848	48.0
0.725	32.573
0.788	36.413
0.787	36.147
0.826	42.412
0.85	48.53
0.849	48.27
0.828	43.064
0.827	42.805
0.71	31.505
0.807	37.446
0.795	36.911
0.809	37.797
0.684	30.817
0.665	30.662
0.806	37.445
0.829	43.243
0.828	43.064
0.83	43.282
0.85	48.53
0.846	47.627
0.83	43.282
0.79	36.782
0.801	36.986
0.799	36.951
0.799	36.951
0.797	36.93
0.797	36.93
0.824	42.037
0.731	32.763
0.803	37.435
0.848	48.0
0.847	47.906
0.822	41.757
0.816	41.595
0.789	36.485
0.788	36.413
0.711	31.544
0.829	43.243
0.683	30.708
0.664	30.474
0.806	37.445
0.665	30.662
0.824	42.037
0.823	42.029
0.711	31.544
