P=? [ F (x=9&y=9&crashed=0) ]	R{"cost"}=? [ C<=100 ]
0.858	48.504
0.626	26.385
0.858	48.504
0.626	26.385
0.857	48.452
0.842	44.026
0.825	42.166
0.812	38.166
0.793	37.521
0.78	33.148
0.785	35.78
0.707	30.978
0.701	28.788
0.778	32.875
0.646	27.063
0.758	31.813
0.667	27.118
0.736	31.369
0.754	31.424
0.809	37.527
0.842	44.026
0.841	43.697
0.827	42.442
0.812	38.166
0.825	42.166
0.788	36.162
0.827	42.442
0.734	31.191
0.841	43.697
0.721	31.158
0.708	31.065
0.721	31.158
0.679	27.125
0.778	32.875
0.667	27.118
0.627	26.621
0.758	31.813
0.637	26.89
0.7	28.62
0.685	27.597
0.645	26.933
0.78	33.148
0.701	28.788
0.698	28.116
0.638	26.896
0.788	36.162
0.707	30.978
0.811	37.798
0.695	27.87
0.785	35.78
0.696	28.083
0.683	27.394
0.689	27.643
0.811	37.798
0.637	26.89
0.627	26.621
0.757	31.616
0.692	27.847
0.691	27.657
0.787	35.977
0.787	35.977
0.786	35.792
0.681	27.327
0.683	27.394
0.754	31.424
0.736	31.369
0.756	31.574
0.756	31.574
0.698	28.116
0.734	31.191
0.68	27.239
0.809	37.527
0.693	27.851
0.708	31.065
0.68	27.239
0.681	27.327
0.646	27.063
0.689	27.643
0.757	31.616
0.645	26.933
0.638	26.896
0.696	28.083
0.693	27.851
0.786	35.792
0.691	27.657
0.69	27.646
0.679	27.125
0.692	27.847
0.69	27.646
0.858	48.504
0.626	26.385
0.842	44.026
0.812	38.166
0.825	42.166
0.827	42.442
0.841	43.697
0.778	32.875
0.667	27.118
0.78	33.148
0.701	28.788
