P=? [ F (x=9&y=9&crashed=0) ]	R{"cost"}=? [ C<=100 ]
0.614	26.309
0.859	49.449
0.614	26.309
0.859	49.449
0.85	48.734
0.842	44.592
0.707	30.995
0.678	27.189
0.639	26.63
0.778	32.858
0.814	41.747
0.811	38.338
0.754	31.436
0.724	31.287
0.784	35.949
0.78	33.421
0.699	28.925
0.759	31.716
0.699	28.925
0.823	41.962
0.639	26.63
0.684	27.693
0.759	31.716
0.697	27.861
0.628	26.616
0.72	31.162
0.857	48.96
0.79	36.806
0.625	26.312
0.698	27.893
0.83	43.706
0.826	42.793
0.85	48.734
0.842	44.592
0.78	33.421
0.787	36.13
0.825	42.555
0.816	41.761
0.678	27.189
0.806	37.351
0.8	37.261
0.826	42.793
0.682	27.392
0.679	27.327
0.837	44.105
0.837	44.105
0.832	43.732
0.795	36.869
0.811	38.338
0.832	43.732
0.787	36.13
0.799	36.923
0.825	42.555
0.857	48.96
0.84	44.385
0.839	44.175
0.83	43.706
0.757	31.615
0.757	31.615
0.684	27.693
0.803	37.283
0.79	36.806
0.626	26.401
0.803	37.283
0.84	44.385
0.807	37.557
0.721	31.179
0.81	38.139
0.809	37.938
0.816	41.761
0.81	38.139
0.814	41.747
0.808	37.749
0.807	37.557
0.809	37.938
0.808	37.749
0.626	26.401
0.697	27.861
0.72	31.162
0.682	27.392
0.785	35.972
0.796	36.885
0.797	36.895
0.785	35.972
0.628	26.616
0.721	31.179
0.839	44.175
0.795	36.869
0.698	27.893
0.8	37.261
0.831	43.714
0.799	36.923
0.798	36.909
0.798	36.909
0.815	41.751
0.831	43.714
0.815	41.751
0.625	26.312
0.859	49.449
0.85	48.734
