P=? [ F (x=9&y=9&crashed=0) ]	R{"cost"}=? [ C<=100 ]
0.602	22.599
0.845	44.933
0.602	22.599
0.645	26.437
0.695	28.567
0.815	42.94
0.814	38.662
0.709	31.136
0.645	26.437
0.616	23.598
0.616	23.598
0.679	27.645
0.779	35.762
0.762	33.507
0.67	27.335
0.741	31.546
0.723	31.327
0.614	23.046
0.779	35.762
0.762	33.507
0.709	31.136
0.793	37.299
0.692	27.855
0.722	31.316
0.753	32.203
0.817	43.406
0.67	27.335
0.84	43.626
0.808	37.411
0.79	36.487
0.844	44.323
0.694	27.892
0.787	35.976
0.823	43.464
0.761	33.505
0.759	32.748
0.745	31.926
0.825	43.535
0.833	43.562
0.671	27.349
0.833	43.562
0.814	38.662
0.812	38.084
0.844	44.323
0.841	43.752
0.801	37.352
0.8	37.339
0.811	38.072
0.809	37.533
0.614	23.046
0.789	36.461
0.815	42.94
0.753	32.203
0.741	31.546
0.785	35.837
0.78	35.781
0.841	43.752
0.756	32.509
0.756	32.509
0.744	31.85
0.671	27.349
0.745	31.926
0.744	31.85
0.786	35.863
0.793	37.299
0.723	31.327
0.809	37.533
0.692	27.855
0.79	36.487
0.722	31.316
0.817	43.406
0.757	32.635
0.825	43.535
0.789	36.461
0.759	32.748
0.811	38.072
0.812	38.084
0.758	32.731
0.757	32.635
0.761	33.505
0.801	37.352
0.785	35.837
0.78	35.781
0.8	37.339
0.693	27.868
0.758	32.731
0.693	27.868
0.602	22.599
0.645	26.437
0.616	23.598
0.779	35.762
0.762	33.507
0.709	31.136
0.67	27.335
0.833	43.562
0.814	38.662
0.844	44.323
0.614	23.046
0.815	42.94
0.741	31.546
