P=? [ F (x=9&y=9&crashed=0) ]	R{"cost"}=? [ C<=100 ]
0.87	58.724
0.689	30.626
0.87	58.724
0.696	31.151
0.753	31.555
0.867	53.547
0.86	48.939
0.869	53.917
0.843	44.289
0.847	47.728
0.815	41.386
0.814	38.762
0.783	34.124
0.784	35.918
0.77	32.461
0.807	37.401
0.761	32.431
0.759	31.911
0.848	47.875
0.83	43.133
0.799	37.245
0.836	43.228
0.854	47.905
0.69	30.834
0.813	38.215
0.787	35.951
0.858	48.339
0.817	41.5
0.822	41.661
0.847	47.728
0.78	33.16
0.791	36.803
0.753	31.555
0.814	38.762
0.841	43.917
0.777	33.047
0.811	38.066
0.794	36.996
0.827	42.289
0.788	36.193
0.792	36.945
0.81	37.719
0.77	32.461
0.755	31.582
0.774	32.8
0.859	48.825
0.755	31.582
0.798	37.236
0.856	48.107
0.823	41.709
0.836	43.228
0.825	42.083
0.794	36.996
0.782	33.752
0.869	53.917
0.84	43.555
0.842	43.939
0.774	32.8
0.781	33.487
0.839	43.542
0.829	42.81
0.69	30.834
0.839	43.542
0.76	32.221
0.808	37.553
0.812	38.088
0.829	42.81
0.828	42.521
0.79	36.534
0.779	33.071
0.782	33.752
0.781	33.487
0.798	37.236
0.828	42.521
0.79	36.534
0.789	36.305
0.775	32.823
0.824	41.921
0.76	32.221
0.778	33.05
0.775	32.823
0.81	37.719
0.808	37.553
0.824	41.921
0.822	41.661
0.817	41.5
0.857	48.268
0.799	37.245
0.855	47.957
0.826	42.163
0.859	48.825
0.789	36.305
0.83	43.133
0.816	41.409
0.826	42.163
0.857	48.268
0.855	47.957
0.784	35.918
0.761	32.431
0.816	41.409
