P=? [ F (x=9&y=9&crashed=0) ]	R{"cost"}=? [ C<=100 ]
0.844	56.014
0.661	29.234
0.719	33.456
0.679	29.743
0.841	55.525
0.832	50.174
0.836	50.88
0.719	33.456
0.679	29.743
0.779	40.304
0.821	47.249
0.797	44.917
0.796	42.001
0.761	38.306
0.676	29.71
0.748	35.653
0.821	47.249
0.792	41.341
0.798	45.174
0.756	36.913
0.808	45.3
0.74	35.611
0.792	41.341
0.752	35.96
0.734	34.646
0.728	34.641
0.756	36.913
0.836	50.88
0.769	38.996
0.812	46.095
0.676	29.71
0.833	50.366
0.814	46.325
0.754	36.518
0.738	35.232
0.772	39.309
0.811	45.604
0.82	46.922
0.765	38.922
0.725	34.296
0.752	35.96
0.794	41.66
0.809	45.327
0.778	40.007
0.81	45.599
0.834	50.605
0.762	38.576
0.843	55.987
0.775	39.736
0.776	39.971
0.739	35.598
0.722	33.947
0.737	35.218
0.773	39.658
0.725	34.296
0.722	33.947
0.736	35.021
0.735	34.683
0.796	42.001
0.795	41.675
0.727	34.605
0.764	38.897
0.762	38.576
0.755	36.614
0.771	39.294
0.793	41.368
0.797	44.917
0.754	36.518
0.817	46.645
0.816	46.403
0.842	55.746
0.835	50.641
0.812	46.095
0.842	55.746
0.769	38.996
0.82	46.922
0.818	46.702
0.721	33.874
0.72	33.656
0.818	46.702
0.72	33.656
0.736	35.021
0.764	38.897
0.726	34.464
0.771	39.294
0.678	29.741
0.726	34.464
0.808	45.3
0.798	45.174
0.755	36.614
0.765	38.922
0.721	33.874
0.817	46.645
0.774	39.71
0.773	39.658
0.74	35.611
0.815	46.366
0.735	34.683
0.816	46.403
0.815	46.366
