P=? [ F (x=9&y=9&crashed=0) ]	R{"cost"}=? [ C<=100 ]
0.918	60.659
0.788	30.234
0.918	60.659
0.788	30.234
0.807	32.615
0.908	50.652
0.83	32.873
0.804	30.254
0.916	55.631
0.917	55.739
0.858	38.671
0.9	49.787
0.899	45.845
0.834	33.584
0.848	33.897
0.883	44.338
0.882	40.992
0.789	30.242
0.855	35.407
0.916	55.631
0.874	39.591
0.834	33.584
0.83	32.873
0.893	44.764
0.869	39.576
0.855	35.407
0.889	44.632
0.898	45.561
0.862	38.945
0.894	45.01
0.885	44.629
0.858	38.671
0.807	32.615
0.889	44.632
0.903	49.83
0.851	34.636
0.85	34.256
0.878	40.22
0.882	40.992
0.881	40.42
0.853	34.694
0.848	33.897
0.897	45.321
0.905	50.217
0.804	30.254
0.878	40.22
0.854	35.012
0.907	50.499
0.876	39.86
0.85	34.256
0.854	35.012
0.899	45.845
0.907	50.499
0.905	50.217
0.862	38.945
0.895	45.279
0.904	49.95
0.875	39.857
0.868	39.565
0.867	39.302
0.88	40.405
0.884	44.585
0.883	44.338
0.901	49.797
0.876	39.86
0.867	39.302
0.866	39.065
0.88	40.405
0.893	44.764
0.904	49.95
0.917	55.739
0.853	34.694
0.851	34.636
0.863	38.994
0.884	44.585
0.864	39.034
0.863	38.994
0.901	49.797
0.896	45.291
0.866	39.065
0.865	39.046
0.874	39.591
0.881	40.42
0.869	39.576
0.865	39.046
0.789	30.242
0.864	39.034
0.896	45.291
0.895	45.279
0.868	39.565
0.9	49.787
0.885	44.629
0.875	39.857
0.788	30.234
0.918	60.659
0.916	55.631
0.834	33.584
0.83	32.873
0.889	44.632
0.848	33.897
