P=? [ F (x=9&y=9&crashed=0) ]	R{"cost"}=? [ C<=100 ]
0.899	50.289
0.696	26.541
0.899	50.289
0.696	26.541
0.717	27.166
0.782	27.6
0.879	44.722
0.891	45.72
0.859	38.836
0.83	32.837
0.875	40.906
0.818	29.297
0.858	35.78
0.701	27.012
0.717	27.166
0.801	29.049
0.816	29.241
0.83	32.837
0.818	29.297
0.869	39.567
0.853	34.692
0.887	44.867
0.891	45.72
0.843	34.362
0.839	33.382
0.794	28.44
0.844	34.384
0.8	28.684
0.839	33.382
0.793	28.055
0.869	39.567
0.859	38.836
0.875	40.906
0.698	26.564
0.872	40.166
0.889	45.268
0.835	32.912
0.879	44.722
0.789	27.944
0.871	39.967
0.854	35.009
0.782	27.6
0.838	32.97
0.701	27.012
0.843	34.362
0.856	35.381
0.855	35.024
0.858	35.78
0.857	35.426
0.874	40.576
0.816	29.241
0.853	34.692
0.844	34.384
0.784	27.77
0.698	26.564
0.888	45.118
0.89	45.519
0.87	39.816
0.788	27.814
0.8	28.684
0.794	28.44
0.873	40.376
0.89	45.519
0.874	40.576
0.873	40.376
0.801	29.049
0.835	32.912
0.786	27.813
0.87	39.816
0.888	45.118
0.783	27.621
0.887	44.867
0.837	32.961
0.786	27.813
0.793	28.055
0.789	27.944
0.837	32.961
0.857	35.426
0.856	35.381
0.784	27.77
0.783	27.621
0.855	35.024
0.838	32.97
0.788	27.814
0.899	50.289
0.696	26.541
0.717	27.166
0.83	32.837
0.818	29.297
0.891	45.72
0.839	33.382
0.859	38.836
0.875	40.906
0.879	44.722
0.782	27.6
0.701	27.012
0.843	34.362
0.858	35.78
0.853	34.692
0.844	34.384
