P=? [ F (x=9&y=9&crashed=0) ]	R{"cost"}=? [ C<=100 ]
0.893	44.51
0.781	29.212
0.781	29.212
0.893	44.51
0.809	33.532
0.883	43.883
0.875	39.348
0.803	29.597
0.832	33.592
0.84	35.215
0.802	29.594
0.848	38.631
0.782	29.218
0.845	37.601
0.864	38.649
0.884	44.155
0.866	38.984
0.835	34.324
0.883	43.883
0.873	39.073
0.875	39.348
0.845	37.601
0.809	33.532
0.846	37.936
0.803	29.597
0.839	34.573
0.846	37.936
0.782	29.218
0.884	44.155
0.832	33.592
0.865	38.712
0.836	34.442
0.874	39.324
0.838	34.487
0.848	38.631
0.873	39.073
0.839	34.573
0.865	38.712
0.838	34.487
0.836	34.442
0.874	39.324
0.864	38.649
0.883	43.883
0.803	29.597
0.875	39.348
0.845	37.601
0.809	33.532
0.846	37.936
0.782	29.218
0.848	38.631
0.873	39.073
0.839	34.573
0.865	38.712
0.838	34.487
0.836	34.442
0.874	39.324
0.864	38.649
0.883	43.883
0.803	29.597
0.845	37.601
0.875	39.348
0.839	34.573
0.809	33.532
0.846	37.936
0.782	29.218
0.848	38.631
0.873	39.073
0.865	38.712
0.838	34.487
0.836	34.442
0.874	39.324
0.864	38.649
0.883	43.883
0.803	29.597
0.845	37.601
0.875	39.348
0.839	34.573
0.809	33.532
0.846	37.936
0.782	29.218
0.848	38.631
0.873	39.073
0.865	38.712
0.838	34.487
0.836	34.442
0.874	39.324
0.864	38.649
0.883	43.883
0.803	29.597
0.845	37.601
0.875	39.348
0.839	34.573
0.809	33.532
0.846	37.936
0.782	29.218
0.848	38.631
0.865	38.712
0.873	39.073
0.838	34.487
0.836	34.442
