P=? [ F (x=9&y=9&crashed=0) ]	R{"cost"}=? [ C<=100 ]
0.665	26.578
0.891	64.887
0.891	64.887
0.665	26.578
0.718	28.582
0.686	27.024
0.89	59.727
0.686	27.024
0.886	59.476
0.784	33.308
0.882	55.148
0.875	53.466
0.855	39.736
0.806	33.347
0.873	49.808
0.746	30.826
0.858	43.119
0.726	30.805
0.866	48.037
0.865	44.831
0.774	31.631
0.815	35.928
0.722	29.1
0.718	28.582
0.814	34.423
0.746	30.826
0.758	31.099
0.777	32.405
0.725	30.783
0.827	36.464
0.819	36.271
0.766	31.55
0.881	54.403
0.851	39.36
0.882	55.148
0.777	32.405
0.85	38.591
0.763	31.225
0.784	33.308
0.83	36.813
0.841	38.07
0.722	29.1
0.81	33.868
0.845	38.161
0.861	43.555
0.864	44.647
0.873	49.808
0.855	39.736
0.836	37.61
0.819	36.271
0.879	53.84
0.832	37.066
0.847	38.497
0.872	49.242
0.871	48.591
0.836	37.61
0.886	59.476
0.872	49.242
0.814	34.423
0.81	33.868
0.832	37.066
0.875	53.466
0.827	36.464
0.838	37.709
0.867	48.228
0.87	48.408
0.889	59.548
0.809	33.526
0.858	43.119
0.863	44.228
0.862	43.739
0.838	37.709
0.841	38.07
0.766	31.55
0.863	44.228
0.759	31.104
0.88	54.026
0.851	39.36
0.879	53.84
0.725	30.783
0.859	43.28
0.859	43.28
0.758	31.099
0.847	38.497
0.845	38.161
0.761	31.162
0.761	31.162
0.866	48.037
0.88	54.026
0.865	44.831
0.862	43.739
0.871	48.591
0.87	48.408
0.867	48.228
0.809	33.526
0.807	33.348
0.831	36.893
0.807	33.348
0.85	38.591
0.831	36.893
