P=? [ F (x=9&y=9&crashed=0) ]	R{"cost"}=? [ C<=100 ]
0.702	27.037
0.856	43.968
0.702	27.037
0.856	43.968
0.849	42.235
0.847	38.996
0.77	27.775
0.832	37.087
0.744	27.573
0.79	30.466
0.727	27.113
0.83	34.595
0.809	31.674
0.787	29.64
0.782	29.415
0.744	27.573
0.73	27.495
0.79	30.466
0.849	42.235
0.809	31.674
0.777	28.813
0.855	43.384
0.855	43.384
0.774	28.103
0.777	28.813
0.837	37.519
0.837	37.519
0.844	38.6
0.844	38.6
0.841	38.229
0.84	37.887
0.774	28.103
0.832	37.087
0.77	27.775
0.847	38.996
0.821	33.413
0.816	32.621
0.819	33.022
0.816	32.621
0.811	31.979
0.841	38.229
0.84	37.887
0.813	32.04
0.83	34.595
0.826	33.964
0.824	33.619
0.82	33.075
0.729	27.436
0.728	27.119
0.824	33.619
0.823	33.426
0.81	31.706
0.819	33.022
0.828	34.269
0.827	34.007
0.814	32.293
0.829	34.347
0.815	32.413
0.826	33.964
0.815	32.413
0.814	32.293
0.829	34.347
0.828	34.269
0.73	27.495
0.727	27.113
0.813	32.04
0.811	31.979
0.729	27.436
0.82	33.075
0.827	34.007
0.81	31.706
0.823	33.426
0.821	33.413
0.728	27.119
0.702	27.037
0.856	43.968
0.744	27.573
0.79	30.466
0.849	42.235
0.809	31.674
0.855	43.384
0.777	28.813
0.837	37.519
0.844	38.6
0.774	28.103
0.832	37.087
0.77	27.775
0.847	38.996
0.816	32.621
0.841	38.229
0.84	37.887
0.83	34.595
0.824	33.619
0.819	33.022
0.826	33.964
0.815	32.413
0.814	32.293
0.829	34.347
0.828	34.269
0.73	27.495
