P=? [ F (x=9&y=9&crashed=0) ]	R{"cost"}=? [ C<=100 ]
0.623	23.398
0.865	49.3
0.865	49.3
0.623	23.398
0.624	23.466
0.722	31.504
0.86	48.002
0.636	26.876
0.766	31.891
0.833	42.364
0.734	31.736
0.856	44.682
0.639	27.125
0.832	39.524
0.667	27.148
0.717	28.779
0.808	34.718
0.812	37.118
0.714	27.987
0.694	27.424
0.7	27.978
0.768	31.951
0.783	32.111
0.636	26.876
0.733	31.709
0.675	27.196
0.685	27.401
0.788	32.586
0.839	42.958
0.791	32.651
0.677	27.24
0.667	27.148
0.685	27.401
0.805	33.966
0.844	43.241
0.716	28.744
0.842	43.011
0.787	32.139
0.863	48.623
0.792	33.07
0.794	33.071
0.833	42.364
0.798	33.147
0.839	42.958
0.856	44.682
0.85	43.554
0.83	39.3
0.829	38.85
0.7	27.978
0.806	34.499
0.812	37.118
0.817	37.936
0.819	38.104
0.863	48.623
0.862	48.239
0.8	33.449
0.717	28.779
0.638	27.115
0.844	43.241
0.824	38.358
0.799	33.417
0.816	37.531
0.803	33.943
0.802	33.672
0.854	44.168
0.852	43.793
0.854	44.168
0.824	38.358
0.821	38.108
0.808	34.718
0.785	32.115
0.852	43.793
0.85	43.554
0.815	37.525
0.677	27.24
0.783	32.111
0.768	31.951
0.855	44.434
0.766	31.891
0.855	44.434
0.862	48.239
0.829	38.85
0.827	38.623
0.832	39.524
0.83	39.3
0.802	33.672
0.821	38.108
0.851	43.58
0.733	31.709
0.826	38.558
0.813	37.312
0.807	34.683
0.806	34.499
0.814	37.346
0.827	38.623
0.826	38.558
0.817	37.936
0.734	31.736
0.716	28.744
0.798	33.147
