P=? [ F (x=9&y=9&crashed=0) ]	R{"cost"}=? [ C<=100 ]
0.677	27.43
0.677	27.43
0.89	54.687
0.716	28.828
0.77	32.122
0.857	44.629
0.711	27.439
0.886	53.837
0.881	49.621
0.868	48.148
0.775	32.347
0.813	36.945
0.809	35.127
0.838	41.862
0.833	40.222
0.868	48.148
0.833	40.222
0.784	32.398
0.871	48.835
0.832	39.412
0.878	49.029
0.818	37.912
0.842	42.985
0.791	32.629
0.844	43.259
0.714	28.116
0.839	42.021
0.825	38.138
0.851	43.323
0.809	35.127
0.784	32.398
0.808	34.664
0.714	28.116
0.855	44.048
0.798	33.575
0.802	33.67
0.881	49.621
0.838	41.862
0.886	53.837
0.806	34.268
0.805	33.961
0.889	54.278
0.842	42.985
0.813	36.945
0.853	43.69
0.869	48.352
0.795	33.28
0.795	33.28
0.839	42.021
0.879	49.419
0.856	44.422
0.802	33.67
0.798	33.575
0.816	37.431
0.814	37.091
0.817	37.577
0.869	48.352
0.88	49.462
0.871	48.835
0.793	33.118
0.83	38.904
0.829	38.585
0.792	32.926
0.805	33.961
0.889	54.278
0.887	53.99
0.887	53.99
0.826	38.29
0.828	38.433
0.814	37.091
0.816	37.431
0.831	39.173
0.83	38.904
0.711	27.439
0.831	39.173
0.791	32.629
0.807	34.437
0.825	38.138
0.818	37.912
0.852	43.475
0.856	44.422
0.854	43.848
0.878	49.029
0.792	32.926
0.844	43.259
0.807	34.437
0.793	33.118
0.854	43.848
0.829	38.585
0.852	43.475
0.817	37.577
0.828	38.433
0.826	38.29
0.851	43.323
0.879	49.419
0.677	27.43
0.868	48.148
0.833	40.222
0.784	32.398
0.809	35.127
