P=? [ F (x=9&y=9&crashed=0) ]	R{"cost"}=? [ C<=100 ]
0.9	59.032
0.69	31.664
0.69	31.664
0.9	59.032
0.759	32.488
0.724	32.1
0.723	31.77
0.897	58.365
0.891	54.154
0.76	32.888
0.782	32.959
0.885	53.075
0.883	49.946
0.858	47.451
0.857	44.775
0.801	35.553
0.801	35.553
0.837	41.814
0.833	40.002
0.812	37.203
0.812	37.203
0.859	47.726
0.868	48.076
0.868	48.076
0.796	34.515
0.842	42.823
0.783	33.2
0.875	48.121
0.891	54.154
0.848	43.062
0.79	33.425
0.817	37.977
0.795	34.319
0.791	33.492
0.823	38.226
0.897	58.365
0.841	42.449
0.88	48.854
0.796	34.515
0.833	40.002
0.849	43.309
0.838	42.068
0.837	41.814
0.888	53.451
0.883	49.946
0.814	37.791
0.795	34.319
0.877	48.457
0.898	58.475
0.817	37.977
0.882	49.455
0.791	33.492
0.879	48.564
0.759	32.488
0.724	32.1
0.83	39.512
0.84	42.199
0.851	43.471
0.857	44.775
0.859	47.726
0.856	44.425
0.826	38.718
0.824	38.388
0.813	37.463
0.856	44.425
0.855	44.105
0.832	39.689
0.831	39.542
0.881	49.16
0.899	58.775
0.882	49.455
0.881	49.16
0.824	38.388
0.826	38.718
0.886	53.224
0.885	53.075
0.89	53.878
0.889	53.601
0.89	53.878
0.858	47.451
0.813	37.463
0.899	58.775
0.823	38.226
0.848	43.062
0.842	42.823
0.829	39.29
0.828	39.052
0.852	43.704
0.886	53.224
0.79	33.425
0.783	33.2
0.829	39.29
0.876	48.27
0.814	37.791
0.828	39.052
0.827	38.88
0.854	43.967
0.853	43.801
0.851	43.471
0.827	38.88
