P=? [ F (x=9&y=9&crashed=0) ]	R{"cost"}=? [ C<=100 ]
0.799	52.301
0.628	28.357
0.799	52.301
0.628	28.357
0.798	52.131
0.785	48.281
0.763	46.45
0.742	41.724
0.762	43.52
0.631	28.759
0.741	39.161
0.654	32.393
0.651	29.854
0.648	29.151
0.785	48.281
0.679	33.529
0.692	33.644
0.798	52.131
0.671	32.708
0.769	47.381
0.659	32.679
0.7	36.242
0.699	35.078
0.775	47.453
0.763	46.45
0.749	42.028
0.777	47.782
0.783	47.802
0.76	43.17
0.753	42.66
0.769	47.381
0.719	37.205
0.73	38.219
0.713	37.15
0.722	37.434
0.675	32.984
0.676	33.215
0.738	38.54
0.735	38.297
0.657	32.678
0.655	32.533
0.752	42.242
0.699	35.078
0.698	34.541
0.706	36.811
0.704	36.694
0.651	29.854
0.721	37.263
0.75	42.113
0.757	42.799
0.709	37.089
0.776	47.573
0.654	32.393
0.677	33.463
0.63	28.5
0.739	38.944
0.696	34.098
0.648	29.151
0.694	33.863
0.695	34.066
0.693	33.818
0.74	38.956
0.762	43.52
0.713	37.15
0.71	37.141
0.737	38.465
0.784	47.957
0.701	36.411
0.65	29.622
0.649	29.313
0.725	37.8
0.724	37.635
0.749	42.028
0.742	41.724
0.672	32.813
0.629	28.485
0.707	36.947
0.703	36.569
0.65	29.622
0.755	42.746
0.697	34.321
0.698	34.541
0.697	34.321
0.73	38.219
0.728	38.031
0.727	37.96
0.678	33.493
0.741	39.161
0.724	37.635
0.719	37.205
0.755	42.746
0.728	38.031
0.759	42.991
0.673	32.851
0.659	32.679
0.7	36.242
0.649	29.313
0.727	37.96
0.725	37.8
0.703	36.569
