P=? [ F (x=9&y=9&crashed=0) ]	R{"cost"}=? [ C<=100 ]
0.733	27.46
0.973	40.357
0.733	27.46
0.973	40.357
0.963	39.215
0.955	35.787
0.912	30.785
0.913	32.953
0.823	28.559
0.861	28.627
0.783	27.934
0.764	27.815
0.82	28.531
0.801	28.524
0.764	27.815
0.747	27.716
0.953	35.354
0.879	28.662
0.865	28.635
0.747	27.716
0.735	27.703
0.965	39.265
0.966	39.76
0.91	30.334
0.948	35.033
0.954	35.771
0.915	33.264
0.912	30.785
0.799	28.503
0.97	39.823
0.799	28.503
0.79	28.116
0.79	28.116
0.903	29.252
0.91	30.334
0.908	29.98
0.928	33.92
0.955	35.787
0.947	34.656
0.904	29.617
0.927	33.842
0.882	28.672
0.921	33.569
0.905	29.952
0.904	29.617
0.783	27.934
0.935	34.027
0.971	40.049
0.734	27.699
0.947	34.656
0.946	34.366
0.92	33.501
0.971	40.049
0.952	35.077
0.927	33.842
0.921	33.569
0.914	33.016
0.92	33.501
0.915	33.264
0.788	28.112
0.861	28.627
0.896	28.853
0.788	28.112
0.901	29.143
0.943	34.268
0.865	28.635
0.895	28.773
0.823	28.559
0.891	28.715
0.886	28.68
0.901	29.143
0.898	28.987
0.941	34.172
0.94	34.076
0.898	28.987
0.888	28.687
0.879	28.662
0.893	28.722
0.82	28.531
0.967	39.764
0.935	34.027
0.928	33.92
0.894	28.725
0.902	29.243
0.941	34.172
0.897	28.946
0.951	35.059
0.889	28.71
0.944	34.27
0.946	34.366
0.945	34.291
0.908	29.98
0.936	34.029
0.937	34.042
0.95	35.046
0.906	29.963
0.914	33.016
0.913	32.953
0.886	28.68
0.801	28.524
