P=? [ F (x=9&y=9&crashed=0) ]	R{"cost"}=? [ C<=100 ]
0.971	39.826
0.736	24.159
0.736	24.159
0.971	39.826
0.952	35.448
0.955	38.914
0.747	27.688
0.745	24.197
0.908	29.988
0.909	32.942
0.823	28.558
0.785	28.455
0.823	28.558
0.843	28.61
0.765	27.785
0.749	27.77
0.847	28.63
0.862	28.637
0.766	27.842
0.779	28.237
0.945	34.674
0.883	28.691
0.969	39.613
0.872	28.669
0.944	34.092
0.951	34.884
0.883	28.691
0.892	28.713
0.898	29.157
0.963	39.004
0.924	33.771
0.904	29.648
0.901	29.171
0.917	33.215
0.92	33.71
0.931	33.784
0.965	39.219
0.779	28.237
0.766	27.842
0.965	39.219
0.94	33.85
0.866	28.662
0.897	28.808
0.948	34.676
0.908	29.988
0.905	29.696
0.918	33.434
0.97	39.628
0.918	33.434
0.871	28.664
0.923	33.767
0.917	33.215
0.913	32.956
0.843	28.61
0.784	28.409
0.943	34.075
0.955	38.914
0.78	28.26
0.739	24.17
0.913	32.956
0.847	28.63
0.964	39.022
0.949	34.861
0.905	29.696
0.904	29.648
0.865	28.64
0.896	28.726
0.943	34.075
0.784	28.409
0.78	28.26
0.748	27.768
0.747	27.688
0.744	24.19
0.738	24.165
0.893	28.718
0.901	29.171
0.895	28.724
0.862	28.637
0.742	24.184
0.937	33.846
0.94	33.85
0.92	33.71
0.785	28.455
0.932	33.788
0.933	33.817
0.935	33.841
0.963	39.004
0.95	34.868
0.897	28.808
0.742	24.184
0.912	32.949
0.9	29.163
0.745	24.197
0.935	33.841
0.937	33.846
0.911	32.945
0.933	33.817
0.892	28.713
0.872	28.669
0.964	39.022
