P=? [ F (x=9&y=9&crashed=0) ]	R{"cost"}=? [ C<=100 ]
0.838	27.631
0.935	50.529
0.935	50.529
0.838	27.631
0.858	29.181
0.862	32.34
0.931	49.667
0.926	45.564
0.879	32.695
0.909	43.331
0.908	40.327
0.861	29.584
0.891	37.624
0.912	44.275
0.89	35.362
0.92	44.411
0.886	34.446
0.924	45.242
0.886	34.446
0.883	33.304
0.934	50.325
0.926	45.564
0.931	49.667
0.932	49.86
0.892	37.871
0.909	43.331
0.896	38.126
0.882	33.099
0.897	38.312
0.889	35.14
0.889	35.14
0.883	33.304
0.903	39.4
0.912	44.275
0.922	44.638
0.902	39.209
0.9	38.696
0.9	38.696
0.899	38.502
0.902	39.209
0.88	32.885
0.86	29.539
0.879	32.695
0.862	32.34
0.906	40.105
0.905	39.813
0.922	44.638
0.86	29.539
0.896	38.126
0.892	37.871
0.89	35.362
0.88	32.885
0.904	39.612
0.908	40.327
0.907	40.124
0.905	39.813
0.904	39.612
0.925	45.369
0.899	38.502
0.921	44.586
0.92	44.411
0.925	45.369
0.921	44.586
0.861	29.584
0.907	40.124
0.906	40.105
0.935	50.529
0.838	27.631
0.886	34.446
0.931	49.667
0.926	45.564
0.909	43.331
0.889	35.14
0.883	33.304
0.912	44.275
0.9	38.696
0.902	39.209
0.879	32.695
0.862	32.34
0.922	44.638
0.896	38.126
0.892	37.871
0.89	35.362
0.908	40.327
0.904	39.612
0.899	38.502
0.92	44.411
0.925	45.369
0.921	44.586
0.861	29.584
0.907	40.124
0.906	40.105
0.838	27.631
0.886	34.446
0.931	49.667
0.926	45.564
0.909	43.331
0.889	35.14
0.883	33.304
0.925	45.369
