P=? [ F (x=9&y=9&crashed=0) ]	R{"cost"}=? [ C<=100 ]
0.881	55.325
0.707	27.685
0.881	55.325
0.707	27.685
0.849	48.054
0.871	53.761
0.746	28.766
0.865	50.264
0.726	28.379
0.848	45.058
0.755	32.183
0.827	42.066
0.753	29.78
0.823	39.785
0.802	37.226
0.774	33.403
0.787	33.57
0.8	35.458
0.832	43.145
0.717	28.032
0.808	38.227
0.771	33.29
0.858	48.642
0.841	43.617
0.769	32.673
0.865	50.264
0.815	38.463
0.726	28.379
0.788	33.607
0.831	42.747
0.721	28.344
0.757	32.402
0.871	53.761
0.879	54.551
0.82	38.863
0.795	34.486
0.823	39.785
0.764	32.585
0.807	37.929
0.874	53.866
0.792	33.901
0.864	49.902
0.841	43.617
0.843	43.659
0.761	32.46
0.796	34.9
0.877	54.275
0.858	48.642
0.849	48.054
0.799	35.317
0.844	43.928
0.861	48.983
0.877	54.275
0.815	38.463
0.798	35.037
0.818	38.634
0.827	42.066
0.749	29.132
0.793	34.117
0.88	54.82
0.75	29.324
0.774	33.403
0.832	43.145
0.752	29.513
0.829	42.106
0.753	29.78
0.874	53.866
0.863	49.765
0.862	49.35
0.72	28.267
0.764	32.585
0.718	28.254
0.756	32.194
0.761	32.46
0.83	42.379
0.862	49.35
0.846	44.439
0.845	44.075
0.747	28.945
0.751	29.47
0.717	28.032
0.804	37.351
0.848	45.058
0.847	44.712
0.748	28.969
0.822	39.455
0.818	38.634
0.821	39.175
0.8	35.458
0.797	34.928
0.792	33.901
0.806	37.645
0.822	39.455
0.821	39.175
0.847	44.712
0.846	44.439
0.83	42.379
0.88	54.82
0.769	32.673
0.794	34.252
