P=? [ F (x=9&y=9&crashed=0) ]	R{"cost"}=? [ C<=100 ]
0.833	50.716
0.833	50.716
0.673	29.049
0.697	31.314
0.801	42.943
0.811	46.27
0.817	48.824
0.824	50.581
0.756	37.98
0.69	30.222
0.675	29.37
0.7	33.087
0.789	41.976
0.749	36.458
0.802	43.923
0.771	38.985
0.807	45.28
0.802	43.923
0.818	49.497
0.817	48.824
0.738	34.812
0.692	30.253
0.818	49.497
0.756	37.98
0.788	41.886
0.786	40.845
0.811	46.27
0.718	33.279
0.69	30.222
0.789	41.976
0.73	34.787
0.766	38.94
0.777	39.805
0.702	33.135
0.675	29.37
0.749	36.458
0.777	39.805
0.711	33.256
0.709	33.252
0.824	50.581
0.808	45.347
0.771	38.985
0.809	45.922
0.778	40.062
0.761	38.246
0.807	45.28
0.692	30.253
0.747	36.22
0.727	34.202
0.782	40.408
0.782	40.408
0.742	35.416
0.728	34.611
0.809	45.922
0.778	40.062
0.764	38.609
0.724	34.17
0.7	33.087
0.674	29.356
0.784	40.529
0.786	40.845
0.761	38.246
0.709	33.252
0.702	33.135
0.744	35.769
0.743	35.522
0.788	41.886
0.748	36.436
0.765	38.727
0.763	38.529
0.762	38.323
0.741	35.214
0.723	33.989
0.746	36.021
0.722	33.79
0.719	33.461
0.723	33.989
0.739	34.992
0.729	34.785
0.728	34.611
0.745	35.936
0.744	35.769
0.785	40.691
0.711	33.256
0.785	40.691
0.722	33.79
0.721	33.638
0.725	34.184
0.784	40.529
0.765	38.727
0.74	35.107
0.739	34.992
0.721	33.638
0.72	33.53
0.741	35.214
0.74	35.107
0.743	35.522
0.746	36.021
0.745	35.936
0.763	38.529
