P=? [ F (x=9&y=9&crashed=0) ]	R{"cost"}=? [ C<=100 ]
0.897	61.806
0.727	29.193
0.731	29.781
0.85	45.899
0.851	50.61
0.837	44.032
0.876	56.025
0.868	51.218
0.881	57.007
0.896	61.437
0.766	33.946
0.747	33.814
0.742	33.277
0.824	41.828
0.881	57.007
0.896	61.437
0.797	38.622
0.824	41.828
0.767	34.861
0.841	44.966
0.815	39.872
0.797	38.622
0.742	33.277
0.806	39.533
0.787	36.819
0.787	36.819
0.859	50.686
0.838	44.379
0.775	35.053
0.876	56.025
0.868	51.218
0.841	44.966
0.867	51.208
0.782	35.908
0.821	40.683
0.779	35.704
0.803	38.854
0.861	51.069
0.85	45.899
0.786	36.707
0.782	35.908
0.786	36.707
0.744	33.52
0.879	56.456
0.878	56.083
0.879	56.456
0.819	40.555
0.817	40.012
0.747	33.814
0.743	33.289
0.821	40.683
0.86	51.053
0.805	39.19
0.806	39.533
0.816	39.928
0.819	40.555
0.744	33.52
0.817	40.012
0.805	39.19
0.804	38.916
0.778	35.456
0.803	38.854
0.775	35.053
0.767	34.861
0.776	35.192
0.861	51.069
0.778	35.456
0.777	35.318
0.766	33.946
0.777	35.318
0.776	35.192
0.82	40.675
0.859	50.686
0.851	50.61
0.804	38.916
0.878	56.083
0.86	51.053
0.82	40.675
0.881	57.007
0.896	61.437
0.824	41.828
0.742	33.277
0.797	38.622
0.787	36.819
0.868	51.218
0.876	56.025
0.841	44.966
0.782	35.908
0.786	36.707
0.879	56.456
0.747	33.814
0.806	39.533
0.819	40.555
0.744	33.52
0.805	39.19
0.817	40.012
0.803	38.854
0.775	35.053
0.861	51.069
0.778	35.456
