P=? [ F (x=9&y=9&crashed=0) ]	R{"cost"}=? [ C<=100 ]
0.88	57.0
0.719	33.828
0.719	33.828
0.88	57.0
0.878	56.514
0.871	51.915
0.856	50.115
0.853	46.472
0.733	35.214
0.733	35.214
0.757	38.296
0.757	38.296
0.794	39.143
0.814	43.382
0.778	39.09
0.813	41.331
0.808	40.954
0.799	39.496
0.845	45.653
0.73	34.886
0.862	50.807
0.862	50.807
0.808	40.954
0.73	34.886
0.836	43.925
0.826	43.869
0.87	51.618
0.799	39.496
0.764	38.687
0.773	38.729
0.871	51.915
0.84	44.57
0.845	45.653
0.818	43.826
0.856	50.115
0.87	51.618
0.851	46.076
0.824	43.859
0.838	43.955
0.795	39.386
0.853	46.472
0.774	38.742
0.84	44.57
0.839	44.518
0.852	46.106
0.76	38.597
0.816	43.408
0.764	38.687
0.759	38.495
0.812	41.33
0.851	46.076
0.812	41.33
0.776	39.077
0.817	43.741
0.879	56.828
0.836	43.925
0.826	43.869
0.758	38.299
0.824	43.859
0.879	56.828
0.776	39.077
0.795	39.386
0.76	38.597
0.817	43.741
0.794	39.143
0.778	39.09
0.839	44.518
0.773	38.729
0.838	43.955
0.815	43.399
0.777	39.078
0.815	43.399
0.758	38.299
0.813	41.331
0.777	39.078
0.88	57.0
0.719	33.828
0.733	35.214
0.757	38.296
0.808	40.954
0.73	34.886
0.799	39.496
0.871	51.915
0.845	45.653
0.856	50.115
0.87	51.618
0.853	46.472
0.84	44.57
0.764	38.687
0.851	46.076
0.812	41.33
0.836	43.925
0.826	43.869
0.824	43.859
0.815	43.399
0.813	41.331
0.776	39.077
0.795	39.386
0.76	38.597
0.817	43.741
