P=? [ F (x=9&y=9&crashed=0) ]	R{"cost"}=? [ C<=100 ]
0.702	28.71
0.872	57.401
0.702	28.71
0.872	57.401
0.727	29.286
0.74	32.678
0.855	50.8
0.871	52.284
0.854	46.638
0.839	44.652
0.826	43.79
0.818	43.768
0.727	29.286
0.852	46.195
0.837	44.008
0.861	51.41
0.87	51.711
0.768	36.696
0.815	42.238
0.795	38.098
0.747	32.722
0.786	38.036
0.852	46.195
0.766	34.048
0.767	35.332
0.804	39.397
0.797	38.431
0.764	33.722
0.777	37.8
0.767	35.332
0.784	37.821
0.757	33.66
0.861	51.41
0.797	38.431
0.753	33.278
0.811	41.258
0.807	40.282
0.804	39.397
0.747	32.722
0.807	40.282
0.811	41.258
0.753	33.278
0.813	42.045
0.853	46.55
0.871	52.284
0.771	36.955
0.815	42.238
0.812	41.561
0.775	37.482
0.772	37.183
0.774	37.254
0.755	33.497
0.818	43.768
0.805	39.735
0.806	39.945
0.755	33.497
0.766	34.048
0.838	44.331
0.838	44.331
0.775	37.482
0.812	41.561
0.87	51.711
0.771	36.955
0.768	36.696
0.764	33.722
0.757	33.66
0.795	38.098
0.786	38.036
0.837	44.008
0.806	39.945
0.805	39.735
0.813	42.045
0.784	37.821
0.777	37.8
0.854	46.638
0.774	37.254
0.772	37.183
0.872	57.401
0.702	28.71
0.727	29.286
0.852	46.195
0.767	35.332
0.861	51.41
0.797	38.431
0.804	39.397
0.747	32.722
0.807	40.282
0.811	41.258
0.753	33.278
0.871	52.284
0.815	42.238
0.818	43.768
0.755	33.497
0.766	34.048
0.838	44.331
0.775	37.482
0.812	41.561
0.87	51.711
0.771	36.955
0.768	36.696
