P=? [ F (x=9&y=9&crashed=0) ]	R{"cost"}=? [ C<=100 ]
0.706	31.265
0.872	52.494
0.706	31.265
0.872	52.494
0.753	33.819
0.707	31.303
0.86	50.478
0.856	47.354
0.84	45.988
0.753	33.819
0.707	31.303
0.796	38.597
0.836	43.872
0.824	41.689
0.838	44.329
0.806	39.497
0.785	36.379
0.836	43.872
0.824	41.689
0.787	37.088
0.796	38.597
0.851	46.096
0.817	40.536
0.787	37.088
0.817	40.536
0.806	39.497
0.768	34.84
0.871	52.351
0.864	51.498
0.803	39.02
0.769	35.064
0.871	52.351
0.864	51.498
0.765	34.518
0.76	34.442
0.856	47.354
0.855	46.986
0.852	46.238
0.863	51.356
0.775	35.373
0.822	41.145
0.855	46.986
0.786	36.985
0.862	50.903
0.803	39.02
0.759	34.156
0.781	35.844
0.756	33.892
0.805	39.122
0.777	35.417
0.775	35.373
0.781	35.844
0.862	50.903
0.822	41.145
0.819	40.733
0.823	41.545
0.819	40.733
0.852	46.238
0.838	44.329
0.779	35.783
0.765	34.518
0.756	33.892
0.769	35.064
0.759	34.156
0.837	44.068
0.84	45.988
0.837	44.068
0.777	35.417
0.818	40.589
0.823	41.545
0.779	35.783
0.851	46.096
0.786	36.985
0.805	39.122
0.76	34.442
0.818	40.589
0.78	35.794
0.78	35.794
0.706	31.265
0.872	52.494
0.753	33.819
0.707	31.303
0.824	41.689
0.796	38.597
0.787	37.088
0.817	40.536
0.806	39.497
0.871	52.351
0.864	51.498
0.856	47.354
0.855	46.986
0.769	35.064
0.803	39.02
0.862	50.903
0.822	41.145
0.819	40.733
0.838	44.329
0.759	34.156
0.84	45.988
0.777	35.417
