P=? [ F (x=9&y=9&crashed=0) ]	R{"cost"}=? [ C<=100 ]
0.726	28.937
0.871	51.895
0.726	28.937
0.871	51.895
0.854	51.223
0.853	46.448
0.733	30.151
0.753	33.134
0.753	33.134
0.733	30.151
0.807	40.575
0.853	46.448
0.836	43.718
0.836	43.718
0.82	41.059
0.769	34.383
0.806	39.578
0.783	36.738
0.78	36.11
0.769	34.383
0.796	38.118
0.78	36.11
0.824	41.863
0.833	43.2
0.833	43.2
0.824	41.863
0.792	37.566
0.754	33.143
0.763	33.364
0.783	36.738
0.802	38.778
0.729	29.269
0.804	38.885
0.792	37.566
0.802	38.778
0.854	51.223
0.781	36.163
0.731	29.809
0.768	33.89
0.729	29.269
0.82	41.059
0.807	40.575
0.823	41.68
0.821	41.242
0.821	41.242
0.793	37.583
0.823	41.68
0.835	43.709
0.834	43.371
0.795	38.077
0.794	37.749
0.732	29.851
0.804	38.885
0.763	33.364
0.765	33.589
0.754	33.143
0.764	33.368
0.781	36.163
0.731	29.809
0.834	43.371
0.768	33.89
0.767	33.722
0.794	37.749
0.766	33.721
0.765	33.589
0.732	29.851
0.795	38.077
0.835	43.709
0.764	33.368
0.767	33.722
0.766	33.721
0.871	51.895
0.726	28.937
0.753	33.134
0.733	30.151
0.853	46.448
0.769	34.383
0.78	36.11
0.833	43.2
0.824	41.863
0.783	36.738
0.792	37.566
0.802	38.778
0.854	51.223
0.729	29.269
0.82	41.059
0.807	40.575
0.821	41.242
0.823	41.68
0.804	38.885
0.763	33.364
0.754	33.143
0.781	36.163
0.731	29.809
0.834	43.371
0.768	33.89
0.794	37.749
0.765	33.589
0.732	29.851
0.795	38.077
