P=? [ F (x=9&y=9&crashed=0) ]	R{"cost"}=? [ C<=100 ]
0.727	34.287
0.881	62.392
0.881	62.392
0.727	34.287
0.872	52.207
0.778	36.465
0.755	35.281
0.856	49.298
0.747	34.474
0.729	34.299
0.855	46.837
0.786	39.063
0.785	36.933
0.834	43.761
0.823	41.72
0.823	41.72
0.834	43.761
0.862	51.063
0.856	49.298
0.816	41.121
0.798	39.38
0.872	52.207
0.864	51.365
0.778	36.465
0.808	40.94
0.845	45.715
0.839	44.491
0.803	40.707
0.839	44.491
0.755	35.281
0.871	52.176
0.85	45.978
0.787	39.096
0.845	45.715
0.862	51.063
0.793	39.103
0.838	44.2
0.871	52.176
0.864	51.365
0.837	43.821
0.854	46.807
0.852	46.067
0.799	40.044
0.8	40.05
0.803	40.707
0.846	45.743
0.794	39.126
0.807	40.918
0.748	34.493
0.752	34.885
0.78	36.486
0.835	43.784
0.752	34.885
0.748	34.493
0.754	35.271
0.753	34.9
0.8	40.05
0.729	34.299
0.821	41.633
0.82	41.302
0.782	36.766
0.782	36.766
0.863	51.091
0.794	39.126
0.784	36.876
0.846	45.743
0.854	46.807
0.807	40.918
0.852	46.067
0.78	36.486
0.808	40.94
0.747	34.474
0.783	36.862
0.851	46.043
0.818	41.236
0.817	41.175
0.785	36.933
0.817	41.175
0.822	41.667
0.819	41.271
0.818	41.236
0.822	41.667
0.821	41.633
0.786	39.063
0.82	41.302
0.819	41.271
0.855	46.837
0.863	51.091
0.851	46.043
0.753	34.9
0.783	36.862
0.754	35.271
0.793	39.103
0.787	39.096
0.799	40.044
0.727	34.287
0.823	41.72
0.834	43.761
0.856	49.298
0.872	52.207
