P=? [ F (x=9&y=9&crashed=0) ]	R{"cost"}=? [ C<=100 ]
0.801	27.556
0.923	44.962
0.801	27.556
0.923	44.962
0.802	27.626
0.842	27.83
0.916	43.874
0.894	38.066
0.906	40.114
0.857	29.203
0.874	32.276
0.889	35.16
0.857	29.203
0.874	32.276
0.882	33.09
0.916	43.874
0.901	39.363
0.906	40.114
0.879	32.668
0.899	38.466
0.883	34.211
0.852	28.478
0.848	28.146
0.889	35.16
0.855	29.145
0.895	38.385
0.919	44.554
0.843	27.841
0.849	28.44
0.885	34.768
0.883	34.211
0.902	39.696
0.92	44.57
0.876	32.378
0.855	29.145
0.852	28.478
0.848	28.146
0.843	27.841
0.92	44.57
0.919	44.554
0.876	32.378
0.886	34.771
0.887	34.899
0.887	34.899
0.899	38.466
0.842	27.83
0.802	27.626
0.905	39.921
0.904	39.892
0.903	39.721
0.885	34.768
0.875	32.277
0.895	38.385
0.849	28.44
0.905	39.921
0.904	39.892
0.903	39.721
0.875	32.277
0.801	27.556
0.923	44.962
0.857	29.203
0.874	32.276
0.916	43.874
0.906	40.114
0.889	35.16
0.883	34.211
0.855	29.145
0.852	28.478
0.903	39.721
0.848	28.146
0.843	27.841
0.92	44.57
0.919	44.554
0.876	32.378
0.887	34.899
0.842	27.83
0.802	27.626
0.885	34.768
0.895	38.385
0.849	28.44
0.905	39.921
0.904	39.892
0.875	32.277
0.801	27.556
0.923	44.962
0.857	29.203
0.874	32.276
0.916	43.874
0.906	40.114
0.889	35.16
0.883	34.211
0.855	29.145
0.852	28.478
0.848	28.146
0.843	27.841
0.92	44.57
0.919	44.554
0.876	32.378
0.887	34.899
0.885	34.768
