P=? [ F (x=9&y=9&crashed=0) ]	R{"cost"}=? [ C<=100 ]
0.658	27.14
0.937	51.342
0.937	51.342
0.658	27.14
0.668	27.313
0.796	27.509
0.935	50.888
0.928	46.274
0.911	45.047
0.91	41.179
0.861	29.636
0.862	32.908
0.892	36.124
0.899	39.255
0.854	28.811
0.829	28.451
0.807	28.375
0.888	35.873
0.826	28.408
0.886	34.331
0.912	45.273
0.925	45.739
0.805	27.98
0.668	27.313
0.928	46.274
0.87	33.085
0.907	40.529
0.903	39.787
0.892	36.124
0.797	27.57
0.863	33.049
0.858	29.232
0.881	33.686
0.871	33.314
0.899	39.255
0.903	39.787
0.855	29.174
0.829	28.451
0.874	33.493
0.805	27.98
0.886	34.331
0.925	45.739
0.912	45.273
0.91	41.179
0.909	40.73
0.797	27.57
0.861	29.636
0.885	33.931
0.854	28.811
0.927	45.939
0.902	39.488
0.89	35.922
0.881	33.686
0.907	40.529
0.936	51.146
0.858	29.232
0.911	45.047
0.826	28.408
0.796	27.509
0.909	40.73
0.908	40.534
0.936	51.146
0.927	45.939
0.926	45.744
0.874	33.493
0.902	39.488
0.901	39.303
0.885	33.931
0.884	33.747
0.873	33.487
0.862	32.908
0.89	35.922
0.888	35.873
0.807	28.375
0.873	33.487
0.883	33.743
0.855	29.174
0.883	33.743
0.9	39.298
0.87	33.085
0.863	33.049
0.926	45.744
0.908	40.534
0.901	39.303
0.9	39.298
0.884	33.747
0.937	51.342
0.658	27.14
0.668	27.313
0.928	46.274
0.899	39.255
0.903	39.787
0.829	28.451
0.805	27.98
0.886	34.331
0.925	45.739
0.912	45.273
0.91	41.179
0.797	27.57
0.861	29.636
