P=? [ F (x=9&y=9&crashed=0) ]	R{"cost"}=? [ C<=100 ]
0.932	50.395
0.654	23.19
0.932	50.395
0.654	23.19
0.833	32.266
0.684	27.274
0.741	27.365
0.667	27.123
0.741	27.365
0.796	27.508
0.816	27.546
0.923	49.182
0.905	43.129
0.922	45.348
0.873	32.277
0.904	40.139
0.818	30.14
0.891	37.886
0.888	35.622
0.916	44.01
0.819	30.164
0.796	27.508
0.684	27.274
0.667	27.123
0.819	30.164
0.833	32.266
0.93	49.681
0.905	43.129
0.894	38.543
0.919	44.016
0.928	49.277
0.88	33.11
0.893	37.892
0.885	35.059
0.883	34.348
0.904	40.139
0.903	39.452
0.882	33.778
0.883	34.348
0.882	33.778
0.902	39.375
0.901	38.738
0.92	44.635
0.877	32.987
0.876	32.368
0.922	45.348
0.921	44.73
0.888	35.622
0.931	49.992
0.886	35.344
0.885	35.059
0.931	49.992
0.897	38.548
0.886	35.344
0.9	38.661
0.891	37.886
0.897	38.548
0.928	49.277
0.875	32.284
0.88	33.11
0.878	33.035
0.816	27.546
0.818	30.14
0.9	38.661
0.873	32.277
0.921	44.73
0.923	49.182
0.92	44.635
0.876	32.368
0.903	39.452
0.901	38.738
0.902	39.375
0.878	33.035
0.877	32.987
0.875	32.284
0.919	44.016
0.893	37.892
0.894	38.543
0.932	50.395
0.654	23.19
0.741	27.365
0.796	27.508
0.684	27.274
0.667	27.123
0.819	30.164
0.833	32.266
0.905	43.129
0.904	40.139
0.883	34.348
0.882	33.778
0.922	45.348
0.885	35.059
0.931	49.992
0.886	35.344
0.891	37.886
0.897	38.548
0.928	49.277
0.88	33.11
0.816	27.546
0.9	38.661
