P=? [ F (x=9&y=9&crashed=0) ]	R{"cost"}=? [ C<=100 ]
0.695	23.039
0.936	50.669
0.936	50.669
0.695	23.039
0.705	24.484
0.782	27.382
0.829	28.079
0.9	39.346
0.782	27.382
0.93	50.067
0.927	45.669
0.891	35.862
0.705	24.484
0.803	28.0
0.851	28.108
0.91	43.817
0.909	40.909
0.802	27.659
0.92	44.918
0.911	44.568
0.875	32.692
0.701	23.083
0.866	31.294
0.861	29.636
0.888	35.291
0.886	34.079
0.935	50.471
0.863	30.737
0.891	35.862
0.866	31.294
0.902	39.86
0.875	32.692
0.853	28.796
0.91	43.817
0.924	45.474
0.907	40.263
0.93	50.067
0.858	29.198
0.856	28.818
0.863	30.737
0.861	29.636
0.858	29.198
0.883	33.68
0.902	39.86
0.877	32.695
0.7	23.074
0.864	31.19
0.909	40.909
0.908	40.46
0.881	33.256
0.88	33.071
0.907	40.263
0.924	45.474
0.927	45.669
0.88	33.071
0.701	23.083
0.911	44.568
0.883	33.68
0.888	35.291
0.886	34.079
0.881	33.256
0.885	33.894
0.802	27.659
0.926	45.519
0.89	35.738
0.889	35.492
0.877	32.695
0.885	33.894
0.889	35.492
0.908	40.46
0.851	28.108
0.856	28.818
0.853	28.796
0.89	35.738
0.865	31.211
0.803	28.0
0.926	45.519
0.7	23.074
0.865	31.211
0.864	31.19
0.936	50.669
0.695	23.039
0.782	27.382
0.705	24.484
0.891	35.862
0.866	31.294
0.875	32.692
0.91	43.817
0.93	50.067
0.863	30.737
0.861	29.636
0.858	29.198
0.902	39.86
0.909	40.909
0.907	40.263
0.924	45.474
0.88	33.071
0.886	34.079
0.802	27.659
0.877	32.695
