P=? [ F (x=9&y=9&crashed=0) ]	R{"cost"}=? [ C<=100 ]
0.925	45.48
0.781	27.285
0.781	27.285
0.925	45.48
0.818	27.582
0.783	27.43
0.844	31.037
0.907	43.272
0.906	40.329
0.894	37.964
0.888	35.188
0.877	32.474
0.923	45.186
0.861	32.185
0.908	43.427
0.923	45.186
0.841	29.367
0.908	43.427
0.856	31.961
0.902	39.685
0.856	31.961
0.844	31.037
0.898	38.531
0.882	34.141
0.881	33.152
0.828	28.452
0.898	38.531
0.888	35.188
0.894	37.964
0.821	27.741
0.902	39.685
0.833	28.667
0.879	32.672
0.886	34.759
0.828	28.452
0.837	29.034
0.835	28.707
0.839	29.349
0.837	29.034
0.877	32.474
0.821	27.741
0.818	27.582
0.88	33.068
0.904	39.896
0.824	28.105
0.897	38.184
0.887	35.105
0.825	28.107
0.833	28.667
0.859	32.031
0.884	34.549
0.861	32.185
0.783	27.43
0.841	29.367
0.825	28.107
0.824	28.105
0.905	40.141
0.883	34.378
0.882	34.141
0.904	39.896
0.886	34.759
0.884	34.549
0.879	32.672
0.906	40.329
0.905	40.141
0.883	34.378
0.835	28.707
0.907	43.272
0.839	29.349
0.896	38.166
0.895	38.037
0.881	33.152
0.88	33.068
0.887	35.105
0.86	32.106
0.86	32.106
0.895	38.037
0.859	32.031
0.897	38.184
0.896	38.166
0.925	45.48
0.781	27.285
0.923	45.186
0.908	43.427
0.856	31.961
0.844	31.037
0.898	38.531
0.888	35.188
0.894	37.964
0.902	39.685
0.828	28.452
0.837	29.034
0.821	27.741
0.818	27.582
0.833	28.667
0.861	32.185
0.783	27.43
0.841	29.367
0.825	28.107
0.824	28.105
