P=? [ F (x=9&y=9&crashed=0) ]	R{"cost"}=? [ C<=100 ]
0.822	48.171
0.688	26.699
0.822	48.171
0.688	26.699
0.813	47.159
0.812	44.412
0.771	37.08
0.759	34.455
0.794	41.946
0.79	39.343
0.715	28.643
0.729	31.989
0.759	34.455
0.771	37.08
0.7	27.48
0.747	33.435
0.754	33.535
0.738	32.193
0.692	27.203
0.715	28.643
0.723	30.85
0.722	29.738
0.708	28.296
0.721	29.629
0.703	28.02
0.819	47.467
0.721	29.629
0.799	42.881
0.773	37.364
0.805	43.448
0.79	39.343
0.809	43.738
0.724	31.064
0.81	43.924
0.803	43.012
0.701	27.831
0.784	38.271
0.777	37.457
0.727	31.572
0.728	31.765
0.755	33.622
0.746	33.225
0.794	41.946
0.743	32.93
0.707	28.256
0.789	39.155
0.788	38.704
0.758	34.402
0.757	33.955
0.772	37.081
0.725	31.337
0.74	32.201
0.691	27.163
0.786	38.448
0.781	37.982
0.726	31.345
0.795	41.995
0.689	26.903
0.821	47.99
0.82	47.619
0.738	32.193
0.702	27.921
0.708	28.296
0.779	37.56
0.798	42.568
0.756	33.934
0.819	47.467
0.813	47.159
0.811	44.223
0.746	33.225
0.743	32.93
0.809	43.738
0.805	43.448
0.741	32.479
0.7	27.48
0.692	27.203
0.804	43.175
0.787	38.703
0.777	37.457
0.783	38.183
0.742	32.723
0.741	32.479
0.78	37.739
0.707	28.256
0.69	26.927
0.723	30.85
0.797	42.389
0.796	42.176
0.742	32.723
0.783	38.183
0.781	37.982
0.811	44.223
0.812	44.412
0.789	39.155
0.796	42.176
0.821	47.99
0.798	42.568
0.78	37.739
0.797	42.389
0.786	38.448
