P=? [ F (x=9&y=9&crashed=0) ]	R{"cost"}=? [ C<=100 ]
0.895	58.311
0.684	30.945
0.895	58.311
0.684	30.945
0.688	32.894
0.795	34.956
0.887	57.806
0.886	53.145
0.877	52.199
0.876	48.239
0.847	41.616
0.846	38.189
0.795	34.956
0.688	32.894
0.84	37.417
0.861	45.921
0.822	37.365
0.81	36.555
0.86	43.954
0.865	46.606
0.821	37.33
0.809	35.613
0.821	37.33
0.81	36.555
0.8	34.959
0.858	43.37
0.805	35.5
0.861	45.921
0.86	43.954
0.843	37.722
0.85	42.137
0.848	41.625
0.887	57.806
0.858	43.37
0.876	48.239
0.875	47.751
0.855	42.904
0.802	35.186
0.872	47.392
0.802	35.186
0.845	38.154
0.868	47.035
0.881	52.846
0.843	37.722
0.868	47.035
0.879	52.567
0.805	35.5
0.856	43.011
0.872	47.392
0.874	47.74
0.884	53.085
0.883	52.905
0.851	42.302
0.85	42.137
0.879	52.567
0.841	37.445
0.854	42.654
0.878	52.321
0.853	42.547
0.851	42.302
0.853	42.547
0.856	43.011
0.87	47.167
0.881	52.846
0.845	38.154
0.841	37.445
0.87	47.167
0.874	47.74
0.848	41.625
0.8	34.959
0.878	52.321
0.877	52.199
0.869	47.156
0.809	35.613
0.854	42.654
0.886	53.145
0.884	53.085
0.883	52.905
0.822	37.365
0.846	38.189
0.869	47.156
0.875	47.751
0.847	41.616
0.684	30.945
0.895	58.311
0.795	34.956
0.688	32.894
0.821	37.33
0.81	36.555
0.861	45.921
0.86	43.954
0.858	43.37
0.876	48.239
0.856	43.011
0.802	35.186
0.843	37.722
0.868	47.035
0.805	35.5
0.872	47.392
0.85	42.137
