P=? [ F (x=9&y=9&crashed=0) ]	R{"cost"}=? [ C<=100 ]
0.88	52.724
0.618	30.518
0.88	52.724
0.679	30.838
0.811	39.393
0.75	34.972
0.8	34.996
0.858	43.129
0.724	31.152
0.861	46.287
0.879	52.292
0.876	48.641
0.809	36.351
0.742	34.63
0.691	30.888
0.741	32.718
0.832	39.954
0.842	42.029
0.737	32.667
0.83	39.733
0.808	36.097
0.724	31.152
0.679	30.838
0.691	30.888
0.737	32.667
0.861	46.287
0.869	47.143
0.832	39.954
0.871	47.679
0.803	35.301
0.869	47.143
0.842	42.029
0.853	42.424
0.875	48.211
0.803	35.301
0.75	34.972
0.879	52.292
0.876	48.641
0.875	48.211
0.843	42.03
0.847	42.174
0.87	47.573
0.853	42.424
0.852	42.334
0.83	39.733
0.811	39.393
0.847	42.174
0.809	36.351
0.8	34.996
0.852	42.334
0.87	47.573
0.741	32.718
0.88	52.724
0.724	31.152
0.679	30.838
0.691	30.888
0.809	36.351
0.737	32.667
0.861	46.287
0.869	47.143
0.842	42.029
0.875	48.211
0.87	47.573
0.75	34.972
0.879	52.292
0.876	48.641
0.853	42.424
0.83	39.733
0.811	39.393
0.847	42.174
0.8	34.996
0.852	42.334
0.741	32.718
0.88	52.724
0.679	30.838
0.724	31.152
0.691	30.888
0.737	32.667
0.809	36.351
0.861	46.287
0.842	42.029
0.75	34.972
0.879	52.292
0.876	48.641
0.875	48.211
0.87	47.573
0.853	42.424
0.847	42.174
0.83	39.733
0.811	39.393
0.8	34.996
0.741	32.718
0.88	52.724
0.679	30.838
0.691	30.888
0.737	32.667
0.842	42.029
0.861	46.287
0.75	34.972
0.879	52.292
