P=? [ F (x=9&y=9&crashed=0) ]	R{"cost"}=? [ C<=100 ]
0.89	58.121
0.745	37.852
0.745	37.852
0.89	58.121
0.882	57.544
0.881	52.879
0.75	37.91
0.88	52.378
0.879	48.828
0.768	39.347
0.857	45.573
0.814	42.511
0.841	43.661
0.841	43.661
0.857	45.573
0.829	42.532
0.768	39.347
0.871	47.682
0.863	46.205
0.889	57.62
0.871	47.682
0.803	41.415
0.774	39.937
0.783	40.413
0.863	46.205
0.795	40.99
0.795	40.99
0.789	40.861
0.783	40.413
0.788	40.47
0.809	41.732
0.811	42.204
0.838	43.57
0.805	41.694
0.773	39.85
0.874	48.038
0.835	43.137
0.803	41.415
0.879	48.828
0.773	39.85
0.878	48.325
0.881	52.879
0.88	52.378
0.774	39.937
0.811	42.204
0.877	48.162
0.86	45.937
0.874	48.038
0.835	43.137
0.838	43.57
0.833	43.026
0.831	42.58
0.859	45.919
0.814	42.511
0.862	46.047
0.832	42.802
0.832	42.802
0.809	41.732
0.805	41.694
0.878	48.325
0.829	42.532
0.859	45.919
0.789	40.861
0.877	48.162
0.833	43.026
0.862	46.047
0.889	57.62
0.882	57.544
0.788	40.47
0.831	42.58
0.89	58.121
0.841	43.661
0.768	39.347
0.871	47.682
0.863	46.205
0.795	40.99
0.783	40.413
0.803	41.415
0.879	48.828
0.773	39.85
0.881	52.879
0.88	52.378
0.774	39.937
0.811	42.204
0.874	48.038
0.835	43.137
0.838	43.57
0.832	42.802
0.809	41.732
0.805	41.694
0.859	45.919
0.878	48.325
0.829	42.532
0.877	48.162
0.833	43.026
0.862	46.047
0.889	57.62
0.882	57.544
0.788	40.47
0.831	42.58
