P=? [ F (x=9&y=9&crashed=0) ]	R{"cost"}=? [ C<=100 ]
0.72	33.393
0.845	64.401
0.845	64.401
0.72	33.393
0.828	54.079
0.836	59.21
0.837	59.442
0.741	33.797
0.722	33.447
0.814	52.659
0.803	46.879
0.79	43.871
0.828	54.079
0.803	46.879
0.79	43.871
0.745	34.489
0.747	37.077
0.77	41.613
0.767	39.108
0.76	37.657
0.75	37.337
0.813	52.386
0.811	50.193
0.808	49.479
0.837	59.442
0.836	59.21
0.806	47.616
0.779	42.136
0.772	41.872
0.814	52.659
0.779	42.136
0.784	42.443
0.767	39.108
0.785	42.642
0.81	49.716
0.811	50.193
0.804	47.326
0.745	34.489
0.77	41.613
0.722	33.447
0.806	47.616
0.813	52.386
0.808	49.479
0.748	37.115
0.743	34.026
0.741	33.797
0.76	37.657
0.75	37.337
0.784	42.443
0.765	38.652
0.764	38.35
0.763	38.194
0.786	42.941
0.762	37.895
0.747	37.077
0.789	43.603
0.788	43.319
0.805	47.342
0.789	43.603
0.766	38.841
0.772	41.872
0.743	34.026
0.81	49.716
0.761	37.89
0.742	34.018
0.788	43.319
0.787	43.105
0.766	38.841
0.765	38.652
0.771	41.801
0.749	37.297
0.787	43.105
0.786	42.941
0.764	38.35
0.763	38.194
0.771	41.801
0.749	37.297
0.805	47.342
0.742	34.018
0.762	37.895
0.761	37.89
0.72	33.393
0.828	54.079
0.803	46.879
0.79	43.871
0.837	59.442
0.836	59.21
0.814	52.659
0.779	42.136
0.767	39.108
0.811	50.193
0.745	34.489
0.722	33.447
0.806	47.616
0.813	52.386
0.808	49.479
0.747	37.077
0.741	33.797
0.76	37.657
0.789	43.603
