P=? [ F (x=9&y=9&crashed=0) ]	R{"cost"}=? [ C<=100 ]
0.794	53.424
0.594	28.214
0.594	28.214
0.794	53.424
0.786	48.552
0.762	43.542
0.768	46.855
0.611	29.193
0.743	41.873
0.741	39.278
0.616	31.544
0.632	31.773
0.618	31.737
0.77	47.667
0.701	36.548
0.783	48.039
0.7	34.972
0.678	33.519
0.646	32.117
0.671	32.801
0.66	32.696
0.645	31.883
0.689	33.605
0.634	31.827
0.752	42.973
0.758	43.09
0.768	46.855
0.786	48.552
0.611	29.193
0.709	37.244
0.595	28.241
0.604	28.471
0.715	37.323
0.694	33.821
0.654	32.418
0.762	43.542
0.698	34.542
0.616	31.544
0.722	37.547
0.674	32.993
0.739	38.98
0.606	28.571
0.769	47.459
0.695	34.275
0.689	33.605
0.606	28.571
0.738	38.529
0.73	38.234
0.717	37.515
0.745	42.042
0.699	34.955
0.75	42.706
0.728	37.913
0.672	32.826
0.655	32.478
0.746	42.474
0.659	32.682
0.677	33.439
0.707	36.915
0.76	43.338
0.735	38.374
0.783	48.039
0.77	47.667
0.697	34.329
0.741	39.278
0.676	33.254
0.75	42.706
0.76	43.338
0.733	38.306
0.617	31.73
0.716	37.459
0.706	36.769
0.785	48.247
0.654	32.418
0.743	41.873
0.724	37.693
0.728	37.913
0.726	37.768
0.747	42.488
0.703	36.602
0.74	39.046
0.604	28.471
0.595	28.241
0.675	33.219
0.747	42.488
0.694	33.821
0.708	37.033
0.769	47.459
0.659	32.682
0.655	32.478
0.726	37.768
0.724	37.693
0.733	38.306
0.73	38.234
0.703	36.602
0.736	38.427
0.784	48.214
0.745	42.042
0.705	36.728
0.722	37.547
