P=? [ F (x=9&y=9&crashed=0) ]	R{"cost"}=? [ C<=100 ]
0.584	28.408
0.778	51.349
0.584	28.408
0.778	51.349
0.615	28.692
0.771	47.312
0.762	43.488
0.766	46.983
0.742	39.234
0.745	42.147
0.638	32.167
0.722	37.441
0.694	33.836
0.673	32.835
0.68	33.704
0.659	32.696
0.653	32.406
0.703	36.633
0.701	35.102
0.736	38.308
0.629	30.914
0.623	29.632
0.638	32.167
0.713	37.296
0.615	28.692
0.629	30.914
0.623	29.632
0.626	30.246
0.771	47.312
0.707	37.087
0.76	43.247
0.751	42.294
0.742	39.234
0.73	38.266
0.712	37.115
0.762	43.488
0.628	30.801
0.746	42.18
0.657	32.539
0.654	32.409
0.697	34.295
0.7	35.079
0.699	34.618
0.738	38.763
0.739	38.785
0.677	33.517
0.679	33.533
0.767	47.036
0.766	46.983
0.729	38.183
0.625	30.016
0.726	37.79
0.706	36.736
0.726	37.79
0.625	30.016
0.705	36.651
0.752	42.316
0.675	33.201
0.727	37.807
0.675	33.201
0.759	42.944
0.758	42.894
0.755	42.788
0.767	47.036
0.658	32.545
0.745	42.147
0.739	38.785
0.653	32.406
0.695	34.072
0.754	42.746
0.753	42.513
0.628	30.801
0.698	34.509
0.728	37.985
0.753	42.513
0.674	33.008
0.728	37.985
0.674	33.008
0.696	34.146
0.713	37.296
0.701	35.102
0.738	38.763
0.673	32.835
0.659	32.696
0.703	36.633
0.677	33.517
0.694	33.836
0.68	33.704
0.746	42.18
0.699	34.618
0.698	34.509
0.758	42.894
0.755	42.788
0.706	36.736
0.696	34.146
0.695	34.072
0.759	42.944
0.73	38.266
0.754	42.746
0.712	37.115
