P=? [ F (x=9&y=9&crashed=0) ]	R{"cost"}=? [ C<=100 ]
0.817	64.684
0.682	35.269
0.682	35.269
0.817	64.684
0.81	58.427
0.8	52.941
0.785	48.698
0.801	56.888
0.718	37.73
0.769	46.603
0.762	43.439
0.81	58.427
0.705	37.69
0.786	51.264
0.726	41.442
0.737	41.538
0.722	39.452
0.69	36.62
0.724	41.184
0.719	38.95
0.754	42.971
0.802	56.976
0.69	36.62
0.779	48.12
0.802	56.976
0.769	46.603
0.762	43.439
0.787	51.443
0.755	43.12
0.793	52.68
0.787	51.443
0.794	52.796
0.793	52.68
0.748	42.806
0.761	43.416
0.772	47.353
0.7	37.631
0.747	42.772
0.705	37.69
0.697	37.412
0.697	37.412
0.743	42.617
0.778	47.665
0.776	47.492
0.722	39.452
0.693	36.978
0.779	48.12
0.74	42.292
0.739	41.733
0.719	38.95
0.7	37.631
0.771	46.906
0.693	36.978
0.724	41.184
0.692	36.941
0.761	43.416
0.755	43.12
0.692	36.941
0.786	51.264
0.771	46.906
0.77	46.731
0.748	42.806
0.743	42.617
0.8	52.941
0.794	52.796
0.739	41.733
0.738	41.588
0.742	42.474
0.725	41.303
0.776	47.492
0.772	47.353
0.77	46.731
0.725	41.303
0.742	42.474
0.741	42.373
0.737	41.538
0.726	41.442
0.777	47.576
0.801	56.888
0.777	47.576
0.741	42.373
0.74	42.292
0.738	41.588
0.718	37.73
0.817	64.684
0.682	35.269
0.81	58.427
0.69	36.62
0.802	56.976
0.769	46.603
0.762	43.439
0.787	51.443
0.793	52.68
0.705	37.69
0.697	37.412
0.722	39.452
0.779	48.12
0.7	37.631
0.693	36.978
0.724	41.184
