P=? [ F (x=9&y=9&crashed=0) ]	R{"cost"}=? [ C<=100 ]
0.785	52.48
0.576	27.878
0.576	27.878
0.785	52.48
0.771	47.445
0.759	42.952
0.771	47.445
0.75	42.09
0.74	39.198
0.774	49.31
0.782	51.91
0.631	31.603
0.616	29.257
0.631	31.603
0.699	34.635
0.7	36.374
0.591	27.93
0.659	32.694
0.772	49.048
0.616	29.257
0.692	33.625
0.759	42.952
0.74	39.198
0.635	32.128
0.671	32.79
0.61	29.183
0.597	28.505
0.679	33.53
0.647	32.266
0.774	49.31
0.75	42.09
0.61	29.183
0.721	37.29
0.782	51.91
0.654	32.414
0.73	38.15
0.714	37.225
0.752	42.35
0.709	37.19
0.597	28.505
0.696	34.314
0.695	33.856
0.648	32.29
0.713	37.196
0.757	42.548
0.739	38.707
0.656	32.669
0.593	28.134
0.735	38.249
0.677	33.529
0.593	28.134
0.634	31.929
0.614	29.193
0.751	42.113
0.758	42.577
0.596	28.503
0.728	38.009
0.784	52.115
0.727	37.771
0.706	36.85
0.634	31.929
0.783	51.94
0.694	33.818
0.701	36.396
0.725	37.768
0.705	36.849
0.674	33.07
0.772	49.048
0.729	38.022
0.673	32.939
0.654	32.414
0.709	37.19
0.596	28.503
0.706	36.85
0.676	33.32
0.675	33.087
0.739	38.707
0.738	38.475
0.698	34.573
0.697	34.354
0.671	32.79
0.679	33.53
0.676	33.32
0.757	42.548
0.752	42.35
0.784	52.115
0.737	38.432
0.736	38.261
0.591	27.93
0.724	37.607
0.724	37.607
0.723	37.449
0.704	36.691
0.673	32.939
0.702	36.542
0.656	32.669
0.693	33.678
0.647	32.266
0.635	32.128
0.722	37.426
