P=? [ F (x=9&y=9&crashed=0) ]	R{"cost"}=? [ C<=100 ]
0.75	29.24
0.81	39.719
0.81	39.719
0.75	29.24
0.794	38.241
0.765	33.727
0.755	30.115
0.787	35.203
0.766	33.88
0.778	33.946
0.755	30.115
0.803	38.571
0.787	35.203
0.784	34.736
0.783	34.37
0.781	34.331
0.78	33.981
0.786	34.874
0.803	38.571
0.754	30.052
0.753	29.739
0.806	39.066
0.805	38.757
0.807	39.375
0.806	39.066
0.751	29.53
0.808	39.456
0.808	39.456
0.778	33.946
0.805	38.757
0.804	38.586
0.786	34.874
0.784	34.736
0.752	29.637
0.751	29.53
0.753	29.739
0.752	29.637
0.807	39.375
0.766	33.88
0.754	30.052
0.783	34.37
0.781	34.331
0.78	33.981
0.804	38.586
0.81	39.719
0.75	29.24
0.755	30.115
0.787	35.203
0.803	38.571
0.808	39.456
0.778	33.946
0.766	33.88
0.805	38.757
0.786	34.874
0.784	34.736
0.751	29.53
0.753	29.739
0.752	29.637
0.807	39.375
0.754	30.052
0.783	34.37
0.781	34.331
0.78	33.981
0.804	38.586
0.81	39.719
0.75	29.24
0.755	30.115
0.787	35.203
0.808	39.456
0.778	33.946
0.786	34.874
0.784	34.736
0.751	29.53
0.753	29.739
0.752	29.637
0.807	39.375
0.754	30.052
0.803	38.571
0.783	34.37
0.781	34.331
0.78	33.981
0.804	38.586
0.75	29.24
0.755	30.115
0.787	35.203
0.808	39.456
0.778	33.946
0.786	34.874
0.784	34.736
0.751	29.53
0.753	29.739
0.752	29.637
0.807	39.375
0.754	30.052
0.783	34.37
0.781	34.331
0.78	33.981
0.804	38.586
0.75	29.24
0.755	30.115
