P=? [ F (x=9&y=9&crashed=0) ]	R{"cost"}=? [ C<=100 ]
0.843	64.419
0.777	34.074
0.777	34.074
0.843	64.419
0.804	38.68
0.785	35.296
0.842	60.1
0.818	46.042
0.842	60.1
0.834	54.833
0.824	47.788
0.825	50.639
0.834	54.833
0.804	38.68
0.814	43.195
0.785	35.296
0.809	40.079
0.833	54.205
0.833	54.205
0.827	51.627
0.827	51.627
0.814	43.195
0.809	40.079
0.782	34.6
0.817	44.202
0.824	47.788
0.778	34.118
0.808	39.576
0.816	43.797
0.826	51.403
0.806	39.31
0.806	39.31
0.816	43.797
0.783	35.166
0.782	34.6
0.778	34.118
0.817	44.202
0.826	51.403
0.807	39.526
0.784	35.216
0.784	35.216
0.783	35.166
0.807	39.526
0.777	34.074
0.843	64.419
0.842	60.1
0.834	54.833
0.833	54.205
0.827	51.627
0.814	43.195
0.824	47.788
0.806	39.31
0.816	43.797
0.782	34.6
0.778	34.118
0.826	51.403
0.784	35.216
0.783	35.166
0.777	34.074
0.843	64.419
0.842	60.1
0.834	54.833
0.833	54.205
0.827	51.627
0.814	43.195
0.824	47.788
0.806	39.31
0.816	43.797
0.782	34.6
0.778	34.118
0.826	51.403
0.784	35.216
0.783	35.166
0.777	34.074
0.843	64.419
0.842	60.1
0.834	54.833
0.833	54.205
0.814	43.195
0.824	47.788
0.806	39.31
0.816	43.797
0.782	34.6
0.778	34.118
0.826	51.403
0.784	35.216
0.783	35.166
0.843	64.419
0.777	34.074
0.842	60.1
0.834	54.833
0.784	35.216
0.833	54.205
0.826	51.403
0.814	43.195
0.824	47.788
0.806	39.31
0.782	34.6
0.783	35.166
0.843	64.419
