P=? [ F (x=9&y=9&crashed=0) ]	R{"cost"}=? [ C<=100 ]
0.574	26.853
0.816	45.418
0.816	45.418
0.574	26.853
0.642	27.506
0.748	29.27
0.807	38.955
0.776	33.506
0.757	30.374
0.789	38.396
0.788	35.355
0.582	27.151
0.614	27.417
0.614	27.417
0.641	27.478
0.748	29.27
0.642	27.506
0.757	30.374
0.793	38.854
0.581	26.865
0.807	38.955
0.753	29.909
0.749	29.298
0.784	34.392
0.785	34.836
0.753	29.909
0.755	30.04
0.782	34.264
0.781	34.01
0.749	29.298
0.778	33.76
0.792	38.605
0.779	33.903
0.778	33.76
0.786	35.022
0.785	34.836
0.787	35.194
0.786	35.022
0.788	35.355
0.787	35.194
0.784	34.392
0.782	34.264
0.754	30.036
0.781	34.01
0.779	33.903
0.791	38.545
0.79	38.443
0.793	38.854
0.755	30.04
0.792	38.605
0.791	38.545
0.79	38.443
0.789	38.396
0.581	26.865
0.754	30.036
0.574	26.853
0.816	45.418
0.614	27.417
0.642	27.506
0.757	30.374
0.807	38.955
0.753	29.909
0.749	29.298
0.778	33.76
0.785	34.836
0.786	35.022
0.788	35.355
0.787	35.194
0.784	34.392
0.782	34.264
0.779	33.903
0.793	38.854
0.755	30.04
0.792	38.605
0.791	38.545
0.79	38.443
0.789	38.396
0.754	30.036
0.816	45.418
0.574	26.853
0.642	27.506
0.614	27.417
0.749	29.298
0.757	30.374
0.807	38.955
0.753	29.909
0.778	33.76
0.785	34.836
0.786	35.022
0.788	35.355
0.787	35.194
0.784	34.392
0.782	34.264
0.779	33.903
0.793	38.854
0.755	30.04
0.792	38.605
0.791	38.545
0.79	38.443
0.789	38.396
