P=? [ F (x=9&y=9&crashed=0) ]	R{"cost"}=? [ C<=100 ]
0.899	63.651
0.702	28.252
0.899	63.651
0.702	28.252
0.76	32.04
0.898	63.164
0.889	53.699
0.884	49.543
0.76	32.04
0.885	53.144
0.773	33.191
0.822	38.105
0.855	42.897
0.842	38.166
0.854	39.663
0.791	33.337
0.872	47.736
0.871	44.699
0.805	34.667
0.806	36.603
0.898	63.164
0.875	48.426
0.889	53.699
0.87	44.509
0.884	49.543
0.875	48.426
0.815	37.092
0.864	43.588
0.809	36.933
0.762	32.209
0.801	34.108
0.767	32.457
0.866	44.033
0.873	47.906
0.848	38.771
0.77	32.632
0.888	53.513
0.768	32.462
0.851	39.253
0.847	38.523
0.866	44.033
0.821	37.97
0.861	43.521
0.762	32.209
0.798	33.591
0.804	34.666
0.803	34.44
0.858	43.345
0.792	33.343
0.808	36.932
0.817	37.418
0.772	32.999
0.888	53.513
0.885	53.144
0.772	32.999
0.819	37.652
0.849	38.916
0.77	32.632
0.796	33.425
0.803	34.44
0.874	48.235
0.85	38.943
0.865	43.892
0.846	38.428
0.859	43.377
0.767	32.457
0.799	33.826
0.819	37.652
0.817	37.418
0.796	33.425
0.794	33.373
0.794	33.373
0.807	36.737
0.854	39.663
0.853	39.47
0.857	43.153
0.816	37.226
0.874	48.235
0.871	44.699
0.82	37.837
0.8	33.923
0.853	39.47
0.852	39.293
0.872	47.736
0.798	33.591
0.815	37.092
0.809	36.933
0.845	38.417
0.844	38.262
0.791	33.337
0.865	43.892
0.857	43.153
0.856	43.013
0.807	36.737
0.816	37.226
0.806	36.603
0.82	37.837
0.856	43.013
0.8	33.923
0.799	33.826
