P=? [ F (x=9&y=9&crashed=0) ]	R{"cost"}=? [ C<=100 ]
0.727	27.765
0.871	44.947
0.727	27.765
0.855	43.093
0.753	29.337
0.853	39.295
0.805	34.493
0.833	36.932
0.767	31.785
0.833	36.932
0.805	34.493
0.771	32.259
0.767	31.785
0.785	32.313
0.866	43.751
0.79	33.005
0.799	33.297
0.868	44.085
0.839	38.004
0.731	28.265
0.847	38.143
0.855	43.093
0.87	44.743
0.866	43.751
0.737	28.346
0.836	37.293
0.74	28.378
0.745	28.536
0.752	29.087
0.867	43.892
0.835	37.093
0.799	33.297
0.74	28.378
0.77	32.245
0.769	31.854
0.853	39.295
0.801	33.51
0.789	32.771
0.803	34.105
0.802	33.772
0.87	44.743
0.737	28.346
0.73	27.971
0.787	32.512
0.79	33.005
0.851	38.786
0.85	38.514
0.852	39.031
0.802	33.772
0.789	32.771
0.787	32.512
0.804	34.236
0.749	29.057
0.837	37.547
0.747	28.813
0.746	28.56
0.852	39.031
0.851	38.786
0.838	37.766
0.748	29.04
0.747	28.813
0.838	37.766
0.837	37.547
0.801	33.51
0.85	38.514
0.849	38.311
0.786	32.339
0.729	27.962
0.728	27.799
0.745	28.536
0.849	38.311
0.848	38.17
0.847	38.143
0.839	38.004
0.834	36.96
0.804	34.236
0.803	34.105
0.731	28.265
0.785	32.313
0.768	31.826
0.728	27.799
0.752	29.087
0.749	29.057
0.769	31.854
0.834	36.96
0.768	31.826
0.848	38.17
0.786	32.339
0.746	28.56
0.748	29.04
0.77	32.245
0.73	27.971
0.729	27.962
0.727	27.765
0.833	36.932
0.805	34.493
0.767	31.785
0.866	43.751
0.799	33.297
0.87	44.743
