P=? [ F (x=9&y=9&crashed=0) ]	R{"cost"}=? [ C<=100 ]
0.917	49.826
0.917	49.826
0.745	27.745
0.911	49.092
0.899	44.721
0.749	28.302
0.779	28.331
0.892	43.863
0.881	40.218
0.802	32.356
0.796	30.4
0.843	37.007
0.84	35.109
0.809	33.035
0.899	44.721
0.819	33.115
0.881	40.218
0.911	49.092
0.866	39.104
0.892	43.863
0.875	39.187
0.826	33.876
0.792	29.584
0.786	29.12
0.793	30.308
0.854	38.156
0.802	32.356
0.782	28.847
0.832	34.05
0.796	30.4
0.825	33.723
0.788	29.469
0.835	34.452
0.806	32.707
0.791	29.495
0.838	34.825
0.781	28.485
0.804	32.454
0.859	38.227
0.82	33.258
0.822	33.332
0.747	27.816
0.834	34.419
0.895	44.116
0.863	38.63
0.846	37.254
0.847	37.426
0.897	44.436
0.898	44.577
0.839	35.077
0.913	49.263
0.805	32.584
0.876	39.264
0.88	40.07
0.879	39.725
0.845	37.12
0.808	32.834
0.748	28.145
0.843	37.007
0.784	28.956
0.833	34.129
0.84	35.109
0.861	38.315
0.823	33.474
0.851	38.042
0.837	34.714
0.857	38.224
0.823	33.474
0.849	37.799
0.848	37.556
0.837	34.714
0.784	28.956
0.85	38.036
0.849	37.799
0.857	38.224
0.865	38.96
0.864	38.769
0.832	34.05
0.862	38.458
0.896	44.286
0.877	39.429
0.779	28.331
0.748	28.145
0.794	30.334
0.788	29.469
0.781	28.485
0.894	43.964
0.912	49.111
0.879	39.725
0.878	39.574
0.915	49.54
0.914	49.39
0.896	44.286
0.88	40.07
0.916	49.681
0.878	39.574
0.877	39.429
0.865	38.96
0.862	38.458
0.916	49.681
