P=? [ F (x=9&y=9&crashed=0) ]	R{"cost"}=? [ C<=100 ]
0.75	29.021
0.927	55.099
0.75	29.021
0.784	29.183
0.751	29.023
0.925	54.616
0.918	50.182
0.901	48.513
0.9	44.924
0.847	38.065
0.799	32.837
0.891	43.473
0.882	40.42
0.84	35.111
0.862	38.793
0.814	33.578
0.798	30.793
0.827	33.658
0.872	38.798
0.882	40.42
0.891	43.473
0.925	54.616
0.807	32.954
0.914	49.648
0.918	50.182
0.788	29.499
0.907	49.363
0.847	38.065
0.793	29.908
0.84	35.111
0.794	30.618
0.812	33.227
0.857	38.605
0.881	40.266
0.829	33.698
0.839	35.084
0.926	55.008
0.852	38.097
0.784	29.183
0.902	48.515
0.892	43.623
0.895	44.036
0.836	34.591
0.833	34.095
0.809	33.132
0.854	38.115
0.792	29.851
0.893	43.86
0.88	39.853
0.873	38.958
0.789	29.529
0.903	48.91
0.795	30.66
0.791	29.614
0.906	49.323
0.904	48.95
0.837	34.754
0.894	43.897
0.834	34.417
0.875	39.227
0.831	33.919
0.837	34.754
0.876	39.234
0.915	49.798
0.917	50.037
0.914	49.648
0.907	49.363
0.807	32.954
0.896	44.282
0.809	33.132
0.917	50.037
0.915	49.798
0.813	33.46
0.827	33.658
0.797	30.718
0.831	33.919
0.898	44.653
0.897	44.432
0.856	38.46
0.855	38.262
0.857	38.605
0.904	48.95
0.906	49.323
0.852	38.097
0.878	39.559
0.877	39.384
0.835	34.42
0.832	34.088
0.874	39.061
0.751	29.023
0.879	39.717
0.878	39.559
0.897	44.432
0.896	44.282
0.877	39.384
0.855	38.262
0.856	38.46
0.9	44.924
0.899	44.785
0.88	39.853
