P=? [ F (x=9&y=9&crashed=0) ]	R{"cost"}=? [ C<=100 ]
0.676	22.839
0.9	45.739
0.676	22.839
0.9	45.739
0.897	44.399
0.882	40.408
0.678	23.029
0.706	23.319
0.843	37.571
0.799	32.553
0.797	30.497
0.84	35.108
0.732	26.904
0.725	24.697
0.897	44.399
0.758	27.448
0.744	27.432
0.882	40.408
0.898	44.807
0.792	29.63
0.876	39.343
0.899	45.665
0.811	33.2
0.774	28.296
0.867	39.231
0.739	27.286
0.72	24.343
0.82	33.256
0.77	28.15
0.825	33.875
0.879	39.736
0.859	39.017
0.793	30.456
0.829	34.007
0.88	40.3
0.732	26.904
0.857	38.595
0.759	27.594
0.832	34.027
0.765	27.728
0.725	24.697
0.808	32.854
0.783	28.61
0.877	39.65
0.779	28.329
0.784	28.956
0.852	38.032
0.864	39.104
0.719	24.219
0.806	32.698
0.714	23.844
0.71	23.586
0.833	34.351
0.804	32.64
0.836	34.699
0.854	38.38
0.821	33.322
0.823	33.485
0.744	27.432
0.856	38.496
0.809	33.097
0.785	29.095
0.767	27.847
0.837	34.82
0.788	29.256
0.843	37.571
0.706	23.319
0.847	37.761
0.719	24.219
0.714	23.844
0.792	29.63
0.788	29.256
0.736	27.212
0.838	35.0
0.724	24.696
0.794	30.467
0.709	23.557
0.824	33.548
0.867	39.231
0.708	23.348
0.724	24.696
0.713	23.747
0.852	38.032
0.849	37.838
0.847	37.761
0.677	22.989
0.864	39.104
0.678	23.029
0.849	37.838
0.781	28.559
0.733	27.041
0.835	34.457
0.765	27.728
0.84	35.108
0.854	38.38
0.768	27.934
0.787	29.163
0.804	32.64
0.768	27.934
0.859	39.017
