P=? [ F (x=9&y=9&crashed=0) ]	R{"cost"}=? [ C<=100 ]
0.901	53.652
0.901	53.652
0.712	26.824
0.712	26.824
0.9	48.792
0.9	48.792
0.899	44.799
0.893	43.846
0.882	40.402
0.774	28.057
0.752	27.95
0.732	27.208
0.715	27.201
0.8	32.308
0.84	35.115
0.796	30.393
0.841	36.967
0.893	43.846
0.882	40.402
0.815	32.882
0.866	39.073
0.875	39.169
0.826	33.858
0.807	32.763
0.832	34.032
0.741	27.402
0.733	27.222
0.747	27.842
0.861	38.373
0.744	27.422
0.849	37.907
0.752	27.95
0.88	40.13
0.847	37.502
0.796	30.393
0.854	38.15
0.842	37.107
0.845	37.114
0.805	32.611
0.848	37.778
0.774	28.057
0.787	29.143
0.897	44.428
0.898	44.653
0.793	29.871
0.787	29.143
0.791	29.503
0.714	27.073
0.834	34.322
0.819	33.1
0.794	29.938
0.781	28.487
0.785	29.053
0.8	32.308
0.741	27.402
0.779	28.325
0.876	39.327
0.833	34.098
0.778	28.323
0.825	33.716
0.858	38.35
0.822	33.431
0.879	39.725
0.894	43.998
0.713	26.851
0.854	38.15
0.784	28.956
0.839	35.086
0.791	29.503
0.856	38.169
0.82	33.241
0.837	34.701
0.821	33.298
0.783	28.818
0.857	38.212
0.781	28.487
0.746	27.68
0.792	29.57
0.863	38.648
0.825	33.716
0.822	33.431
0.783	28.818
0.863	38.648
0.802	32.348
0.865	39.068
0.864	38.796
0.804	32.481
0.778	28.323
0.795	30.202
0.835	34.444
0.807	32.763
0.746	27.68
0.837	34.701
0.835	34.444
0.846	37.249
0.849	37.907
0.838	34.891
0.795	30.202
0.838	34.891
0.896	44.28
