P=? [ F (x=9&y=9&crashed=0) ]	R{"cost"}=? [ C<=100 ]
0.859	58.758
0.644	28.935
0.859	58.758
0.644	28.935
0.849	51.054
0.676	29.396
0.828	49.674
0.712	33.429
0.847	50.239
0.692	30.342
0.704	30.737
0.805	43.811
0.825	45.809
0.826	47.946
0.821	44.966
0.799	42.698
0.827	49.288
0.849	51.054
0.758	37.864
0.793	41.054
0.756	36.424
0.676	29.396
0.826	47.946
0.73	34.078
0.702	30.702
0.821	44.966
0.805	43.811
0.743	35.536
0.724	34.014
0.72	33.591
0.799	42.698
0.741	35.222
0.712	33.429
0.786	40.918
0.684	29.511
0.704	30.737
0.792	40.933
0.771	38.902
0.75	35.668
0.687	29.848
0.793	41.054
0.783	40.477
0.714	33.475
0.779	39.765
0.803	43.026
0.766	38.897
0.687	29.848
0.738	35.07
0.761	38.234
0.847	50.239
0.828	49.674
0.72	33.591
0.825	45.809
0.823	45.277
0.753	36.003
0.774	39.276
0.848	50.542
0.758	37.864
0.804	43.31
0.733	34.411
0.736	34.728
0.724	34.014
0.754	36.342
0.779	39.765
0.776	39.429
0.781	40.207
0.823	45.277
0.734	34.708
0.776	39.429
0.774	39.276
0.761	38.234
0.702	30.702
0.763	38.557
0.803	43.026
0.685	29.527
0.762	38.548
0.848	50.542
0.822	44.975
0.785	40.778
0.738	35.07
0.804	43.31
0.771	38.902
0.785	40.778
0.732	34.354
0.743	35.536
0.765	38.896
0.714	33.475
0.781	40.207
0.756	36.424
0.764	38.767
0.752	35.959
0.751	35.752
0.732	34.354
0.782	40.29
0.703	30.731
0.736	34.728
0.685	29.527
0.75	35.668
0.764	38.767
0.684	29.511
