P=? [ F (x=9&y=9&crashed=0) ]	R{"cost"}=? [ C<=100 ]
0.711	33.147
0.853	51.697
0.853	51.697
0.711	33.147
0.829	49.537
0.827	46.196
0.85	51.071
0.836	51.023
0.771	38.923
0.757	38.064
0.81	45.431
0.823	45.46
0.749	36.237
0.792	40.872
0.781	40.55
0.802	43.167
0.795	41.739
0.754	37.633
0.795	41.739
0.747	35.835
0.74	35.142
0.72	33.696
0.729	34.572
0.808	45.108
0.807	44.153
0.749	36.237
0.802	43.167
0.771	38.923
0.757	38.064
0.794	41.289
0.831	50.233
0.747	35.835
0.718	33.339
0.727	34.307
0.734	34.647
0.74	35.142
0.712	33.174
0.727	34.307
0.72	33.696
0.736	34.841
0.83	49.657
0.754	37.633
0.834	50.7
0.831	50.233
0.851	51.208
0.739	34.94
0.778	39.95
0.834	50.7
0.728	34.335
0.774	39.368
0.738	34.842
0.805	43.817
0.804	43.487
0.792	40.872
0.781	40.55
0.78	40.413
0.779	40.092
0.852	51.386
0.827	46.196
0.756	37.936
0.755	37.66
0.793	41.017
0.826	46.025
0.825	45.774
0.806	44.038
0.805	43.817
0.777	39.81
0.776	39.603
0.734	34.647
0.804	43.487
0.803	43.294
0.719	33.506
0.835	50.837
0.809	45.245
0.852	51.386
0.773	39.234
0.772	39.056
0.825	45.774
0.824	45.597
0.826	46.025
0.719	33.506
0.718	33.339
0.712	33.174
0.793	41.017
0.779	40.092
0.777	39.81
0.824	45.597
0.835	50.837
0.809	45.245
0.78	40.413
0.808	45.108
0.776	39.603
0.775	39.467
0.773	39.234
0.772	39.056
0.756	37.936
0.803	43.294
0.83	49.657
0.807	44.153
0.806	44.038
