P=? [ F (x=9&y=9&crashed=0) ]	R{"cost"}=? [ C<=100 ]
0.71	26.869
0.854	49.024
0.71	26.869
0.839	43.339
0.85	48.337
0.845	44.532
0.829	40.292
0.714	28.093
0.732	28.677
0.823	38.876
0.805	38.3
0.8	37.328
0.783	35.023
0.783	35.023
0.76	33.4
0.738	29.72
0.8	37.328
0.753	31.526
0.775	33.736
0.829	40.292
0.738	29.72
0.753	31.526
0.845	44.532
0.85	48.337
0.713	27.568
0.736	29.487
0.713	27.568
0.781	34.947
0.755	32.312
0.754	31.673
0.825	39.266
0.827	39.67
0.732	28.677
0.714	28.093
0.823	38.876
0.805	38.3
0.733	28.928
0.733	28.928
0.804	38.278
0.803	37.722
0.851	48.58
0.824	39.035
0.736	29.487
0.78	34.433
0.775	33.736
0.842	43.828
0.84	43.365
0.756	32.769
0.755	32.312
0.851	48.58
0.844	44.153
0.78	34.433
0.779	34.06
0.76	33.4
0.842	43.828
0.777	33.829
0.827	39.67
0.759	33.146
0.826	39.51
0.84	43.365
0.843	44.003
0.757	32.934
0.756	32.769
0.778	33.992
0.826	39.51
0.759	33.146
0.758	32.99
0.844	44.153
0.843	44.003
0.803	37.722
0.802	37.573
0.801	37.477
0.754	31.673
0.802	37.573
0.801	37.477
0.777	33.829
0.781	34.947
0.779	34.06
0.778	33.992
0.758	32.99
0.757	32.934
0.804	38.278
0.71	26.869
0.783	35.023
0.8	37.328
0.829	40.292
0.738	29.72
0.753	31.526
0.845	44.532
0.85	48.337
0.713	27.568
0.732	28.677
0.714	28.093
0.823	38.876
0.805	38.3
0.733	28.928
0.736	29.487
0.851	48.58
0.755	32.312
0.78	34.433
