P=? [ F (x=9&y=9&crashed=0) ]	R{"cost"}=? [ C<=100 ]
0.862	50.205
0.665	27.682
0.665	27.682
0.862	50.205
0.715	31.543
0.857	48.93
0.846	44.651
0.84	43.302
0.828	39.825
0.689	28.23
0.689	28.23
0.804	38.424
0.799	37.682
0.783	35.035
0.737	32.431
0.775	33.79
0.685	27.698
0.823	39.106
0.754	32.761
0.759	33.407
0.846	44.651
0.783	35.035
0.729	31.627
0.799	37.682
0.84	43.302
0.728	31.609
0.828	39.825
0.857	48.93
0.737	32.431
0.861	49.113
0.775	33.79
0.823	39.106
0.804	38.424
0.844	44.018
0.803	37.803
0.779	34.402
0.779	34.402
0.688	28.217
0.686	27.742
0.781	34.983
0.759	33.407
0.757	33.239
0.755	32.868
0.826	39.703
0.825	39.369
0.754	32.761
0.78	34.657
0.842	43.839
0.841	43.534
0.86	48.944
0.78	34.657
0.825	39.369
0.824	39.123
0.841	43.534
0.755	32.868
0.861	49.113
0.843	44.006
0.842	43.839
0.686	27.742
0.758	33.251
0.688	28.217
0.844	44.018
0.757	33.239
0.859	48.934
0.827	39.746
0.728	31.609
0.801	37.766
0.8	37.7
0.827	39.746
0.826	39.703
0.782	34.997
0.802	37.787
0.801	37.766
0.8	37.7
0.824	39.123
0.685	27.698
0.803	37.803
0.802	37.787
0.782	34.997
0.758	33.251
0.843	44.006
0.859	48.934
0.862	50.205
0.665	27.682
0.689	28.23
0.846	44.651
0.783	35.035
0.799	37.682
0.828	39.825
0.857	48.93
0.737	32.431
0.775	33.79
0.823	39.106
0.779	34.402
0.759	33.407
0.754	32.761
0.78	34.657
0.825	39.369
0.755	32.868
0.842	43.839
