P=? [ F (x=9&y=9&crashed=0) ]	R{"cost"}=? [ C<=100 ]
0.653	26.864
0.826	39.333
0.826	39.333
0.653	26.864
0.781	34.695
0.785	36.972
0.696	30.091
0.689	28.063
0.725	30.773
0.7	30.136
0.68	27.21
0.658	27.117
0.801	37.436
0.809	38.834
0.824	39.059
0.754	32.5
0.787	37.252
0.762	33.701
0.739	32.413
0.775	33.758
0.7	30.136
0.725	30.773
0.807	38.56
0.806	38.037
0.726	30.962
0.687	27.969
0.736	32.136
0.729	31.111
0.785	36.972
0.696	30.091
0.689	28.063
0.73	31.482
0.78	34.433
0.777	34.017
0.78	34.433
0.686	27.567
0.759	33.338
0.758	33.067
0.755	32.744
0.654	26.965
0.658	27.117
0.777	34.017
0.76	33.395
0.758	33.067
0.756	32.765
0.824	39.059
0.809	38.834
0.807	38.56
0.683	27.408
0.787	37.252
0.806	38.037
0.804	37.799
0.68	27.21
0.802	37.673
0.683	27.408
0.734	31.808
0.733	31.609
0.738	32.332
0.735	31.96
0.776	33.852
0.732	31.524
0.804	37.799
0.738	32.332
0.685	27.487
0.735	31.96
0.734	31.808
0.654	26.965
0.729	31.111
0.76	33.395
0.762	33.701
0.776	33.852
0.756	32.765
0.754	32.5
0.739	32.413
0.733	31.609
0.803	37.718
0.686	27.567
0.688	28.049
0.685	27.487
0.775	33.758
0.803	37.718
0.802	37.673
0.732	31.524
0.73	31.482
0.688	28.049
0.826	39.333
0.653	26.864
0.7	30.136
0.725	30.773
0.785	36.972
0.696	30.091
0.689	28.063
0.78	34.433
0.777	34.017
0.824	39.059
0.809	38.834
0.807	38.56
0.787	37.252
0.806	38.037
0.68	27.21
