P=? [ F (x=9&y=9&crashed=0) ]	R{"cost"}=? [ C<=100 ]
0.882	55.19
0.619	23.443
0.882	55.19
0.68	26.859
0.83	43.742
0.734	30.989
0.872	54.392
0.865	50.639
0.823	40.123
0.68	26.859
0.793	35.307
0.799	37.769
0.848	45.773
0.849	48.489
0.755	31.066
0.698	27.401
0.682	26.87
0.722	29.579
0.804	38.397
0.815	38.547
0.722	29.579
0.734	30.989
0.86	49.903
0.76	31.727
0.715	29.485
0.865	50.639
0.702	28.073
0.881	55.044
0.873	54.535
0.837	44.338
0.842	44.377
0.791	34.735
0.789	34.473
0.872	54.392
0.854	49.39
0.823	40.123
0.784	33.481
0.792	35.122
0.846	45.253
0.845	45.005
0.698	27.401
0.711	28.673
0.707	28.143
0.7	27.549
0.847	45.576
0.855	49.536
0.775	33.041
0.766	31.901
0.781	33.413
0.711	28.673
0.843	44.817
0.787	33.79
0.776	33.356
0.714	28.929
0.705	28.087
0.682	26.87
0.853	48.872
0.82	39.599
0.881	55.044
0.873	54.535
0.77	31.961
0.862	49.947
0.832	43.781
0.816	38.785
0.817	38.897
0.836	44.049
0.803	38.227
0.8	37.774
0.773	32.628
0.771	32.178
0.864	50.316
0.719	29.502
0.768	31.919
0.707	28.143
0.785	33.774
0.803	38.227
0.852	48.728
0.788	34.09
0.864	50.316
0.855	49.536
0.756	31.073
0.757	31.309
0.773	32.628
0.759	31.507
0.771	32.178
0.822	40.113
0.821	39.78
0.835	43.997
0.788	34.09
0.766	31.901
0.7	27.549
0.834	43.851
0.719	29.502
0.779	33.398
0.819	39.384
0.818	39.131
0.8	37.774
0.852	48.728
0.849	48.489
0.818	39.131
