P=? [ F (x=9&y=9&crashed=0) ]	R{"cost"}=? [ C<=100 ]
0.749	32.981
0.749	32.981
0.89	64.003
0.881	62.785
0.88	54.166
0.766	37.25
0.794	37.376
0.837	47.271
0.867	52.334
0.806	38.815
0.763	34.218
0.861	49.135
0.836	44.201
0.816	42.07
0.764	36.981
0.849	47.379
0.806	38.815
0.888	63.728
0.816	42.07
0.861	49.135
0.819	42.318
0.795	37.577
0.882	62.926
0.801	37.886
0.859	48.679
0.834	43.654
0.804	38.375
0.824	42.575
0.872	53.265
0.875	53.344
0.882	62.926
0.853	48.187
0.762	33.741
0.857	48.415
0.852	48.073
0.87	52.875
0.836	44.201
0.802	37.996
0.756	33.398
0.829	43.252
0.758	33.422
0.75	32.999
0.832	43.524
0.761	33.727
0.759	33.426
0.851	47.729
0.752	33.004
0.817	42.085
0.879	54.05
0.878	53.737
0.801	37.886
0.795	37.577
0.869	52.587
0.832	43.524
0.829	43.252
0.754	33.129
0.824	42.575
0.85	47.635
0.765	37.005
0.871	53.02
0.756	33.398
0.828	43.212
0.827	42.973
0.858	48.444
0.754	33.129
0.857	48.415
0.853	48.187
0.803	38.169
0.827	42.973
0.826	42.797
0.803	38.169
0.76	33.554
0.889	63.883
0.878	53.737
0.876	53.499
0.877	53.582
0.871	53.02
0.881	62.785
0.869	52.587
0.868	52.448
0.818	42.183
0.76	33.554
0.794	37.376
0.766	37.25
0.889	63.883
0.88	54.166
0.879	54.05
0.753	33.118
0.868	52.448
0.826	42.797
0.825	42.685
0.825	42.685
0.833	43.545
0.818	42.183
0.851	47.729
0.85	47.635
0.877	53.582
0.876	53.499
0.828	43.212
0.858	48.444
