P=? [ F (x=9&y=9&crashed=0) ]	R{"cost"}=? [ C<=100 ]
0.879	58.73
0.709	27.482
0.709	27.482
0.879	58.73
0.777	31.831
0.725	31.828
0.877	50.172
0.87	48.741
0.799	37.532
0.715	28.343
0.798	33.541
0.86	44.613
0.856	44.022
0.845	40.409
0.722	31.645
0.813	37.73
0.829	39.123
0.814	38.467
0.784	32.808
0.827	38.805
0.841	39.52
0.845	40.409
0.795	32.887
0.856	44.022
0.86	44.613
0.876	49.514
0.722	31.645
0.871	49.277
0.858	44.16
0.783	32.328
0.877	50.172
0.713	27.731
0.843	39.873
0.782	32.139
0.859	44.522
0.841	39.52
0.714	28.289
0.843	39.873
0.827	38.805
0.796	33.201
0.78	32.038
0.711	27.506
0.78	32.038
0.777	31.831
0.725	31.828
0.798	33.541
0.796	33.201
0.814	38.467
0.876	49.514
0.871	49.277
