P=? [ F (x=9&y=9&crashed=0) ]	R{"cost"}=? [ C<=100 ]
0.862	45.211
0.707	26.984
0.862	45.211
0.707	26.984
0.779	31.541
0.728	28.659
0.847	44.396
0.845	40.242
0.81	34.682
0.811	37.708
0.728	28.659
0.785	32.651
0.86	44.832
0.798	33.429
0.839	38.957
0.827	38.589
0.805	33.689
0.794	32.721
0.812	37.765
0.821	37.985
0.714	27.796
0.843	40.167
0.711	27.265
0.719	27.997
0.795	33.085
0.842	39.579
0.821	37.985
0.782	32.097
0.722	28.511
0.86	44.832
0.847	44.396
0.783	32.1
0.711	27.265
0.808	34.386
0.807	33.99
0.714	27.796
0.825	38.361
0.726	28.638
0.839	38.957
0.827	38.589
0.825	38.361
0.795	33.085
0.721	28.308
0.719	27.997
0.841	39.544
0.84	39.231
0.721	28.308
0.807	33.99
0.81	34.682
0.808	34.386
