P=? [ F (x=9&y=9&crashed=0) ]	R{"cost"}=? [ C<=100 ]
0.881	55.439
0.705	28.357
0.881	55.439
0.781	37.368
0.878	54.948
0.864	50.327
0.744	32.587
0.771	32.699
0.779	33.82
0.853	49.406
0.847	45.618
0.8	38.533
0.729	31.482
0.836	44.009
0.824	40.563
0.729	31.482
0.864	50.327
0.878	54.948
0.815	39.0
0.836	44.009
0.824	40.563
0.791	37.388
0.744	32.587
0.736	32.048
0.847	45.618
0.797	37.939
0.842	44.519
0.775	33.048
0.854	49.435
0.853	49.406
0.86	49.499
0.793	37.684
0.863	50.005
0.823	40.367
0.838	44.498
0.837	44.305
0.816	39.045
0.73	31.511
0.797	37.939
0.777	33.603
0.732	31.742
0.736	32.048
0.775	33.048
0.815	39.0
0.844	44.976
0.792	37.402
0.818	39.28
0.772	32.702
0.844	44.976
0.822	40.043
0.82	39.812
0.819	39.496
0.772	32.702
0.846	45.313
0.777	33.603
0.862	49.792
0.861	49.508
0.793	37.684
0.88	55.403
0.879	55.156
0.818	39.28
0.734	31.971
0.733	31.749
0.819	39.496
0.862	49.792
0.879	55.156
0.845	45.153
0.842	44.519
0.781	37.368
0.846	45.313
0.845	45.153
0.822	40.043
0.821	39.889
0.778	33.738
0.771	32.699
0.778	33.738
0.821	39.889
0.82	39.812
0.735	31.972
0.86	49.499
0.854	49.435
0.88	55.403
0.838	44.498
0.861	49.508
0.733	31.749
0.735	31.972
0.734	31.971
0.881	55.439
0.729	31.482
0.864	50.327
0.878	54.948
0.836	44.009
0.824	40.563
0.744	32.587
0.847	45.618
0.853	49.406
0.797	37.939
0.775	33.048
0.815	39.0
0.844	44.976
