P=? [ F (x=9&y=9&crashed=0) ]	R{"cost"}=? [ C<=100 ]
0.724	40.771
0.837	68.462
0.837	68.462
0.724	40.771
0.811	61.293
0.826	66.892
0.821	63.267
0.804	58.115
0.788	55.86
0.787	53.28
0.726	40.815
0.833	67.099
0.735	42.239
0.804	58.115
0.764	47.249
0.795	56.338
0.769	49.346
0.767	47.853
0.746	44.505
0.744	43.3
0.789	56.066
0.742	42.911
0.821	63.267
0.733	41.433
0.737	42.58
0.774	51.222
0.732	41.403
0.753	45.124
0.772	50.901
0.771	49.653
0.826	66.892
0.748	44.688
0.759	46.859
0.779	51.714
0.757	46.51
0.756	45.613
0.834	67.207
0.785	52.776
0.753	45.124
0.748	44.688
0.815	61.938
0.802	57.383
0.817	62.028
0.798	57.104
0.744	43.3
0.796	56.657
0.732	41.403
0.742	42.911
0.737	42.58
0.784	52.619
0.782	52.116
0.767	47.853
0.769	49.346
0.779	51.714
0.774	51.222
0.755	45.393
0.812	61.498
0.836	68.028
0.835	67.637
0.746	44.505
0.801	57.355
0.818	62.441
0.784	52.619
0.797	56.703
0.8	57.206
0.803	57.775
0.836	68.028
0.835	67.637
0.759	46.859
0.82	62.886
0.781	52.068
0.78	51.724
0.812	61.498
0.814	61.841
0.814	61.841
0.803	57.775
0.819	62.757
0.818	62.441
0.766	47.597
0.765	47.283
0.786	53.071
0.782	52.116
0.773	50.945
0.795	56.338
0.789	56.066
0.755	45.393
0.77	49.602
0.766	47.597
0.758	46.754
0.757	46.51
0.756	45.613
0.787	53.28
0.786	53.071
0.788	55.86
0.82	62.886
0.819	62.757
0.758	46.754
0.8	57.206
0.798	57.104
0.817	62.028
