P=? [ F (x=9&y=9&crashed=0) ]	R{"cost"}=? [ C<=100 ]
0.733	27.52
0.909	54.085
0.909	54.085
0.733	27.52
0.735	27.596
0.775	27.716
0.813	32.556
0.906	53.275
0.901	49.479
0.888	48.095
0.883	44.305
0.869	42.526
0.808	29.882
0.866	39.816
0.841	35.173
0.843	37.43
0.825	32.912
0.803	29.074
0.792	28.869
0.901	49.479
0.808	29.882
0.781	27.765
0.883	44.305
0.89	48.373
0.813	32.556
0.874	43.391
0.896	48.577
0.855	38.682
0.879	43.403
0.888	48.095
0.906	53.275
0.86	38.721
0.776	27.733
0.865	39.388
0.837	34.607
0.866	39.816
0.841	35.173
0.805	29.343
0.908	53.553
0.85	37.976
0.789	28.411
0.846	37.881
0.899	48.866
0.827	33.12
0.836	34.326
0.863	39.362
0.862	38.935
0.83	33.559
0.805	29.343
0.837	34.607
0.827	33.12
0.825	32.912
0.853	38.547
0.852	38.236
0.831	33.829
0.785	28.232
0.833	34.047
0.83	33.559
0.784	28.204
0.87	42.738
0.882	43.873
0.844	37.619
0.845	37.702
0.851	38.196
0.791	28.631
0.803	29.074
0.89	48.373
0.843	37.43
0.881	43.686
0.781	27.765
0.784	28.204
0.854	38.587
0.881	43.686
0.836	34.326
0.833	34.047
0.908	53.553
0.735	27.596
0.898	48.86
0.79	28.629
0.862	38.935
0.872	43.019
0.871	42.808
0.792	28.869
0.896	48.577
0.873	43.21
0.872	43.019
0.86	38.721
0.882	43.873
0.897	48.763
0.873	43.21
0.789	28.411
0.785	28.232
0.879	43.403
0.899	48.866
0.832	33.903
0.775	27.716
0.897	48.763
0.85	37.976
0.846	37.881
0.832	33.903
