P=? [ F (x=9&y=9&crashed=0) ]	R{"cost"}=? [ C<=100 ]
0.91	54.818
0.68	27.832
0.91	54.818
0.68	27.832
0.704	28.991
0.747	29.151
0.906	53.799
0.902	49.671
0.867	39.979
0.887	48.166
0.868	42.831
0.885	45.301
0.771	31.979
0.791	32.155
0.843	37.678
0.842	35.752
0.698	28.743
0.749	29.33
0.766	31.809
0.756	30.358
0.84	35.095
0.756	30.358
0.691	28.582
0.766	31.809
0.83	33.896
0.835	34.101
0.897	48.761
0.854	38.409
0.885	45.301
0.859	38.592
0.828	33.752
0.807	32.933
0.879	43.424
0.892	48.698
0.795	32.381
0.874	43.361
0.755	30.162
0.906	53.799
0.884	44.495
0.823	33.725
0.902	49.671
0.755	30.162
0.909	54.272
0.849	38.082
0.8	32.418
0.837	34.382
0.689	28.452
0.899	48.925
0.863	39.367
0.882	43.854
0.818	33.011
0.769	31.826
0.813	32.991
0.685	27.857
0.865	39.385
0.845	37.887
0.862	38.93
0.873	43.176
0.813	32.991
0.891	48.511
0.689	28.452
0.909	54.272
0.87	42.896
0.802	32.433
0.794	32.168
0.9	49.235
0.884	44.495
0.883	44.06
0.9	49.235
0.791	32.155
0.819	33.08
0.836	34.257
0.888	48.23
0.842	35.752
0.841	35.372
0.681	27.838
0.684	27.851
0.837	34.382
0.685	27.857
0.889	48.446
0.803	32.64
0.821	33.4
0.845	37.887
0.866	39.696
0.88	43.614
0.771	31.979
0.807	32.933
0.851	38.236
0.804	32.646
0.866	39.696
0.871	43.057
0.841	35.372
0.853	38.252
0.85	38.194
0.86	38.719
0.804	32.646
0.88	43.614
0.821	33.4
0.82	33.298
0.862	38.93
