P=? [ F (x=9&y=9&crashed=0) ]	R{"cost"}=? [ C<=100 ]
-0.0	0.0
0.846	59.247
-0.0	0.0
0.846	59.247
0.658	26.657
0.658	26.657
0.845	49.613
0.716	29.649
0.842	48.298
0.836	43.876
0.832	42.924
0.82	38.753
0.797	36.942
0.701	27.207
0.697	26.843
0.758	32.141
0.74	31.046
0.795	35.496
0.74	31.046
0.776	34.319
0.815	37.743
0.741	31.076
0.82	38.753
0.741	31.076
0.79	34.544
0.832	42.924
0.844	49.264
0.843	48.434
0.77	33.053
0.815	37.743
0.794	35.397
0.791	34.689
0.836	43.876
0.761	32.68
0.762	32.724
0.819	38.434
0.842	48.298
0.773	33.681
0.818	38.306
0.817	37.903
0.834	43.443
0.833	43.054
0.7	27.204
0.845	49.613
0.844	49.264
0.775	33.985
0.77	33.053
0.762	32.724
0.771	33.379
0.835	43.573
0.791	34.689
0.794	35.397
0.79	34.544
0.776	34.319
0.774	33.887
0.761	32.68
0.795	35.496
0.772	33.514
0.7	27.204
0.843	48.434
0.772	33.514
0.771	33.379
0.833	43.054
0.835	43.573
0.834	43.443
0.818	38.306
0.817	37.903
0.816	37.776
0.775	33.985
0.774	33.887
0.816	37.776
-0.0	0.0
0.846	59.247
0.658	26.657
0.74	31.046
0.82	38.753
0.741	31.076
0.832	42.924
0.836	43.876
0.842	48.298
0.845	49.613
0.77	33.053
0.762	32.724
0.791	34.689
0.794	35.397
0.79	34.544
0.776	34.319
0.761	32.68
0.795	35.496
0.818	38.306
0.843	48.434
0.772	33.514
0.835	43.573
0.834	43.443
0.817	37.903
0.775	33.985
0.774	33.887
0.816	37.776
-0.0	0.0
0.846	59.247
