P=? [ F (x=9&y=9&crashed=0) ]	R{"cost"}=? [ C<=100 ]
0.613	21.906
0.852	48.777
0.613	21.906
0.834	43.7
0.815	37.74
0.82	38.687
0.833	42.72
0.648	25.471
0.648	25.471
0.834	43.7
0.796	35.303
0.674	26.449
0.796	35.303
0.696	26.713
0.833	42.72
0.76	32.211
0.777	32.298
0.731	27.826
0.671	25.934
0.748	30.314
0.716	27.759
0.655	25.839
0.82	38.687
0.763	32.226
0.787	33.562
0.748	30.314
0.76	32.211
0.716	27.759
0.742	29.267
0.705	27.482
0.78	33.256
0.795	34.509
0.737	29.034
0.743	29.959
0.779	32.923
0.779	32.923
0.736	28.631
0.673	26.176
0.734	28.211
0.736	28.631
0.735	28.262
0.653	25.662
0.818	38.341
0.817	38.117
0.816	37.773
0.818	38.341
0.703	27.428
0.78	33.256
0.763	32.226
0.731	27.826
0.705	27.482
0.734	28.211
0.649	25.622
0.744	30.102
0.696	26.713
0.674	26.449
0.673	26.176
0.742	29.267
0.737	29.034
0.65	25.629
0.698	26.884
0.788	33.793
0.817	38.117
0.671	25.934
0.791	34.246
0.79	34.054
0.793	34.413
0.7	27.07
0.698	26.884
0.777	32.298
0.79	34.054
0.789	33.87
0.702	27.249
0.7	27.07
0.704	27.47
0.743	29.959
0.745	30.117
0.654	25.8
0.702	27.249
0.701	27.125
0.697	26.765
0.747	30.236
0.746	30.13
0.795	34.509
0.793	34.413
0.655	25.839
0.792	34.336
0.791	34.246
0.747	30.236
0.789	33.87
0.792	34.336
0.788	33.793
0.701	27.125
0.697	26.765
0.735	28.262
0.654	25.8
0.816	37.773
0.653	25.662
0.65	25.629
0.746	30.13
