P=? [ F (x=9&y=9&crashed=0) ]	R{"cost"}=? [ C<=100 ]
0.839	49.312
0.642	26.414
0.839	49.312
0.642	26.414
0.838	44.672
0.814	37.672
0.671	26.53
0.824	42.425
0.822	39.172
0.675	26.801
0.697	26.849
0.737	28.372
0.832	42.869
0.774	32.07
0.801	35.579
0.801	35.579
0.74	29.437
0.761	31.907
0.718	27.455
0.746	30.278
0.724	28.351
0.836	43.523
0.708	27.431
0.74	29.437
0.837	44.534
0.79	33.778
0.795	34.171
0.747	31.171
0.746	30.278
0.776	32.792
0.702	27.132
0.749	31.554
0.784	33.646
0.825	42.473
0.76	31.684
0.755	31.609
0.836	43.523
0.817	37.878
0.708	27.431
0.79	33.778
0.701	26.897
0.755	31.609
0.822	39.172
0.795	34.171
0.797	34.667
0.723	28.313
0.722	27.818
0.781	33.45
0.776	32.792
0.671	26.53
0.818	38.331
0.798	34.736
0.719	27.743
0.821	38.775
0.697	26.849
0.675	26.801
0.825	42.473
0.784	33.646
0.778	33.154
0.8	35.327
0.799	34.993
0.819	38.661
0.818	38.331
0.781	33.45
0.702	27.132
0.774	32.07
0.779	33.189
0.799	34.993
0.737	28.372
0.8	35.327
0.748	31.344
0.797	34.667
0.748	31.344
0.747	31.171
0.824	42.425
0.761	31.907
0.779	33.189
0.778	33.154
0.721	27.786
0.838	44.672
0.837	44.534
0.816	37.829
0.815	37.717
0.821	38.775
0.82	38.687
0.76	31.684
0.749	31.554
0.816	37.829
0.701	26.897
0.815	37.717
0.721	27.786
0.719	27.743
0.723	28.313
0.722	27.818
0.82	38.687
0.819	38.661
0.724	28.351
0.642	26.414
0.801	35.579
0.74	29.437
