P=? [ F (x=9&y=9&crashed=0) ]	R{"cost"}=? [ C<=100 ]
0.837	48.324
0.65	26.181
0.837	48.324
0.65	26.181
0.658	26.783
0.7	26.852
0.826	42.582
0.828	44.798
0.833	47.588
0.828	44.798
0.826	42.582
0.819	40.324
0.748	31.258
0.796	36.666
0.795	34.732
0.729	27.844
0.718	27.707
0.819	40.324
0.747	30.271
0.708	27.48
0.757	31.27
0.743	29.358
0.72	27.724
0.764	32.252
0.747	30.271
0.734	28.616
0.741	29.26
0.818	39.491
0.763	32.166
0.771	32.263
0.654	26.426
0.802	37.797
0.734	28.616
0.833	47.588
0.654	26.426
0.729	27.844
0.788	33.73
0.816	38.944
0.798	37.24
0.796	36.666
0.774	32.275
0.806	37.86
0.835	47.82
0.707	27.35
0.792	34.36
0.705	27.241
0.814	38.752
0.81	38.296
0.743	29.358
0.814	38.752
0.701	26.936
0.658	26.783
0.784	33.592
0.705	27.241
0.761	31.752
0.81	38.296
0.78	33.107
0.777	32.754
0.791	34.122
0.817	39.299
0.8	37.452
0.789	33.955
0.799	37.338
0.759	31.405
0.815	38.842
0.701	26.936
0.779	33.019
0.807	37.988
0.737	28.98
0.761	31.752
0.775	32.542
0.836	48.086
0.738	28.995
0.795	34.732
0.793	34.473
0.736	28.841
0.738	28.995
0.771	32.263
0.809	38.263
0.808	38.019
0.72	27.724
0.836	48.086
0.8	37.452
0.793	34.473
0.708	27.48
0.736	28.841
0.798	37.24
0.76	31.602
0.818	39.491
0.817	39.299
0.778	32.944
0.783	33.523
0.782	33.335
0.802	37.797
0.791	34.122
0.781	33.274
0.789	33.955
0.776	32.705
0.775	32.542
0.76	31.602
