P=? [ F (x=9&y=9&crashed=0) ]	R{"cost"}=? [ C<=100 ]
0.835	49.263
0.67	26.379
0.67	26.379
0.835	49.263
0.833	43.518
0.817	40.251
0.701	26.888
0.672	26.632
0.833	43.518
0.726	28.685
0.726	28.685
0.745	31.118
0.745	31.118
0.798	37.333
0.793	35.393
0.706	27.355
0.756	31.285
0.746	31.141
0.715	27.738
0.765	32.2
0.771	32.24
0.798	37.333
0.801	37.774
0.808	38.548
0.804	38.49
0.761	31.944
0.793	35.393
0.777	32.751
0.81	38.79
0.812	39.137
0.765	32.2
0.787	34.499
0.786	34.096
0.723	28.429
0.671	26.621
0.792	35.361
0.791	34.976
0.802	38.158
0.715	27.738
0.706	27.355
0.758	31.316
0.81	38.79
0.717	27.993
0.703	27.165
0.775	32.622
0.781	33.237
0.774	32.434
0.816	40.186
0.815	39.829
0.79	34.791
0.812	39.137
0.813	39.481
0.719	28.135
0.8	37.598
0.705	27.181
0.815	39.829
0.814	39.517
0.723	28.429
0.756	31.285
0.8	37.598
0.778	33.009
0.761	31.944
0.701	26.888
0.672	26.632
0.779	33.121
0.759	31.559
0.716	27.752
0.789	34.76
0.788	34.528
0.721	28.419
0.782	33.46
0.783	33.678
0.782	33.46
0.786	34.096
0.785	33.88
0.803	38.283
0.76	31.742
0.702	27.089
0.808	38.548
0.72	28.33
0.791	34.976
0.76	31.742
0.759	31.559
0.771	32.24
0.773	32.4
0.773	32.4
0.746	31.141
0.719	28.135
0.717	27.993
0.785	33.88
0.784	33.742
0.803	38.283
0.802	38.158
0.781	33.237
0.779	33.121
0.778	33.009
0.776	32.661
0.72	28.33
0.702	27.089
0.816	40.186
