P=? [ F (x=9&y=9&crashed=0) ]	R{"cost"}=? [ C<=100 ]
0.698	26.649
0.845	49.046
0.698	26.649
0.845	49.046
0.82	40.325
0.842	48.456
0.837	44.288
0.702	26.923
0.816	37.908
0.724	27.028
0.8	37.567
0.798	34.807
0.833	43.49
0.801	37.753
0.759	31.405
0.752	29.173
0.787	32.686
0.833	43.49
0.74	28.32
0.76	31.645
0.772	31.697
0.775	32.066
0.817	39.35
0.734	27.579
0.791	33.138
0.759	31.405
0.787	32.686
0.729	27.391
0.752	29.173
0.734	27.579
0.818	39.432
0.729	27.391
0.747	28.497
0.724	27.028
0.797	34.648
0.796	34.02
0.775	32.066
0.835	44.134
0.743	28.41
0.751	29.134
0.75	28.797
0.748	28.793
0.834	43.712
0.743	28.41
0.774	31.898
0.796	34.02
0.795	33.74
0.818	39.432
0.834	43.712
0.792	33.352
0.772	31.697
0.774	31.898
0.795	33.74
0.794	33.559
0.797	34.648
0.801	37.753
0.835	44.134
0.794	33.559
0.793	33.408
0.747	28.497
0.817	39.35
0.793	33.408
0.792	33.352
0.76	31.645
0.75	28.797
0.748	28.793
0.698	26.649
0.845	49.046
0.833	43.49
0.818	39.432
0.759	31.405
0.787	32.686
0.752	29.173
0.734	27.579
0.775	32.066
0.743	28.41
0.796	34.02
0.834	43.712
0.774	31.898
0.835	44.134
0.794	33.559
0.747	28.497
0.817	39.35
0.792	33.352
0.76	31.645
0.75	28.797
0.698	26.649
0.845	49.046
0.833	43.49
0.759	31.405
0.787	32.686
0.752	29.173
0.775	32.066
0.743	28.41
0.796	34.02
0.834	43.712
0.774	31.898
0.794	33.559
0.794	33.559
0.794	33.559
