P=? [ F (x=9&y=9&crashed=0) ]	R{"cost"}=? [ C<=100 ]
0.882	66.742
0.68	27.357
0.882	66.742
0.68	27.357
0.765	32.136
0.716	29.217
0.881	62.079
0.88	52.858
0.792	32.368
0.881	62.079
0.768	32.198
0.716	29.217
0.864	45.03
0.868	47.837
0.848	39.98
0.765	32.136
0.874	52.265
0.797	32.566
0.873	49.738
0.805	32.938
0.851	42.209
0.69	28.136
0.835	37.384
0.832	35.44
0.871	48.16
0.702	28.987
0.702	28.987
0.856	43.817
0.693	28.214
0.708	29.176
0.846	39.334
0.819	33.784
0.827	34.391
0.812	33.491
0.684	27.803
0.872	49.505
0.693	28.214
0.807	33.275
0.855	42.716
0.812	33.491
0.681	27.432
0.708	29.176
0.792	32.368
0.84	38.36
0.84	38.36
0.684	27.803
0.832	35.44
0.819	33.784
0.843	39.012
0.86	44.175
0.823	34.094
0.768	32.198
0.838	37.811
0.863	44.5
0.877	52.449
0.861	44.196
0.831	35.119
0.869	48.117
0.835	37.384
0.851	42.209
0.854	42.448
0.843	39.012
0.807	33.275
0.822	34.093
0.831	35.119
0.829	34.732
0.86	44.175
0.856	43.817
0.828	34.714
0.822	34.093
0.862	44.497
0.823	34.094
0.844	39.041
0.838	37.811
0.852	42.289
0.855	42.716
0.837	37.721
0.836	37.469
0.873	49.738
0.872	49.505
0.844	39.041
0.829	34.732
0.877	52.449
0.874	52.265
0.854	42.448
0.852	42.289
0.878	52.587
0.88	52.858
0.879	52.72
0.879	52.72
0.878	52.587
0.837	37.721
0.836	37.469
0.869	48.117
0.828	34.714
0.863	44.5
0.862	44.497
0.68	27.357
0.882	66.742
0.693	28.214
