P=? [ F (x=9&y=9&crashed=0) ]	R{"cost"}=? [ C<=100 ]
0.889	55.327
0.889	55.327
0.675	27.446
0.754	31.785
0.71	28.999
0.754	31.785
0.881	54.652
0.88	50.133
0.871	48.462
0.699	27.756
0.864	44.98
0.71	28.999
0.851	42.23
0.776	31.948
0.848	40.047
0.677	27.454
0.835	37.368
0.832	35.355
0.78	32.239
0.876	49.21
0.838	37.743
0.871	48.462
0.826	34.296
0.702	28.951
0.855	43.565
0.847	39.807
0.79	32.244
0.862	44.244
0.843	38.722
0.794	32.289
0.854	42.571
0.807	33.142
0.822	33.979
0.831	35.049
0.802	32.842
0.886	54.962
0.843	38.722
0.816	33.938
0.845	39.075
0.809	33.475
0.864	44.98
0.813	33.509
0.796	32.824
0.863	44.932
0.795	32.786
0.829	34.659
0.888	55.324
0.853	42.569
0.86	44.014
0.832	35.355
0.88	50.133
0.879	49.568
0.699	27.756
0.776	31.948
0.802	32.842
0.859	43.904
0.829	34.659
0.845	39.075
0.886	54.962
0.677	27.454
0.822	33.979
0.706	28.973
0.79	32.244
0.815	33.893
0.835	37.368
0.859	43.904
0.855	43.565
0.878	49.521
0.881	54.652
0.808	33.181
0.702	28.951
0.705	28.965
0.837	37.716
0.836	37.45
0.878	49.521
0.815	33.893
0.813	33.509
0.836	37.45
0.863	44.932
0.879	49.568
0.808	33.181
0.837	37.716
0.706	28.973
0.796	32.824
0.705	28.965
0.854	42.571
0.889	55.327
0.754	31.785
0.71	28.999
0.871	48.462
0.843	38.722
0.864	44.98
0.832	35.355
0.699	27.756
0.776	31.948
0.802	32.842
0.845	39.075
0.886	54.962
0.677	27.454
0.79	32.244
