P=? [ F (x=9&y=9&crashed=0) ]	R{"cost"}=? [ C<=100 ]
0.865	55.05
0.679	26.864
0.679	26.864
0.865	55.05
0.734	30.998
0.843	49.065
0.863	54.647
0.857	49.997
0.716	27.367
0.84	45.221
0.691	27.354
0.792	37.549
0.834	43.848
0.823	40.579
0.755	31.066
0.791	34.839
0.727	28.585
0.823	40.579
0.794	38.2
0.76	31.827
0.834	43.848
0.854	49.422
0.768	32.117
0.803	38.39
0.778	33.378
0.804	38.646
0.863	54.647
0.786	33.9
0.857	49.997
0.727	28.585
0.811	38.761
0.723	27.819
0.683	27.294
0.84	45.221
0.72	27.791
0.682	26.87
0.843	49.065
0.822	39.943
0.726	28.438
0.817	39.023
0.788	34.346
0.786	33.9
0.778	33.378
0.687	27.296
0.774	32.792
0.839	44.738
0.72	27.791
0.759	31.502
0.777	33.211
0.716	27.367
0.691	27.354
0.687	27.296
0.726	28.438
0.777	33.211
0.774	32.792
0.811	38.761
0.816	38.784
0.787	33.965
0.756	31.072
0.758	31.497
0.856	49.634
0.854	49.422
0.794	38.2
0.772	32.591
0.771	32.251
0.723	27.819
0.814	38.78
0.838	44.593
0.837	44.296
0.822	39.943
0.821	39.648
0.791	34.839
0.79	34.59
0.79	34.59
0.789	34.348
0.757	31.288
0.757	31.288
0.769	32.168
0.818	39.231
0.835	44.05
0.82	39.469
0.819	39.276
0.803	38.39
0.773	32.605
0.821	39.648
0.82	39.469
0.814	38.78
0.836	44.195
0.835	44.05
0.839	44.738
0.838	44.593
0.855	49.564
0.804	38.646
0.837	44.296
0.836	44.195
0.771	32.251
0.77	32.174
0.856	49.634
0.855	49.564
0.755	31.066
