P=? [ F (x=9&y=9&crashed=0) ]	R{"cost"}=? [ C<=100 ]
0.899	60.454
0.701	31.855
0.899	60.454
0.701	31.855
0.897	60.28
0.882	55.288
0.75	36.088
0.871	54.562
0.865	50.642
0.853	49.249
0.848	45.818
0.828	44.008
0.824	40.645
0.717	32.676
0.771	36.187
0.717	32.676
0.882	55.288
0.731	33.827
0.897	60.28
0.744	34.294
0.732	34.082
0.745	34.586
0.778	36.941
0.806	38.827
0.786	37.117
0.8	38.023
0.815	39.01
0.792	37.901
0.855	49.69
0.836	44.072
0.731	33.827
0.865	50.642
0.829	44.044
0.838	44.609
0.824	40.645
0.861	49.712
0.745	34.586
0.873	54.727
0.848	45.818
0.879	55.025
0.871	54.562
0.842	44.68
0.853	49.249
0.837	44.212
0.75	36.088
0.847	45.608
0.803	38.238
0.774	36.388
0.789	37.348
0.823	40.165
0.828	44.008
0.777	36.776
0.804	38.537
0.879	55.025
0.818	39.27
0.8	38.023
0.864	50.25
0.777	36.776
0.881	55.046
0.862	49.714
0.791	37.723
0.789	37.348
0.772	36.37
0.806	38.827
0.791	37.723
0.872	54.582
0.774	36.388
0.864	50.25
0.863	49.95
0.873	54.727
0.854	49.392
0.844	44.977
0.846	45.312
0.822	39.975
0.821	39.681
0.819	39.563
0.804	38.537
0.844	44.977
0.863	49.95
0.818	39.27
0.816	39.048
0.842	44.68
0.803	38.238
0.744	34.294
0.732	34.082
0.787	37.137
0.846	45.312
0.845	45.118
0.823	40.165
0.822	39.975
0.815	39.01
0.816	39.048
0.787	37.137
0.898	60.307
0.854	49.392
0.845	45.118
0.792	37.901
0.82	39.67
0.819	39.563
0.771	36.187
