P=? [ F (x=9&y=9&crashed=0) ]	R{"cost"}=? [ C<=100 ]
0.888	45.006
0.678	26.976
0.678	26.976
0.888	45.006
0.849	35.648
0.857	38.406
0.875	43.297
0.873	40.644
0.761	29.618
0.738	28.287
0.762	31.73
0.699	27.957
0.763	31.949
0.819	32.443
0.782	32.219
0.717	28.0
0.735	28.116
0.754	29.165
0.783	32.336
0.802	32.432
0.719	28.05
0.825	33.489
0.839	33.561
0.799	32.418
0.685	27.596
0.699	27.957
0.846	35.078
0.754	29.165
0.872	40.545
0.857	38.406
0.862	38.601
0.755	29.315
0.883	44.05
0.682	27.188
0.87	40.019
0.863	38.638
0.84	33.752
0.845	34.592
0.875	43.297
0.868	39.609
0.867	39.197
0.88	43.625
0.848	35.344
0.881	43.675
0.821	32.804
0.685	27.596
0.87	40.019
0.88	43.625
0.823	33.15
0.822	32.832
0.865	38.949
0.886	44.687
0.885	44.378
0.885	44.378
0.884	44.071
0.761	29.618
0.755	29.315
0.682	27.188
0.684	27.485
0.869	39.744
0.782	32.219
0.763	31.949
0.848	35.344
0.736	28.286
0.843	34.26
0.842	34.017
0.887	44.771
0.841	33.983
0.762	31.73
0.844	34.476
0.843	34.26
0.867	39.197
0.866	38.988
0.824	33.281
0.684	27.485
0.873	40.644
0.719	28.05
0.881	43.675
0.869	39.744
0.868	39.609
0.824	33.281
0.823	33.15
0.717	28.0
0.865	38.949
0.845	34.592
0.844	34.476
0.821	32.804
0.8	32.429
0.819	32.443
0.802	32.432
0.887	44.771
0.886	44.687
0.799	32.418
0.783	32.336
0.839	33.561
0.825	33.489
0.735	28.116
0.866	38.988
0.842	34.017
0.841	33.983
