P=? [ F (x=9&y=9&crashed=0) ]	R{"cost"}=? [ C<=100 ]
0.641	23.249
0.863	49.68
0.641	23.249
0.863	49.68
0.668	27.784
0.685	28.006
0.727	28.383
0.656	24.144
0.798	37.442
0.77	32.418
0.75	29.333
0.852	47.598
0.846	44.786
0.835	42.863
0.829	40.111
0.75	29.333
0.792	34.956
0.685	28.006
0.77	32.418
0.727	28.383
0.822	38.572
0.742	28.452
0.808	38.318
0.668	27.784
0.656	24.144
0.645	23.956
0.86	48.646
0.854	48.119
0.829	40.111
0.846	44.786
0.749	29.058
0.783	33.35
0.777	32.848
0.837	43.352
0.852	47.598
0.835	42.863
0.853	47.649
0.775	32.447
0.784	33.866
0.792	34.956
0.749	29.058
0.743	28.453
0.743	28.453
0.781	33.312
0.777	32.848
0.824	38.967
0.862	49.289
0.861	48.729
0.644	23.803
0.854	48.119
0.843	43.81
0.8	37.47
0.802	37.936
0.836	42.914
0.84	43.586
0.807	38.271
0.828	39.707
0.803	37.976
0.781	33.312
0.644	23.803
0.845	44.395
0.862	49.289
0.826	39.234
0.845	44.395
0.844	44.031
0.839	43.405
0.807	38.271
0.803	37.976
0.787	34.062
0.801	37.656
0.822	38.572
0.808	38.318
0.828	39.707
0.827	39.457
0.772	32.428
0.791	34.94
0.79	34.693
0.79	34.693
0.789	34.457
0.789	34.457
0.788	34.222
0.825	39.198
0.843	43.81
0.84	43.586
0.827	39.457
0.823	38.745
0.844	44.031
0.786	34.06
0.784	33.866
0.645	23.956
0.801	37.656
0.823	38.745
0.788	34.222
0.775	32.447
0.772	32.428
0.786	34.06
0.861	48.729
0.742	28.452
0.839	43.405
0.836	42.914
