P=? [ F (x=9&y=9&crashed=0) ]	R{"cost"}=? [ C<=100 ]
0.74	27.984
0.839	47.925
0.839	47.925
0.74	27.984
0.756	32.486
0.838	43.487
0.777	32.549
0.754	29.671
0.835	42.823
0.828	39.757
0.791	34.716
0.794	37.185
0.811	38.59
0.822	38.592
0.828	39.757
0.835	42.823
0.804	38.006
0.749	29.029
0.754	29.671
0.749	29.029
0.797	37.633
0.836	42.968
0.801	37.672
0.808	38.093
0.789	34.564
0.794	37.185
0.791	34.716
0.744	28.539
0.823	38.739
0.788	34.12
0.809	38.178
0.741	28.17
0.744	28.539
0.78	33.062
0.837	43.343
0.827	39.398
0.787	33.971
0.742	28.193
0.782	33.363
0.747	28.844
0.746	28.717
0.782	33.363
0.78	33.062
0.778	32.839
0.81	38.31
0.784	33.737
0.783	33.503
0.787	33.971
0.785	33.743
0.742	28.193
0.803	37.79
0.796	37.42
0.785	33.743
0.825	39.09
0.824	38.894
0.795	37.375
0.747	28.844
0.746	28.717
0.779	32.887
0.827	39.398
0.824	38.894
0.826	39.243
0.826	39.243
0.825	39.09
0.789	34.564
0.788	34.12
0.838	43.487
0.837	43.343
0.783	33.503
0.81	38.31
0.802	37.78
0.808	38.093
0.777	32.549
0.779	32.887
0.778	32.839
0.796	37.42
0.795	37.375
0.801	37.672
0.797	37.633
0.803	37.79
0.802	37.78
0.784	33.737
0.822	38.592
0.811	38.59
0.74	27.984
0.828	39.757
0.835	42.823
0.749	29.029
0.754	29.671
0.794	37.185
0.791	34.716
0.744	28.539
0.782	33.363
0.78	33.062
0.808	38.093
0.787	33.971
0.742	28.193
0.81	38.31
0.785	33.743
0.747	28.844
