P=? [ F (x=9&y=9&crashed=0) ]	R{"cost"}=? [ C<=100 ]
0.761	33.53
0.865	58.068
0.761	33.53
0.864	54.491
0.863	49.766
0.818	38.854
0.782	34.244
0.764	33.754
0.795	37.676
0.854	48.617
0.847	44.88
0.864	54.491
0.805	38.836
0.835	43.119
0.83	40.265
0.792	35.063
0.801	38.646
0.847	44.88
0.862	49.568
0.855	48.81
0.854	48.617
0.782	34.244
0.835	43.119
0.83	40.265
0.787	34.478
0.798	37.73
0.823	39.214
0.839	43.873
0.843	43.959
0.862	49.568
0.855	48.81
0.764	33.754
0.805	38.836
0.799	38.006
0.792	35.063
0.799	38.006
0.826	39.265
0.762	33.743
0.829	40.075
0.828	39.665
0.846	44.641
0.845	44.274
0.823	39.214
0.824	39.261
0.827	39.528
0.791	34.927
0.79	34.679
0.846	44.641
0.838	43.666
0.837	43.429
0.787	34.478
0.838	43.666
0.844	44.16
0.863	49.766
0.836	43.314
0.829	40.075
0.788	34.647
0.828	39.665
0.827	39.528
0.791	34.927
0.837	43.429
0.836	43.314
0.845	44.274
0.844	44.16
0.843	43.959
0.839	43.873
0.789	34.67
0.788	34.647
0.762	33.743
0.79	34.679
0.789	34.67
0.826	39.265
0.824	39.261
0.761	33.53
0.864	54.491
0.847	44.88
0.854	48.617
0.782	34.244
0.835	43.119
0.83	40.265
0.862	49.568
0.855	48.81
0.805	38.836
0.764	33.754
0.792	35.063
0.799	38.006
0.823	39.214
0.846	44.641
0.787	34.478
0.838	43.666
0.863	49.766
0.828	39.665
0.791	34.927
0.837	43.429
0.836	43.314
0.845	44.274
0.844	44.16
0.843	43.959
0.839	43.873
0.788	34.647
