P=? [ F (x=9&y=9&crashed=0) ]	R{"cost"}=? [ C<=100 ]
0.879	54.897
0.879	54.897
0.745	28.851
0.761	32.96
0.863	49.806
0.854	48.4
0.845	44.194
0.78	33.046
0.755	29.721
0.863	49.806
0.835	42.822
0.83	40.249
0.796	37.489
0.792	35.065
0.811	38.518
0.822	38.572
0.854	48.4
0.845	44.194
0.855	48.828
0.83	40.249
0.761	32.96
0.806	38.356
0.748	29.123
0.755	29.721
0.86	49.244
0.835	42.822
0.811	38.518
0.783	33.752
0.792	35.065
0.801	37.683
0.753	29.714
0.753	29.714
0.843	43.772
0.839	43.655
0.797	37.577
0.796	37.489
0.786	33.769
0.828	39.902
0.748	29.123
0.747	28.858
0.825	39.25
0.782	33.314
0.86	49.244
0.855	48.828
0.802	37.89
0.827	39.509
0.79	34.605
0.789	34.217
0.788	34.038
0.804	37.909
0.837	43.232
0.836	42.908
0.829	39.944
0.838	43.513
0.837	43.232
0.824	39.008
0.823	38.73
0.805	38.084
0.788	34.038
0.827	39.509
0.826	39.253
0.844	43.939
0.824	39.008
0.862	49.565
0.791	34.838
0.79	34.605
0.791	34.838
0.786	33.769
0.789	34.217
0.805	38.084
0.781	33.221
0.861	49.412
0.844	43.939
0.806	38.356
0.823	38.73
0.862	49.565
0.861	49.412
0.838	43.513
0.843	43.772
0.839	43.655
0.801	37.683
0.797	37.577
0.782	33.314
0.781	33.221
0.78	33.046
0.836	42.908
0.822	38.572
0.829	39.944
0.804	37.909
0.802	37.89
0.783	33.752
0.747	28.858
0.826	39.253
0.879	54.897
0.747	28.858
0.863	49.806
0.845	44.194
0.83	40.249
0.761	32.96
0.755	29.721
