P=? [ F (x=9&y=9&crashed=0) ]	R{"cost"}=? [ C<=100 ]
0.758	46.851
0.651	27.528
0.758	46.851
0.744	45.991
0.726	40.863
0.7	35.859
0.743	42.886
0.722	38.045
0.676	31.269
0.671	28.602
0.699	33.262
0.754	46.017
0.67	28.249
0.658	27.707
0.663	28.038
0.704	36.287
0.671	28.602
0.717	36.835
0.732	40.963
0.71	36.442
0.652	27.583
0.679	31.693
0.684	31.825
0.695	32.623
0.691	32.516
0.676	31.269
0.712	36.777
0.662	27.897
0.722	38.045
0.705	36.343
0.688	32.056
0.726	40.863
0.736	41.853
0.739	41.899
0.685	31.967
0.7	35.859
0.659	27.772
0.677	31.382
0.757	46.654
0.756	46.273
0.741	42.495
0.74	42.148
0.689	32.185
0.718	37.144
0.72	37.537
0.719	37.228
0.69	32.215
0.735	41.588
0.734	41.293
0.743	42.886
0.742	42.592
0.735	41.588
0.721	37.792
0.72	37.537
0.721	37.792
0.74	42.148
0.734	41.293
0.733	41.05
0.711	36.68
0.699	33.262
0.698	33.03
0.67	28.249
0.663	28.038
0.756	46.273
0.755	46.067
0.757	46.654
0.697	32.849
0.696	32.654
0.698	33.03
0.697	32.849
0.678	31.512
0.684	31.825
0.679	31.693
0.678	31.512
0.659	27.772
0.652	27.583
0.691	32.516
0.732	40.963
0.71	36.442
0.705	36.343
0.742	42.592
0.741	42.495
0.711	36.68
0.685	31.967
0.733	41.05
0.719	37.228
0.718	37.144
0.717	36.835
0.712	36.777
0.755	46.067
0.739	41.899
0.736	41.853
0.696	32.654
0.69	32.215
0.754	46.017
0.744	45.991
0.758	46.851
0.671	28.602
0.676	31.269
0.722	38.045
