P=? [ F (x=9&y=9&crashed=0) ]	R{"cost"}=? [ C<=100 ]
0.781	55.952
0.639	27.369
0.781	55.952
0.674	31.869
0.757	49.973
0.751	46.409
0.772	54.734
0.766	51.295
0.672	28.775
0.663	27.995
0.741	45.304
0.736	42.428
0.724	40.424
0.721	37.878
0.702	35.874
0.7	33.581
0.652	27.618
0.688	32.017
0.678	31.991
0.736	42.428
0.651	27.527
0.733	41.145
0.766	51.295
0.725	40.452
0.644	27.521
0.773	55.082
0.772	54.734
0.758	50.309
0.757	49.973
0.748	45.676
0.751	46.409
0.779	55.551
0.764	50.714
0.67	28.449
0.712	36.885
0.691	32.508
0.741	45.304
0.665	28.412
0.735	41.552
0.717	37.197
0.695	32.536
0.743	45.461
0.644	27.521
0.721	37.878
0.733	41.145
0.725	40.452
0.71	36.628
0.678	31.991
0.706	36.457
0.664	28.324
0.734	41.225
0.7	33.581
0.671	28.52
0.779	55.551
0.773	55.082
0.765	50.828
0.711	36.667
0.672	28.775
0.703	35.948
0.724	40.424
0.764	50.714
0.758	50.309
0.749	46.071
0.652	27.618
0.742	45.432
0.699	33.234
0.72	37.544
0.735	41.552
0.674	31.869
0.717	37.197
0.705	36.432
0.712	36.885
0.704	36.12
0.78	55.672
0.702	35.874
0.696	32.769
0.748	45.676
0.743	45.461
0.689	32.211
0.75	46.22
0.704	36.12
0.71	36.628
0.706	36.457
0.698	33.074
0.697	32.904
0.699	33.234
0.698	33.074
0.69	32.349
0.72	37.544
0.719	37.387
0.75	46.22
0.749	46.071
0.719	37.387
0.718	37.242
0.69	32.349
0.689	32.211
0.697	32.904
0.696	32.769
0.78	55.672
0.765	50.828
