P=? [ F (x=9&y=9&crashed=0) ]	R{"cost"}=? [ C<=100 ]
0.82	60.261
0.644	29.177
0.644	29.177
0.82	60.261
0.797	51.414
0.811	59.683
0.805	55.403
0.805	55.403
0.688	33.317
0.681	30.864
0.762	44.101
0.759	41.579
0.787	48.889
0.782	46.458
0.699	33.677
0.735	38.75
0.73	36.439
0.793	50.209
0.672	30.116
0.656	29.604
0.681	30.864
0.778	45.31
0.672	30.116
0.763	44.144
0.771	44.236
0.811	59.683
0.663	29.875
0.688	33.317
0.782	46.458
0.73	36.439
0.742	39.531
0.748	39.614
0.714	34.619
0.788	49.242
0.787	48.889
0.759	41.579
0.707	33.96
0.721	34.907
0.701	33.84
0.788	49.242
0.737	39.123
0.774	44.72
0.725	35.031
0.755	40.451
0.719	34.726
0.735	38.75
0.796	50.697
0.741	39.351
0.711	34.221
0.758	40.901
0.781	45.784
0.729	35.773
0.751	39.994
0.755	40.451
0.774	44.72
0.795	50.399
0.751	39.994
0.657	29.707
0.749	39.641
0.656	29.604
0.78	45.534
0.757	40.656
0.772	44.274
0.66	29.759
0.762	44.101
0.736	38.77
0.7	33.734
0.713	34.473
0.708	34.083
0.796	50.697
0.71	34.127
0.773	44.457
0.713	34.473
0.781	45.784
0.661	29.803
0.758	40.901
0.663	29.875
0.726	35.266
0.75	39.873
0.737	39.123
0.741	39.351
0.78	45.534
0.757	40.656
0.729	35.773
0.728	35.571
0.795	50.399
0.773	44.457
0.727	35.449
0.726	35.266
0.72	34.747
0.725	35.031
0.728	35.571
0.727	35.449
0.75	39.873
0.707	33.96
0.701	33.84
0.719	34.726
0.66	29.759
0.657	29.707
0.662	29.83
