P=? [ F (x=9&y=9&crashed=0) ]	R{"cost"}=? [ C<=100 ]
0.83	60.983
0.69	34.137
0.83	60.983
0.69	34.137
0.72	38.06
0.815	56.603
0.821	59.628
0.788	49.171
0.783	46.516
0.759	41.551
0.803	54.003
0.799	51.414
0.717	35.623
0.76	43.802
0.812	55.202
0.766	44.466
0.691	34.272
0.702	34.642
0.708	35.379
0.815	56.603
0.732	38.368
0.772	44.709
0.716	35.611
0.754	40.93
0.792	49.948
0.762	44.288
0.726	38.285
0.735	39.161
0.733	38.561
0.822	59.747
0.821	59.628
0.828	60.634
0.813	56.064
0.749	39.967
0.704	35.169
0.726	38.285
0.807	54.858
0.799	51.414
0.828	60.634
0.822	59.747
0.803	54.003
0.743	39.871
0.708	35.379
0.783	46.516
0.744	39.88
0.788	49.171
0.703	34.699
0.794	50.46
0.752	40.298
0.806	54.587
0.74	39.643
0.813	56.064
0.757	41.341
0.796	50.615
0.774	44.961
0.756	41.068
0.773	44.714
0.791	49.519
0.778	45.915
0.777	45.495
0.777	45.495
0.776	45.075
0.75	39.974
0.717	35.623
0.702	34.642
0.691	34.272
0.779	46.031
0.737	39.165
0.794	50.46
0.807	54.858
0.791	49.519
0.79	49.195
0.781	46.415
0.78	46.092
0.797	50.931
0.798	51.101
0.752	40.298
0.761	43.981
0.775	45.023
0.804	54.271
0.829	60.737
0.716	35.611
0.74	39.643
0.805	54.482
0.804	54.271
0.704	35.169
0.751	40.177
0.739	39.46
0.761	43.981
0.76	43.802
0.798	51.101
0.797	50.931
0.758	41.385
0.738	39.325
0.796	50.615
0.756	41.068
0.739	39.46
0.738	39.325
0.751	40.177
0.778	45.915
