P=? [ F (x=9&y=9&crashed=0) ]	R{"cost"}=? [ C<=100 ]
0.805	55.554
0.645	29.375
0.805	55.554
0.645	29.375
0.798	51.599
0.656	29.535
0.706	34.022
0.698	31.527
0.731	36.571
0.689	30.727
0.67	30.162
0.733	38.642
0.682	30.204
0.776	45.438
0.788	49.025
0.784	47.164
0.765	44.053
0.761	42.42
0.665	29.696
0.706	34.022
0.698	31.527
0.697	31.465
0.761	42.42
0.791	50.025
0.709	34.41
0.781	46.13
0.791	50.025
0.784	47.164
0.728	35.734
0.729	35.788
0.737	39.212
0.771	44.208
0.713	34.61
0.719	34.792
0.795	50.862
0.788	49.025
0.766	44.187
0.774	44.716
0.697	31.465
0.76	41.712
0.781	46.13
0.73	36.479
0.712	34.556
0.789	49.345
0.723	35.371
0.753	40.787
0.724	35.511
0.765	44.053
0.686	30.685
0.734	38.645
0.758	41.137
0.742	39.253
0.795	50.862
0.752	40.284
0.743	39.423
0.665	29.696
0.789	49.345
0.783	46.7
0.797	51.161
0.669	29.916
0.684	30.419
0.775	45.03
0.759	41.533
0.782	46.514
0.684	30.419
0.772	44.247
0.74	39.215
0.722	35.007
0.748	39.497
0.668	29.896
0.721	34.89
0.749	39.517
0.746	39.49
0.734	38.645
0.737	39.212
0.752	40.284
0.751	39.96
0.775	45.03
0.773	44.414
0.707	34.117
0.751	39.96
0.75	39.668
0.797	51.161
0.796	50.883
0.707	34.117
0.746	39.49
0.724	35.511
0.682	30.204
0.686	30.685
0.668	29.896
0.756	40.975
0.755	40.952
0.783	46.7
0.782	46.514
0.719	34.792
0.713	34.61
0.76	41.712
0.759	41.533
0.773	44.414
0.74	39.215
