P=? [ F (x=9&y=9&crashed=0) ]	R{"cost"}=? [ C<=100 ]
0.796	54.264
0.644	29.307
0.796	54.264
0.688	31.395
0.704	33.518
0.789	50.69
0.795	54.212
0.65	29.482
0.664	29.483
0.708	34.064
0.762	43.58
0.759	41.497
0.733	38.304
0.73	36.32
0.718	34.259
0.667	30.051
0.777	48.175
0.734	38.56
0.775	46.811
0.682	30.107
0.675	30.091
0.675	30.091
0.775	46.811
0.783	49.54
0.795	54.212
0.741	39.11
0.774	45.967
0.649	29.394
0.739	38.865
0.787	50.07
0.687	31.001
0.73	36.32
0.759	41.497
0.772	45.293
0.746	39.118
0.722	34.941
0.782	48.919
0.768	44.834
0.766	44.238
0.733	38.304
0.685	30.763
0.75	39.71
0.756	40.542
0.719	34.506
0.781	48.662
0.683	30.451
0.665	29.548
0.764	43.911
0.765	44.008
0.786	49.936
0.721	34.729
0.684	30.459
0.78	48.561
0.724	35.037
0.705	33.533
0.706	33.799
0.762	43.58
0.785	49.746
0.686	30.873
0.752	40.121
0.766	44.238
0.788	50.463
0.779	48.351
0.784	49.691
0.754	40.293
0.774	45.967
0.773	45.609
0.771	45.108
0.729	35.973
0.758	41.152
0.777	48.175
0.757	40.867
0.773	45.609
0.739	38.865
0.725	35.324
0.758	41.152
0.757	40.867
0.748	39.386
0.747	39.121
0.706	33.799
0.782	48.919
0.771	45.108
0.769	44.851
0.763	43.673
0.751	39.886
0.665	29.548
0.728	35.828
0.727	35.601
0.788	50.463
0.749	39.489
0.667	30.051
0.74	38.911
0.718	34.259
0.727	35.601
0.726	35.406
0.755	40.487
0.769	44.851
0.768	44.834
0.779	48.351
0.751	39.886
