P=? [ F (x=9&y=9&crashed=0) ]	R{"cost"}=? [ C<=100 ]
0.805	55.494
0.665	29.347
0.665	29.347
0.805	55.494
0.798	54.664
0.797	51.081
0.731	36.484
0.782	46.161
0.684	30.175
0.707	33.867
0.698	31.462
0.784	48.449
0.76	43.735
0.759	41.541
0.734	38.419
0.79	50.404
0.675	29.638
0.688	30.69
0.708	34.088
0.707	33.867
0.739	38.942
0.666	29.483
0.696	31.139
0.677	30.091
0.717	34.45
0.698	31.462
0.762	43.867
0.796	50.683
0.769	44.002
0.727	35.476
0.744	39.123
0.752	40.525
0.789	49.343
0.688	30.69
0.779	45.703
0.775	44.859
0.798	54.664
0.723	35.23
0.788	48.971
0.736	38.776
0.734	38.419
0.729	35.773
0.775	44.859
0.756	40.717
0.771	44.193
0.779	45.703
0.773	44.577
0.749	39.619
0.751	40.013
0.759	41.541
0.758	41.038
0.728	35.769
0.785	48.549
0.696	31.139
0.788	48.971
0.785	48.549
0.797	51.081
0.789	49.343
0.717	34.45
0.708	34.088
0.75	39.977
0.749	39.619
0.747	39.265
0.736	38.776
0.718	34.527
0.675	29.638
0.781	45.826
0.769	44.002
0.745	39.159
0.761	43.862
0.772	44.281
0.697	31.431
0.784	48.449
0.796	50.683
0.79	50.404
0.677	30.091
0.721	34.959
0.72	34.707
0.723	35.23
0.722	35.004
0.758	41.038
0.757	40.837
0.747	39.265
0.756	40.717
0.752	40.525
0.729	35.773
0.666	29.483
0.774	44.719
0.774	44.719
0.76	43.735
0.757	40.837
0.746	39.255
0.72	34.707
0.719	34.616
0.719	34.616
0.772	44.281
0.78	45.783
0.722	35.004
0.721	34.959
0.781	45.826
