P=? [ F (x=9&y=9&crashed=0) ]	R{"cost"}=? [ C<=100 ]
0.846	71.192
0.702	34.411
0.846	71.192
0.702	34.411
0.83	60.946
0.845	70.789
0.837	65.919
0.838	65.929
0.82	59.214
0.723	38.553
0.789	49.086
0.776	45.362
0.776	45.362
0.822	60.887
0.738	39.661
0.789	49.086
0.799	52.222
0.722	36.042
0.75	39.877
0.761	44.23
0.815	56.325
0.757	43.383
0.802	54.042
0.753	40.751
0.772	44.522
0.716	35.393
0.821	59.31
0.708	35.216
0.735	39.074
0.793	51.003
0.728	38.698
0.838	65.929
0.837	65.919
0.704	35.158
0.729	38.853
0.792	49.679
0.815	56.325
0.753	40.751
0.813	55.744
0.757	43.383
0.716	35.393
0.708	35.216
0.759	43.667
0.814	56.051
0.81	55.322
0.806	54.577
0.72	35.667
0.81	55.322
0.806	54.577
0.797	51.116
0.703	34.434
0.798	51.561
0.751	40.195
0.773	44.527
0.737	39.128
0.752	40.242
0.775	44.88
0.76	43.783
0.798	51.561
0.811	55.36
0.721	35.679
0.805	54.564
0.804	54.244
0.736	39.116
0.774	44.823
0.811	55.36
0.772	44.522
0.761	44.23
0.795	51.057
0.72	35.667
0.792	49.679
0.791	49.414
0.79	49.337
0.729	38.853
0.75	39.877
0.738	39.661
0.803	54.217
0.76	43.783
0.791	49.414
0.79	49.337
0.822	60.887
0.704	35.158
0.775	44.88
0.774	44.823
0.795	51.057
0.793	51.003
0.752	40.242
0.796	51.077
0.804	54.244
0.803	54.217
0.703	34.434
0.796	51.077
0.805	54.564
0.737	39.128
0.721	35.679
0.702	34.411
0.846	71.192
0.776	45.362
0.789	49.086
0.838	65.929
