P=? [ F (x=9&y=9&crashed=0) ]	R{"cost"}=? [ C<=100 ]
0.664	29.2
0.821	59.426
0.664	29.2
0.821	59.426
0.7	33.658
0.811	55.151
0.805	55.018
0.799	51.116
0.735	38.632
0.788	48.846
0.677	29.738
0.689	31.136
0.76	41.618
0.666	29.481
0.731	36.474
0.689	31.136
0.761	43.693
0.784	46.913
0.811	55.151
0.772	44.334
0.763	44.127
0.715	34.823
0.743	39.685
0.678	30.031
0.707	33.948
0.721	34.949
0.805	55.018
0.784	46.913
0.684	30.31
0.749	39.706
0.799	51.116
0.728	35.763
0.794	50.292
0.791	49.333
0.751	39.974
0.729	36.184
0.723	35.367
0.753	40.26
0.714	34.651
0.688	30.941
0.762	44.099
0.711	34.514
0.731	36.474
0.79	49.209
0.773	44.516
0.756	40.702
0.776	44.998
0.709	34.332
0.686	30.644
0.712	34.549
0.779	45.623
0.791	49.333
0.754	40.289
0.774	44.713
0.665	29.464
0.797	50.814
0.74	39.375
0.794	50.292
0.797	50.814
0.795	50.368
0.738	38.949
0.742	39.6
0.783	46.489
0.761	43.693
0.708	33.99
0.685	30.348
0.78	45.766
0.781	46.061
0.707	33.948
0.737	38.92
0.778	45.441
0.798	51.094
0.777	45.161
0.73	36.463
0.684	30.31
0.678	30.031
0.755	40.565
0.795	50.368
0.789	48.946
0.758	41.192
0.757	40.93
0.687	30.681
0.759	41.439
0.758	41.192
0.75	39.729
0.722	35.133
0.726	35.604
0.725	35.568
0.757	40.93
0.737	38.92
0.739	39.168
0.783	46.489
0.782	46.273
0.782	46.273
0.781	46.061
0.772	44.334
0.739	39.168
0.763	44.127
0.725	35.568
0.775	44.801
