P=? [ F (x=9&y=9&crashed=0) ]	R{"cost"}=? [ C<=100 ]
0.723	27.678
0.89	54.937
0.89	54.937
0.723	27.678
0.748	28.937
0.872	44.84
0.88	49.704
0.888	50.083
0.889	54.756
0.726	28.251
0.751	31.967
0.8	33.806
0.774	33.142
0.858	43.476
0.855	39.759
0.85	38.791
0.835	38.763
0.808	36.817
0.806	34.805
0.761	32.028
0.826	38.686
0.809	36.954
0.867	43.863
0.88	49.704
0.817	37.168
0.835	38.763
0.762	32.218
0.86	43.607
0.852	39.055
0.748	28.937
0.768	32.28
0.818	37.487
0.82	37.725
0.871	44.712
0.868	43.998
0.824	38.572
0.8	33.806
0.774	33.142
0.854	39.617
0.771	32.586
0.821	37.924
0.822	38.068
0.804	34.59
0.803	34.111
0.855	39.759
0.868	43.998
0.871	44.712
0.725	27.981
0.751	31.967
0.888	50.083
0.772	32.943
0.858	43.476
0.822	38.068
0.854	39.617
0.725	27.981
0.808	36.817
0.824	38.572
0.769	32.392
0.86	43.607
0.817	37.168
0.806	34.805
0.771	32.586
0.769	32.392
0.773	33.133
0.772	32.943
0.889	54.756
0.805	34.764
0.804	34.59
0.851	38.908
0.851	38.908
0.802	34.012
0.801	33.904
0.859	43.503
0.803	34.111
0.802	34.012
0.801	33.904
0.768	32.28
0.805	34.764
0.85	38.791
0.859	43.503
0.773	33.133
0.723	27.678
0.835	38.763
0.88	49.704
0.8	33.806
0.774	33.142
0.855	39.759
0.854	39.617
0.868	43.998
0.871	44.712
0.851	38.908
0.751	31.967
0.858	43.476
0.822	38.068
0.725	27.981
0.808	36.817
0.768	32.28
0.817	37.168
0.806	34.805
0.771	32.586
