P=? [ F (x=9&y=9&crashed=0) ]	R{"cost"}=? [ C<=100 ]
0.707	27.13
0.861	48.695
0.861	48.695
0.707	27.13
0.859	43.286
0.858	43.147
0.854	39.824
0.763	31.617
0.753	29.307
0.818	36.645
0.771	32.251
0.833	36.947
0.74	28.089
0.785	32.329
0.837	37.751
0.719	27.155
0.727	27.761
0.848	38.179
0.789	33.115
0.753	29.307
0.806	35.466
0.799	33.324
0.763	31.617
0.814	36.033
0.854	39.824
0.853	39.301
0.723	27.756
0.727	27.761
0.853	39.301
0.85	38.597
0.804	34.442
0.752	29.09
0.802	34.242
0.745	28.535
0.741	28.272
0.814	36.033
0.806	35.466
0.858	43.147
0.849	38.368
0.805	34.991
0.85	38.597
0.801	33.747
0.805	34.991
0.767	31.638
0.748	28.82
0.848	38.179
0.837	37.751
0.722	27.396
0.836	37.441
0.835	37.098
0.788	32.812
0.787	32.482
0.74	28.089
0.836	37.441
0.788	32.812
0.833	36.947
0.818	36.645
0.859	43.286
0.817	36.514
0.816	36.24
0.752	29.09
0.748	28.82
0.745	28.535
0.741	28.272
0.721	27.301
0.801	33.747
0.8	33.517
0.77	32.053
0.769	31.83
0.746	28.746
0.799	33.324
0.789	33.115
0.804	34.442
0.802	34.242
0.77	32.053
0.8	33.517
0.719	27.155
0.787	32.482
0.786	32.333
0.769	31.83
0.768	31.682
0.721	27.301
0.816	36.24
0.815	36.095
0.835	37.098
0.834	36.961
0.817	36.514
0.722	27.396
0.785	32.329
0.771	32.251
0.815	36.095
0.747	28.79
0.746	28.746
0.768	31.682
0.747	28.79
0.767	31.638
0.834	36.961
0.723	27.756
0.786	32.333
0.707	27.13
