P=? [ F (x=9&y=9&crashed=0) ]	R{"cost"}=? [ C<=100 ]
0.889	49.937
0.721	27.291
0.721	27.291
0.889	49.937
0.873	47.66
0.807	34.956
0.834	37.04
0.856	42.923
0.855	39.593
0.872	44.708
0.767	31.767
0.753	29.269
0.785	32.285
0.769	31.907
0.834	37.04
0.807	34.956
0.884	49.065
0.753	29.269
0.767	31.767
0.739	28.051
0.884	49.065
0.873	47.66
0.73	27.966
0.84	38.209
0.791	33.235
0.858	43.139
0.846	38.298
0.797	33.309
0.888	49.74
0.802	33.735
0.747	28.775
0.888	49.74
0.863	43.227
0.799	33.321
0.849	38.318
0.742	28.302
0.785	32.285
0.769	31.907
0.851	38.685
0.742	28.302
0.751	29.048
0.806	34.545
0.8	33.582
0.787	32.472
0.846	38.298
0.857	42.929
0.839	38.069
0.838	37.72
0.872	44.708
0.871	44.384
0.745	28.521
0.865	43.255
0.722	27.46
0.725	27.712
0.728	27.911
0.724	27.551
0.727	27.75
0.751	29.048
0.747	28.775
0.789	33.003
0.788	32.733
0.855	39.593
0.854	39.325
0.871	44.384
0.87	44.117
0.85	38.583
0.867	43.524
0.866	43.262
0.788	32.733
0.836	37.434
0.835	37.18
0.852	38.937
0.803	33.985
0.853	39.163
0.852	38.937
0.863	43.227
0.73	27.966
0.745	28.521
0.797	33.309
0.868	43.729
0.867	43.524
0.805	34.379
0.746	28.573
0.804	34.177
0.869	43.93
0.868	43.729
0.752	29.068
0.804	34.177
0.803	33.985
0.787	32.472
0.87	44.117
0.869	43.93
0.806	34.545
0.805	34.379
0.854	39.325
0.853	39.163
0.8	33.582
0.837	37.58
0.836	37.434
0.838	37.72
