P=? [ F (x=9&y=9&crashed=0) ]	R{"cost"}=? [ C<=100 ]
0.719	27.141
0.871	44.661
0.871	44.661
0.719	27.141
0.865	43.442
0.854	39.453
0.726	27.757
0.753	29.298
0.762	31.437
0.741	28.042
0.819	36.824
0.812	36.129
0.785	32.296
0.77	31.943
0.805	34.439
0.831	36.895
0.854	39.453
0.865	43.442
0.753	29.298
0.838	37.739
0.762	31.437
0.798	33.277
0.79	32.975
0.742	28.536
0.847	38.131
0.805	34.439
0.836	37.406
0.812	36.129
0.746	28.565
0.722	27.489
0.853	39.189
0.77	31.943
0.866	43.579
0.803	34.184
0.802	33.751
0.798	33.277
0.79	32.975
0.868	44.182
0.867	43.788
0.847	38.131
0.838	37.739
0.788	32.778
0.765	31.617
0.751	29.032
0.801	33.749
0.8	33.493
0.834	37.039
0.785	32.296
0.817	36.482
0.721	27.288
0.741	28.042
0.852	39.047
0.851	38.764
0.763	31.603
0.848	38.143
0.722	27.489
0.85	38.552
0.849	38.284
0.787	32.511
0.817	36.482
0.751	29.032
0.748	28.797
0.834	37.039
0.749	28.902
0.748	28.797
0.8	33.493
0.851	38.764
0.85	38.552
0.867	43.788
0.87	44.461
0.837	37.541
0.788	32.778
0.786	32.482
0.804	34.369
0.803	34.184
0.814	36.153
0.768	31.787
0.832	36.92
0.816	36.333
0.721	27.288
0.768	31.787
0.746	28.565
0.852	39.047
0.849	38.284
0.87	44.461
0.869	44.321
0.869	44.321
0.868	44.182
0.766	31.754
0.837	37.541
0.749	28.902
0.816	36.333
0.815	36.206
0.833	36.932
0.804	34.369
0.815	36.206
0.767	31.756
0.787	32.511
0.786	32.482
0.814	36.153
