P=? [ F (x=9&y=9&crashed=0) ]	R{"cost"}=? [ C<=100 ]
0.879	54.31
0.736	32.45
0.736	32.45
0.879	54.31
0.868	53.225
0.862	48.842
0.848	48.145
0.845	44.102
0.756	36.729
0.829	43.1
0.827	39.586
0.748	33.871
0.809	38.502
0.82	38.698
0.768	36.817
0.801	38.201
0.858	48.494
0.778	37.021
0.808	38.269
0.85	48.333
0.748	33.871
0.836	43.412
0.778	37.021
0.871	53.854
0.785	37.1
0.756	36.729
0.877	54.021
0.862	48.842
0.868	53.225
0.763	36.734
0.831	43.279
0.79	37.264
0.767	36.735
0.785	37.1
0.745	33.316
0.797	38.095
0.795	37.664
0.794	37.487
0.746	33.724
0.825	39.319
0.87	53.512
0.845	44.102
0.763	36.734
0.86	48.555
0.742	33.193
0.739	32.754
0.739	32.754
0.839	43.413
0.842	43.647
0.841	43.462
0.829	43.1
0.844	43.93
0.877	54.021
0.79	37.264
0.848	48.145
0.742	33.193
0.87	53.512
0.831	43.279
0.844	43.93
0.842	43.647
0.796	37.929
0.792	37.376
0.792	37.376
0.738	32.687
0.826	39.549
0.823	39.059
0.822	38.837
0.738	32.687
0.86	48.555
0.827	39.586
0.849	48.153
0.824	39.143
0.871	53.854
0.796	37.929
0.85	48.333
0.839	43.413
0.746	33.724
0.797	38.095
0.744	33.224
0.824	39.143
0.823	39.059
0.821	38.778
0.822	38.837
0.821	38.778
0.841	43.462
0.826	39.549
0.744	33.224
0.743	33.199
0.849	48.153
0.743	33.199
0.879	54.31
0.748	33.871
0.778	37.021
0.756	36.729
0.862	48.842
0.868	53.225
0.845	44.102
0.739	32.754
0.829	43.1
0.877	54.021
