P=? [ F (x=9&y=9&crashed=0) ]	R{"cost"}=? [ C<=100 ]
0.88	54.287
0.683	26.095
0.683	26.095
0.88	54.287
0.829	39.976
0.727	28.173
0.857	48.496
0.878	53.932
0.864	49.662
0.847	44.578
0.699	28.153
0.751	32.234
0.84	43.281
0.864	49.662
0.746	30.091
0.797	37.614
0.788	35.211
0.743	29.158
0.764	32.237
0.878	53.932
0.803	38.031
0.817	38.085
0.84	43.281
0.847	44.578
0.746	30.091
0.857	48.496
0.732	28.696
0.689	27.176
0.788	35.211
0.772	33.321
0.797	37.614
0.691	27.982
0.779	33.372
0.688	26.817
0.78	33.381
0.743	29.158
0.768	32.736
0.694	28.117
0.685	26.322
0.863	49.017
0.801	37.955
0.826	39.254
0.699	28.153
0.751	32.234
0.861	48.663
0.783	33.849
0.731	28.674
0.862	48.808
0.783	33.849
0.732	28.696
0.731	28.674
0.842	43.697
0.8	37.705
0.77	32.871
0.785	34.423
0.784	34.075
0.821	38.338
0.823	38.587
0.787	34.994
0.786	34.65
0.686	26.483
0.694	28.117
0.686	26.483
0.767	32.442
0.828	39.759
0.827	39.48
0.691	27.982
0.823	38.587
0.821	38.338
0.825	39.028
0.824	38.789
0.771	33.105
0.786	34.65
0.785	34.423
0.784	34.075
0.827	39.48
0.825	39.028
0.846	44.359
0.828	39.759
0.787	34.994
0.771	33.105
0.863	49.017
0.841	43.49
0.844	43.964
0.879	54.078
0.843	43.755
0.846	44.359
0.845	44.151
0.841	43.49
0.82	38.134
0.824	38.789
0.817	38.085
0.803	38.031
0.845	44.151
0.844	43.964
0.766	32.424
0.819	38.093
0.798	37.642
0.861	48.663
0.766	32.424
