P=? [ F (x=9&y=9&crashed=0) ]	R{"cost"}=? [ C<=100 ]
0.897	59.824
0.651	25.962
0.897	59.824
0.651	25.962
0.877	53.946
0.721	28.78
0.835	43.195
0.895	59.53
0.88	54.445
0.853	48.515
0.863	49.323
0.846	44.289
0.828	39.566
0.701	28.532
0.791	37.062
0.739	28.871
0.748	30.313
0.895	59.53
0.88	54.445
0.683	26.1
0.667	25.982
0.748	30.313
0.787	34.972
0.667	25.982
0.863	49.323
0.759	32.029
0.803	37.933
0.759	32.029
0.744	29.456
0.701	28.532
0.692	27.925
0.86	48.626
0.69	27.731
0.812	38.028
0.817	38.049
0.778	33.352
0.846	44.289
0.771	33.132
0.744	29.456
0.689	27.046
0.686	26.409
0.853	48.515
0.828	39.566
0.692	27.925
0.769	32.702
0.78	33.537
0.767	32.504
0.812	38.028
0.739	28.871
0.839	43.426
0.799	37.471
0.685	26.225
0.787	34.972
0.77	32.958
0.801	37.831
0.861	49.034
0.821	38.434
0.795	37.253
0.688	26.896
0.842	43.643
0.794	37.095
0.844	44.106
0.785	34.614
0.784	34.212
0.827	39.562
0.782	34.003
0.823	38.887
0.778	33.352
0.765	32.309
0.783	34.021
0.878	54.154
0.84	43.625
0.766	32.31
0.878	54.154
0.861	49.034
0.688	26.896
0.763	32.237
0.761	32.099
0.843	43.833
0.797	37.345
0.683	26.1
0.826	39.317
0.781	33.772
0.839	43.426
0.781	33.772
0.797	37.345
0.822	38.662
0.822	38.662
0.771	33.132
0.826	39.317
0.825	39.104
0.763	32.237
0.761	32.099
0.819	38.252
0.825	39.104
0.824	38.903
0.784	34.212
0.8	37.662
0.843	43.833
0.786	34.803
