P=? [ F (x=9&y=9&crashed=0) ]	R{"cost"}=? [ C<=100 ]
0.864	49.791
0.633	23.373
0.633	23.373
0.864	49.791
0.847	44.743
0.86	49.089
0.837	43.319
0.827	39.51
0.706	28.57
0.649	25.831
0.799	37.366
0.786	34.848
0.801	37.856
0.648	25.298
0.75	32.171
0.73	30.109
0.75	32.171
0.73	30.109
0.815	38.029
0.667	26.022
0.722	28.873
0.667	26.022
0.683	26.095
0.799	37.366
0.69	27.676
0.847	44.743
0.638	24.685
0.86	49.089
0.786	34.848
0.751	32.203
0.702	27.847
0.764	32.246
0.837	43.319
0.772	33.538
0.78	33.555
0.827	39.51
0.703	28.094
0.769	32.906
0.845	44.373
0.638	24.685
0.636	24.012
0.689	27.168
0.841	43.655
0.635	23.91
0.771	33.136
0.861	49.326
0.861	49.326
0.728	30.037
0.727	29.574
0.687	26.722
0.689	27.168
0.687	26.722
0.843	44.215
0.768	32.481
0.722	28.873
0.726	29.475
0.818	38.063
0.785	34.647
0.784	34.253
0.783	34.208
0.686	26.39
0.838	43.498
0.842	43.898
0.826	39.394
0.825	39.086
0.766	32.457
0.724	29.148
0.685	26.274
0.842	43.898
0.724	29.148
0.822	38.625
0.821	38.387
0.771	33.136
0.781	33.785
0.636	24.012
0.635	23.91
0.782	33.995
0.782	33.995
0.781	33.785
0.785	34.647
0.725	29.276
0.82	38.271
0.824	38.97
0.823	38.783
0.819	38.084
0.729	30.101
0.765	32.283
0.702	27.847
0.69	27.676
0.823	38.783
0.822	38.625
0.843	44.215
0.684	26.252
0.839	43.529
0.767	32.463
0.725	29.276
0.839	43.529
0.686	26.39
0.825	39.086
0.821	38.387
