P=? [ F (x=9&y=9&crashed=0) ]	R{"cost"}=? [ C<=100 ]
0.861	49.418
0.861	49.418
0.606	23.691
0.656	26.058
0.736	32.359
0.856	48.526
0.845	44.59
0.828	39.785
0.837	43.38
0.656	26.058
0.766	32.414
0.787	35.031
0.798	37.461
0.684	26.36
0.731	30.341
0.71	28.12
0.804	38.202
0.82	38.369
0.692	27.884
0.668	26.286
0.845	44.59
0.787	35.031
0.828	39.785
0.713	28.462
0.668	26.286
0.856	48.526
0.837	43.38
0.859	49.216
0.798	37.461
0.687	26.852
0.718	28.605
0.771	33.344
0.857	48.67
0.725	29.405
0.688	27.659
0.826	39.36
0.729	30.189
0.78	33.548
0.844	44.173
0.726	29.584
0.731	30.341
0.769	32.895
0.781	33.969
0.777	33.486
0.687	26.852
0.736	32.359
0.723	28.965
0.71	28.12
0.77	32.927
0.784	34.443
0.783	34.029
0.768	32.486
0.785	34.63
0.726	29.584
0.691	27.803
0.825	39.28
0.824	38.913
0.729	30.189
0.799	37.468
0.801	37.741
0.821	38.666
0.785	34.63
0.822	38.817
0.841	44.132
0.84	43.854
0.722	28.831
0.838	43.624
0.842	44.172
0.692	27.884
0.723	28.965
0.803	38.162
0.8	37.701
0.802	37.929
0.72	28.805
0.823	38.845
0.802	37.929
0.784	34.443
0.82	38.369
0.821	38.666
0.689	27.707
0.84	43.854
0.839	43.708
0.777	33.486
0.771	33.344
0.72	28.805
0.778	33.492
0.689	27.707
0.839	43.708
0.838	43.624
0.825	39.28
0.824	38.913
0.778	33.492
0.766	32.414
0.767	32.465
0.783	34.029
0.782	33.98
0.688	27.659
0.8	37.701
0.841	44.132
0.803	38.162
