P=? [ F (x=9&y=9&crashed=0) ]	R{"cost"}=? [ C<=100 ]
0.888	54.475
0.717	27.904
0.888	54.475
0.717	27.904
0.732	29.032
0.776	31.731
0.732	29.032
0.88	49.724
0.886	54.189
0.864	47.523
0.822	34.079
0.863	44.474
0.776	31.731
0.831	35.087
0.848	39.976
0.835	37.36
0.851	42.121
0.794	32.043
0.81	33.615
0.781	32.04
0.856	43.064
0.88	49.724
0.86	44.15
0.856	43.064
0.886	54.189
0.873	49.149
0.827	34.389
0.84	38.779
0.848	39.976
0.844	39.037
0.831	35.087
0.877	49.399
0.86	44.15
0.846	39.399
0.835	37.36
0.868	47.876
0.803	32.986
0.802	32.649
0.869	48.068
0.81	33.615
0.851	42.121
0.854	42.461
0.839	38.321
0.838	37.75
0.877	49.399
0.872	48.589
0.871	48.194
0.846	39.399
0.829	34.726
0.808	33.276
0.829	34.726
0.861	44.473
0.827	34.389
0.852	42.417
0.839	38.321
0.799	32.435
0.797	32.29
0.806	33.157
0.844	39.037
0.797	32.29
0.777	31.748
0.872	48.589
0.778	31.973
0.78	32.02
0.799	32.435
0.868	47.876
0.864	47.523
0.806	33.157
0.794	32.043
0.808	33.276
0.836	37.624
0.84	38.779
0.873	49.149
0.802	32.649
0.854	42.461
0.803	32.986
0.871	48.194
0.837	37.7
0.836	37.624
0.838	37.75
0.837	37.7
0.778	31.973
0.853	42.425
0.853	42.425
0.781	32.04
0.863	44.474
0.861	44.473
0.888	54.475
0.717	27.904
0.732	29.032
0.776	31.731
0.88	49.724
0.856	43.064
0.886	54.189
0.831	35.087
0.86	44.15
0.835	37.36
0.868	47.876
0.81	33.615
0.851	42.121
