P=? [ F (x=9&y=9&crashed=0) ]	R{"cost"}=? [ C<=100 ]
0.897	71.91
0.897	71.91
0.721	34.517
0.889	62.065
0.755	35.919
0.766	36.77
0.727	35.027
0.889	62.065
0.869	54.622
0.779	38.43
0.882	57.755
0.873	56.7
0.809	40.965
0.837	43.985
0.819	43.533
0.816	42.323
0.848	47.598
0.84	45.934
0.855	48.915
0.865	52.564
0.727	35.027
0.826	43.786
0.857	50.812
0.816	42.323
0.835	43.939
0.881	57.545
0.79	39.526
0.798	39.72
0.882	57.755
0.873	56.7
0.826	43.786
0.847	47.451
0.853	48.685
0.853	48.685
0.808	40.842
0.864	52.369
0.861	51.465
0.787	39.122
0.844	46.82
0.803	40.688
0.881	57.545
0.865	52.564
0.861	51.465
0.783	38.949
0.801	40.427
0.799	39.74
0.819	43.533
0.78	38.635
0.844	46.82
0.864	52.369
0.84	45.934
0.843	46.353
0.801	40.427
0.842	46.113
0.781	38.867
0.855	48.915
0.783	38.949
0.86	51.091
0.835	43.939
0.859	51.09
0.858	50.813
0.788	39.379
0.802	40.678
0.843	46.353
0.799	39.74
0.857	50.812
0.798	39.72
0.79	39.526
0.842	46.113
0.787	39.122
0.808	40.842
0.803	40.688
0.781	38.867
0.789	39.45
0.789	39.45
0.788	39.379
0.802	40.678
0.858	50.813
0.86	51.091
0.859	51.09
0.897	71.91
0.889	62.065
0.727	35.027
0.816	42.323
0.808	40.842
0.873	56.7
0.826	43.786
0.881	57.545
0.865	52.564
0.861	51.465
0.844	46.82
0.864	52.369
0.84	45.934
0.801	40.427
0.855	48.915
0.783	38.949
0.843	46.353
0.799	39.74
0.857	50.812
0.79	39.526
