P=? [ F (x=9&y=9&crashed=0) ]	R{"cost"}=? [ C<=100 ]
0.719	28.676
0.87	51.528
0.87	51.528
0.719	28.676
0.753	33.023
0.867	51.022
0.853	46.269
0.731	29.833
0.731	29.833
0.821	41.222
0.801	39.719
0.853	46.269
0.834	43.444
0.821	41.222
0.816	40.067
0.834	43.444
0.837	43.914
0.849	45.559
0.849	45.559
0.837	43.914
0.72	28.738
0.73	29.792
0.776	35.254
0.762	33.221
0.768	34.402
0.73	29.792
0.72	28.738
0.776	35.254
0.767	34.221
0.768	34.402
0.759	33.151
0.796	37.93
0.767	34.221
0.787	37.249
0.762	33.221
0.8	39.549
0.799	38.881
0.786	37.134
0.783	36.48
0.82	40.586
0.792	37.468
0.836	43.745
0.819	40.412
0.835	43.476
0.759	33.151
0.778	35.543
0.786	37.134
0.783	36.48
0.797	38.312
0.782	36.39
0.781	36.038
0.816	40.067
0.801	39.719
0.798	38.63
0.797	38.312
0.852	45.971
0.869	51.238
0.778	35.543
0.779	35.812
0.795	37.669
0.799	38.881
0.798	38.63
0.792	37.468
0.787	37.249
0.852	45.971
0.851	45.774
0.781	36.038
0.78	35.845
0.869	51.238
0.851	45.774
0.85	45.592
0.868	51.056
0.82	40.586
0.818	40.283
0.817	40.109
0.8	39.549
0.795	37.669
0.794	37.5
0.818	40.283
0.782	36.39
0.817	40.109
0.868	51.056
0.78	35.845
0.85	45.592
0.779	35.812
0.794	37.5
0.793	37.478
0.793	37.478
0.719	28.676
0.87	51.528
0.731	29.833
0.853	46.269
0.821	41.222
0.837	43.914
0.849	45.559
0.73	29.792
0.72	28.738
0.776	35.254
0.768	34.402
0.767	34.221
