P=? [ F (x=9&y=9&crashed=0) ]	R{"cost"}=? [ C<=100 ]
0.881	61.822
0.752	34.964
0.752	34.964
0.881	61.822
0.879	56.879
0.879	56.879
0.779	36.353
0.872	52.131
0.824	44.149
0.756	35.325
0.86	50.571
0.855	46.751
0.795	39.61
0.785	36.92
0.837	44.269
0.823	41.926
0.795	39.61
0.785	36.92
0.821	41.433
0.813	41.29
0.872	52.131
0.846	45.716
0.864	51.395
0.779	36.353
0.756	35.325
0.755	35.315
0.851	45.905
0.86	50.571
0.869	51.649
0.855	46.751
0.78	36.522
0.784	36.756
0.808	40.918
0.804	40.43
0.799	39.951
0.842	44.958
0.839	44.402
0.844	45.383
0.842	44.958
0.808	40.918
0.804	40.43
0.803	40.42
0.8	39.958
0.809	40.938
0.803	40.42
0.8	39.958
0.812	41.283
0.823	41.926
0.822	41.504
0.839	44.402
0.846	45.716
0.854	46.737
0.853	46.381
0.853	46.381
0.852	46.032
0.871	52.025
0.87	51.676
0.809	40.938
0.812	41.283
0.799	39.951
0.844	45.383
0.863	51.064
0.843	45.059
0.862	50.982
0.861	50.659
0.869	51.649
0.864	51.395
0.784	36.756
0.78	36.522
0.851	45.905
0.821	41.433
0.813	41.29
0.838	44.4
0.852	46.032
0.837	44.269
0.824	44.149
0.871	52.025
0.843	45.059
0.861	50.659
0.863	51.064
0.862	50.982
0.822	41.504
0.87	51.676
0.854	46.737
0.838	44.4
0.881	61.822
0.752	34.964
0.879	56.879
0.795	39.61
0.785	36.92
0.872	52.131
0.779	36.353
0.756	35.325
0.86	50.571
0.855	46.751
0.842	44.958
0.808	40.918
0.804	40.43
0.803	40.42
0.8	39.958
