P=? [ F (x=9&y=9&crashed=0) ]	R{"cost"}=? [ C<=100 ]
0.673	29.016
0.871	51.771
0.871	51.771
0.673	29.016
0.711	29.67
0.752	33.161
0.711	29.67
0.854	46.573
0.707	29.268
0.677	29.245
0.858	50.233
0.752	33.161
0.826	43.483
0.825	41.626
0.801	39.547
0.777	35.343
0.814	39.877
0.795	37.879
0.785	36.467
0.763	34.748
0.795	37.879
0.772	35.036
0.837	43.955
0.827	43.498
0.785	36.467
0.843	45.005
0.86	50.595
0.84	44.625
0.843	45.005
0.772	35.036
0.854	46.573
0.838	43.985
0.866	50.912
0.849	45.579
0.784	36.454
0.781	35.868
0.849	45.579
0.676	29.038
0.78	35.849
0.84	44.625
0.761	34.38
0.756	33.435
0.825	41.626
0.823	41.168
0.837	43.955
0.827	43.498
0.852	46.228
0.819	40.539
0.823	41.168
0.8	39.124
0.761	34.38
0.763	34.748
0.858	50.233
0.707	29.268
0.852	46.228
0.869	51.424
0.868	51.086
0.851	45.89
0.798	38.641
0.797	38.31
0.814	39.877
0.801	39.547
0.859	50.265
0.759	34.088
0.818	40.216
0.822	40.849
0.866	50.912
0.86	50.595
0.753	33.242
0.8	39.124
0.799	38.815
0.759	34.088
0.851	45.89
0.85	45.605
0.821	40.805
0.819	40.539
0.757	33.688
0.781	35.868
0.78	35.849
0.796	38.127
0.784	36.454
0.817	40.177
0.816	39.962
0.758	33.877
0.87	51.627
0.869	51.424
0.756	33.435
0.753	33.242
0.758	33.877
0.757	33.688
0.797	38.31
0.796	38.127
0.799	38.815
0.798	38.641
0.821	40.805
0.838	43.985
0.87	51.627
0.868	51.086
0.867	50.945
0.815	39.927
