P=? [ F (x=9&y=9&crashed=0) ]	R{"cost"}=? [ C<=100 ]
0.88	57.029
0.729	34.352
0.87	51.705
0.878	56.411
0.823	41.488
0.852	46.061
0.853	50.231
0.731	34.762
0.752	34.974
0.756	35.355
0.774	36.026
0.801	40.483
0.836	43.832
0.844	45.576
0.794	39.046
0.785	37.035
0.836	43.832
0.811	40.618
0.794	39.046
0.839	44.143
0.86	50.749
0.785	37.035
0.798	39.415
0.756	35.355
0.878	56.411
0.774	36.026
0.845	45.603
0.869	51.678
0.863	51.125
0.854	50.256
0.851	46.037
0.879	56.437
0.78	36.374
0.752	34.974
0.839	44.143
0.869	51.678
0.863	51.125
0.861	50.779
0.862	51.1
0.854	50.256
0.814	41.076
0.796	39.334
0.821	41.483
0.801	40.483
0.811	40.618
0.851	46.037
0.845	45.603
0.784	36.986
0.798	39.415
0.781	36.749
0.731	34.762
0.777	36.109
0.814	41.076
0.819	41.196
0.78	36.374
0.777	36.109
0.838	44.12
0.837	43.86
0.796	39.334
0.783	36.768
0.776	36.059
0.815	41.105
0.819	41.196
0.818	41.15
0.816	41.126
0.821	41.483
0.776	36.059
0.837	43.86
0.853	50.231
0.818	41.15
0.816	41.126
0.838	44.12
0.783	36.768
0.782	36.754
0.782	36.754
0.781	36.749
0.836	43.832
0.794	39.046
0.785	37.035
0.756	35.355
0.878	56.411
0.774	36.026
0.752	34.974
0.869	51.678
0.863	51.125
0.854	50.256
0.801	40.483
0.811	40.618
0.851	46.037
0.845	45.603
0.798	39.415
0.731	34.762
0.814	41.076
0.78	36.374
0.796	39.334
0.821	41.483
0.776	36.059
0.837	43.86
0.853	50.231
0.838	44.12
