P=? [ F (x=9&y=9&crashed=0) ]	R{"cost"}=? [ C<=100 ]
0.896	61.995
0.725	28.778
0.725	28.778
0.896	61.995
0.872	55.494
0.74	33.205
0.895	61.703
0.888	56.94
0.743	33.543
0.871	51.791
0.74	33.205
0.783	36.371
0.758	34.238
0.854	46.548
0.807	39.77
0.855	49.121
0.797	38.781
0.797	38.781
0.783	36.371
0.885	56.245
0.778	35.324
0.824	41.121
0.839	44.711
0.856	49.465
0.833	43.15
0.818	40.158
0.824	41.121
0.866	50.781
0.849	45.602
0.768	34.861
0.758	34.238
0.888	56.94
0.833	43.15
0.764	34.299
0.895	61.703
0.866	50.781
0.856	49.465
0.798	38.819
0.822	40.758
0.767	34.842
0.804	38.918
0.849	45.602
0.839	44.711
0.778	35.324
0.805	38.961
0.869	51.285
0.885	56.245
0.872	55.494
0.836	43.515
0.868	51.053
0.807	39.77
0.852	46.206
0.782	35.849
0.837	44.035
0.781	35.834
0.82	40.518
0.867	50.814
0.768	34.861
0.85	45.632
0.764	34.299
0.887	56.52
0.781	35.834
0.818	40.158
0.87	51.648
0.838	44.359
0.855	49.121
0.854	46.548
0.852	46.206
0.851	45.869
0.838	44.359
0.837	44.035
0.819	40.203
0.835	43.485
0.834	43.18
0.82	40.518
0.805	38.961
0.851	45.869
0.887	56.52
0.886	56.284
0.871	51.791
0.87	51.648
0.804	38.918
0.819	40.203
0.886	56.284
0.834	43.18
0.835	43.485
0.782	35.849
0.896	61.995
0.725	28.778
0.74	33.205
0.797	38.781
0.783	36.371
0.758	34.238
0.833	43.15
0.895	61.703
0.866	50.781
0.856	49.465
0.849	45.602
0.839	44.711
0.778	35.324
