P=? [ F (x=9&y=9&crashed=0) ]	R{"cost"}=? [ C<=100 ]
0.721	28.912
0.854	55.296
0.854	55.296
0.721	28.912
0.846	54.707
0.796	38.296
0.731	29.797
0.845	49.741
0.741	33.092
0.822	44.731
0.821	41.262
0.743	33.174
0.76	33.256
0.831	48.045
0.731	29.797
0.783	36.505
0.804	39.151
0.83	45.842
0.815	40.282
0.741	33.092
0.783	36.505
0.775	35.336
0.768	35.075
0.765	34.627
0.764	33.478
0.838	49.473
0.815	40.282
0.804	39.151
0.852	55.003
0.828	45.46
0.823	44.906
0.836	48.954
0.836	48.954
0.831	48.045
0.801	38.672
0.843	49.553
0.775	35.336
0.803	38.723
0.78	36.108
0.801	38.672
0.763	33.32
0.828	45.46
0.823	44.906
0.76	33.256
0.767	34.816
0.778	35.79
0.778	35.79
0.837	49.118
0.779	35.795
0.852	55.003
0.846	54.707
0.743	33.174
0.768	35.075
0.821	41.262
0.82	41.006
0.782	36.432
0.781	36.212
0.83	45.842
0.829	45.64
0.767	34.816
0.765	34.627
0.817	40.497
0.819	40.844
0.816	40.315
0.818	40.662
0.829	45.64
0.822	44.731
0.818	40.662
0.817	40.497
0.837	49.118
0.82	41.006
0.819	40.844
0.764	33.478
0.853	55.138
0.845	49.741
0.844	49.586
0.853	55.138
0.781	36.212
0.843	49.553
0.838	49.473
0.782	36.432
0.763	33.32
0.803	38.723
0.816	40.315
0.844	49.586
0.779	35.795
0.854	55.296
0.721	28.912
0.731	29.797
0.741	33.092
0.783	36.505
0.815	40.282
0.804	39.151
0.836	48.954
0.831	48.045
0.775	35.336
0.828	45.46
0.823	44.906
0.852	55.003
0.846	54.707
