P=? [ F (x=9&y=9&crashed=0) ]	R{"cost"}=? [ C<=100 ]
0.886	56.487
0.886	56.487
0.725	28.744
0.879	56.428
0.871	51.926
0.753	33.025
0.732	29.852
0.86	50.732
0.854	48.597
0.753	33.025
0.732	29.852
0.824	41.608
0.802	39.806
0.817	40.303
0.853	46.283
0.837	43.849
0.824	41.608
0.854	48.597
0.837	43.849
0.794	37.671
0.868	50.821
0.871	51.926
0.764	33.396
0.754	33.064
0.785	36.505
0.776	35.323
0.797	38.238
0.794	37.671
0.785	36.505
0.845	45.673
0.861	50.756
0.729	29.303
0.85	45.725
0.842	45.269
0.839	44.35
0.77	34.464
0.798	39.122
0.776	35.323
0.77	34.464
0.839	44.35
0.768	33.964
0.727	29.302
0.782	36.402
0.777	35.795
0.823	40.985
0.869	51.42
0.8	39.774
0.781	35.867
0.768	33.964
0.765	33.439
0.731	29.822
0.821	40.903
0.819	40.388
0.817	40.303
0.802	39.806
0.838	43.877
0.769	34.423
0.87	51.51
0.765	33.439
0.843	45.296
0.842	45.269
0.799	39.412
0.795	38.013
0.764	33.396
0.754	33.064
0.852	46.073
0.851	45.778
0.799	39.412
0.798	39.122
0.818	40.324
0.819	40.388
0.845	45.673
0.821	40.903
0.853	46.283
0.852	46.073
0.784	36.472
0.731	29.822
0.843	45.296
0.78	35.847
0.796	38.054
0.778	35.798
0.727	29.302
0.87	51.51
0.869	51.42
0.784	36.472
0.782	36.402
0.868	50.821
0.861	50.756
0.851	45.778
0.78	35.847
0.778	35.798
0.823	40.985
0.822	40.941
0.796	38.054
0.795	38.013
0.769	34.423
0.822	40.941
0.838	43.877
0.801	39.778
0.781	35.867
