P=? [ F (x=9&y=9&crashed=0) ]	R{"cost"}=? [ C<=100 ]
0.84	46.389
0.698	28.689
0.698	28.689
0.84	46.389
0.726	29.156
0.702	28.709
0.835	43.736
0.824	41.677
0.839	46.116
0.837	44.077
0.732	29.782
0.732	29.782
0.798	38.483
0.824	41.677
0.805	39.632
0.787	37.049
0.787	37.049
0.743	31.029
0.798	38.483
0.835	43.736
0.743	31.029
0.82	40.758
0.775	34.96
0.768	34.753
0.814	39.801
0.751	32.286
0.752	33.204
0.748	31.842
0.702	28.709
0.748	31.842
0.786	36.8
0.784	36.066
0.744	31.111
0.803	38.708
0.767	34.432
0.804	39.063
0.818	40.238
0.753	33.35
0.818	40.238
0.744	31.111
0.837	44.077
0.75	32.285
0.78	35.613
0.777	35.175
0.801	38.502
0.777	35.175
0.839	46.116
0.758	33.851
0.755	33.447
0.822	41.069
0.78	35.613
0.786	36.8
0.764	34.199
0.804	39.063
0.823	41.33
0.817	39.902
0.836	43.752
0.822	41.069
0.761	33.881
0.757	33.711
0.757	33.711
0.823	41.33
0.781	35.74
0.784	36.066
0.783	35.956
0.767	34.432
0.764	34.199
0.755	33.447
0.783	35.956
0.781	35.74
0.768	34.753
0.816	39.853
0.814	39.801
0.805	39.632
0.802	38.547
0.763	34.089
0.762	33.933
0.776	35.023
0.752	33.204
0.75	32.285
0.763	34.089
0.776	35.023
0.762	33.933
0.817	39.902
0.815	39.849
0.802	38.547
0.761	33.881
0.758	33.851
0.836	43.752
0.815	39.849
0.84	46.389
0.698	28.689
0.824	41.677
0.732	29.782
0.798	38.483
0.835	43.736
0.743	31.029
0.748	31.842
0.818	40.238
0.837	44.077
