P=? [ F (x=9&y=9&crashed=0) ]	R{"cost"}=? [ C<=100 ]
0.896	54.386
0.668	27.169
0.668	27.169
0.896	54.386
0.884	53.52
0.878	48.554
0.785	32.098
0.749	32.042
0.858	47.832
0.723	31.701
0.831	39.663
0.718	29.222
0.856	44.898
0.809	36.703
0.805	34.225
0.681	27.806
0.708	29.161
0.836	41.773
0.735	31.746
0.672	27.772
0.703	27.851
0.707	28.012
0.875	48.129
0.693	27.83
0.892	53.665
0.717	29.182
0.841	42.704
0.737	32.012
0.83	39.175
0.693	27.83
0.867	48.084
0.867	48.084
0.746	32.026
0.801	33.443
0.847	42.861
0.817	37.872
0.794	33.195
0.878	48.554
0.854	44.202
0.884	53.52
0.826	38.264
0.803	33.836
0.836	41.773
0.856	44.898
0.895	53.916
0.824	38.169
0.723	31.701
0.802	33.667
0.829	38.682
0.893	53.717
0.822	38.041
0.855	44.426
0.67	27.428
0.816	37.435
0.788	32.307
0.82	37.904
0.853	43.799
0.815	37.152
0.853	43.799
0.852	43.403
0.736	31.987
0.85	43.144
0.67	27.428
0.849	43.08
0.851	43.34
0.805	34.225
0.858	47.832
0.804	34.207
0.812	36.904
0.792	33.105
0.809	36.703
0.848	42.885
0.828	38.474
0.877	48.351
0.811	36.706
0.787	32.117
0.749	32.042
0.816	37.435
0.705	28.004
0.839	42.274
0.838	42.012
0.746	32.026
0.84	42.455
0.801	33.443
0.794	33.195
0.791	32.861
0.791	32.861
0.79	32.618
0.855	44.426
0.877	48.351
0.828	38.474
0.793	33.107
0.829	38.682
0.895	53.916
0.815	37.152
0.813	36.955
0.79	32.618
0.789	32.422
0.837	41.954
0.84	42.455
