P=? [ F (x=9&y=9&crashed=0) ]	R{"cost"}=? [ C<=100 ]
0.882	49.893
0.623	23.407
0.882	49.893
0.667	27.182
0.637	26.918
0.71	27.446
0.729	31.91
0.767	31.915
0.717	28.839
0.722	31.531
0.86	47.308
0.858	45.067
0.813	36.959
0.809	35.122
0.785	32.133
0.767	31.915
0.838	41.872
0.833	40.184
0.637	26.918
0.878	48.559
0.841	42.552
0.833	40.184
0.8	33.654
0.838	41.872
0.803	34.149
0.795	33.556
0.872	48.377
0.865	48.073
0.872	48.377
0.717	28.839
0.809	35.122
0.817	37.592
0.713	28.002
0.847	43.261
0.713	28.002
0.862	47.889
0.808	34.706
0.846	43.054
0.879	49.07
0.881	49.397
0.858	45.067
0.857	44.574
0.715	28.475
0.793	33.116
0.788	32.574
0.831	39.218
0.723	31.563
0.818	38.025
0.729	31.91
0.832	39.674
0.805	34.505
0.865	48.073
0.846	43.054
0.853	43.938
0.852	43.441
0.71	27.446
0.715	28.475
0.832	39.674
0.824	38.408
0.839	42.326
0.825	38.7
0.813	36.959
0.815	37.162
0.722	31.531
0.851	43.308
0.857	44.574
0.855	44.139
0.861	47.455
0.829	38.924
0.723	31.563
0.792	32.874
0.84	42.407
0.881	49.397
0.879	49.07
0.814	37.103
0.804	34.2
0.854	43.94
0.8	33.654
0.855	44.139
0.831	39.218
0.816	37.446
0.82	38.083
0.79	32.704
0.826	38.757
0.823	38.348
0.86	47.308
0.79	32.704
0.787	32.342
0.794	33.347
0.785	32.133
0.827	38.865
0.794	33.347
0.808	34.706
0.805	34.505
0.822	38.258
0.862	47.889
0.822	38.258
0.792	32.874
0.787	32.342
0.786	32.177
