P=? [ F (x=9&y=9&crashed=0) ]	R{"cost"}=? [ C<=100 ]
0.892	54.722
0.636	26.927
0.892	54.722
0.636	26.927
0.722	31.597
0.766	31.626
0.676	27.221
0.638	27.064
0.858	47.889
0.833	40.137
0.882	50.097
0.885	53.195
0.857	44.795
0.721	31.42
0.708	29.264
0.839	42.27
0.809	35.086
0.701	27.785
0.811	36.914
0.862	48.288
0.783	32.1
0.767	31.63
0.875	48.444
0.708	29.264
0.84	42.991
0.721	31.42
0.839	42.27
0.791	33.045
0.69	27.602
0.677	27.224
0.848	43.284
0.685	27.399
0.822	38.188
0.703	28.709
0.789	32.773
0.817	38.004
0.798	33.137
0.783	32.1
0.889	53.783
0.88	49.611
0.787	32.105
0.807	34.576
0.882	50.097
0.704	29.013
0.825	38.612
0.824	38.277
0.814	37.374
0.879	48.988
0.808	35.083
0.707	29.039
0.828	39.147
0.827	38.707
0.855	44.35
0.891	54.576
0.89	54.296
0.83	39.196
0.802	33.708
0.876	48.509
0.88	49.611
0.862	48.288
0.885	53.195
0.854	44.09
0.767	31.63
0.832	39.674
0.804	34.236
0.815	37.573
0.703	28.709
0.799	33.33
0.848	43.284
0.685	27.399
0.788	32.39
0.802	33.708
0.799	33.33
0.85	43.536
0.888	53.668
0.878	48.726
0.85	43.536
0.811	36.914
0.812	37.149
0.807	34.576
0.804	34.236
0.887	53.519
0.815	37.573
0.84	42.991
0.817	38.004
0.701	27.785
0.688	27.582
0.69	27.602
0.852	43.802
0.788	32.39
0.803	33.992
0.89	54.296
0.857	44.795
0.856	44.522
0.852	43.802
0.886	53.459
0.879	48.988
0.637	26.994
0.803	33.992
0.831	39.438
