P=? [ F (x=9&y=9&crashed=0) ]	R{"cost"}=? [ C<=100 ]
0.623	23.399
0.873	53.536
0.873	53.536
0.623	23.399
0.679	27.254
0.679	27.254
0.625	23.446
0.871	48.665
0.726	31.859
0.762	31.877
0.625	23.446
0.707	27.386
0.858	47.968
0.857	44.717
0.721	31.677
0.718	29.121
0.808	34.917
0.809	37.109
0.836	42.241
0.832	39.841
0.762	31.877
0.78	32.301
0.799	33.594
0.717	29.048
0.713	27.88
0.796	33.318
0.842	43.182
0.863	48.518
0.791	33.304
0.825	38.55
0.711	27.43
0.848	43.382
0.78	32.301
0.832	39.841
0.808	34.917
0.804	34.269
0.836	42.241
0.838	42.726
0.851	43.581
0.787	32.336
0.712	27.829
0.813	37.368
0.842	43.182
0.804	34.269
0.822	37.926
0.856	44.629
0.838	42.726
0.802	33.89
0.79	32.853
0.717	29.048
0.826	38.851
0.789	32.563
0.713	27.88
0.709	27.395
0.829	39.181
0.783	32.307
0.722	31.692
0.814	37.572
0.788	32.553
0.86	48.101
0.818	37.854
0.816	37.811
0.855	44.374
0.854	44.051
0.718	29.121
0.862	48.343
0.819	37.909
0.802	33.89
0.831	39.55
0.79	32.853
0.828	39.025
0.823	38.198
0.871	48.665
0.813	37.368
0.809	37.109
0.721	31.677
0.784	32.321
0.855	44.374
0.824	38.295
0.831	39.55
0.83	39.306
0.837	42.484
0.837	42.484
0.861	48.328
0.852	43.806
0.854	44.051
0.853	43.827
0.803	34.1
0.815	37.606
0.848	43.382
0.849	43.445
0.828	39.025
0.826	38.851
0.803	34.1
0.722	31.692
0.863	48.518
0.849	43.445
0.86	48.101
0.83	39.306
0.824	38.295
