P=? [ F (x=9&y=9&crashed=0) ]	R{"cost"}=? [ C<=100 ]
0.869	38.663
0.705	23.42
0.869	38.663
0.705	23.42
0.859	37.882
0.856	33.647
0.829	27.588
0.721	26.669
0.791	27.356
0.759	27.187
0.72	26.593
0.844	29.023
0.847	32.088
0.762	27.201
0.789	27.307
0.72	26.593
0.838	27.947
0.867	38.335
0.856	33.647
0.844	29.023
0.854	32.877
0.831	27.747
0.759	27.187
0.842	28.418
0.859	37.882
0.84	28.402
0.867	38.335
0.721	26.669
0.85	32.475
0.848	32.113
0.829	27.588
0.838	27.947
0.831	27.747
0.853	32.86
0.852	32.568
0.762	27.201
0.791	27.356
0.847	32.088
0.85	32.475
0.848	32.113
0.854	32.877
0.842	28.418
0.84	28.402
0.789	27.307
0.852	32.568
0.851	32.508
0.79	27.309
0.851	32.508
0.853	32.86
0.79	27.309
0.869	38.663
0.705	23.42
0.72	26.593
0.856	33.647
0.844	29.023
0.759	27.187
0.859	37.882
0.867	38.335
0.721	26.669
0.829	27.588
0.838	27.947
0.831	27.747
0.762	27.201
0.791	27.356
0.847	32.088
0.85	32.475
0.848	32.113
0.854	32.877
0.842	28.418
0.84	28.402
0.789	27.307
0.852	32.568
0.851	32.508
0.853	32.86
0.79	27.309
0.705	23.42
0.869	38.663
0.72	26.593
0.856	33.647
0.844	29.023
0.759	27.187
0.859	37.882
0.867	38.335
0.721	26.669
0.829	27.588
0.838	27.947
0.831	27.747
0.762	27.201
0.791	27.356
0.85	32.475
0.848	32.113
0.854	32.877
0.842	28.418
0.84	28.402
0.789	27.307
0.852	32.568
0.851	32.508
0.853	32.86
0.79	27.309
0.869	38.663
