P=? [ F (x=9&y=9&crashed=0) ]	R{"cost"}=? [ C<=100 ]
0.874	43.73
0.695	22.98
0.874	43.73
0.695	22.98
0.747	27.116
0.747	27.116
0.7	23.018
0.792	27.261
0.868	43.419
0.855	33.469
0.7	23.018
0.841	31.851
0.866	38.974
0.856	37.754
0.84	27.968
0.834	27.545
0.813	27.51
0.793	27.306
0.809	27.493
0.865	38.333
0.85	32.565
0.855	33.469
0.85	32.565
0.866	38.974
0.847	32.133
0.86	38.033
0.838	27.921
0.868	43.419
0.809	27.493
0.86	38.033
0.848	32.206
0.835	27.565
0.865	38.333
0.847	32.133
0.841	31.851
0.838	27.921
0.858	37.914
0.835	27.565
0.858	37.914
0.812	27.508
0.848	32.206
0.793	27.306
0.856	37.754
0.792	27.261
0.84	27.968
0.834	27.545
0.813	27.51
0.812	27.508
0.695	22.98
0.874	43.73
0.747	27.116
0.7	23.018
0.855	33.469
0.85	32.565
0.866	38.974
0.868	43.419
0.809	27.493
0.86	38.033
0.865	38.333
0.847	32.133
0.841	31.851
0.838	27.921
0.835	27.565
0.858	37.914
0.848	32.206
0.856	37.754
0.792	27.261
0.84	27.968
0.834	27.545
0.813	27.51
0.812	27.508
0.695	22.98
0.874	43.73
0.747	27.116
0.7	23.018
0.855	33.469
0.85	32.565
0.866	38.974
0.868	43.419
0.86	38.033
0.809	27.493
0.865	38.333
0.847	32.133
0.841	31.851
0.838	27.921
0.835	27.565
0.858	37.914
0.848	32.206
0.856	37.754
0.792	27.261
0.84	27.968
0.834	27.545
0.813	27.51
0.812	27.508
0.695	22.98
0.874	43.73
0.747	27.116
0.7	23.018
0.855	33.469
0.85	32.565
