P=? [ F (x=9&y=9&crashed=0) ]	R{"cost"}=? [ C<=100 ]
0.881	45.577
0.681	26.289
0.881	45.577
0.792	27.288
0.72	26.612
0.859	37.879
0.856	33.777
0.874	44.296
0.873	40.575
0.682	26.367
0.718	26.531
0.847	29.416
0.848	32.444
0.838	27.964
0.793	27.377
0.812	27.531
0.831	27.532
0.812	27.531
0.845	29.301
0.871	39.572
0.873	40.575
0.876	44.722
0.871	39.572
0.876	44.722
0.866	38.769
0.863	38.155
0.845	29.301
0.72	26.612
0.866	38.769
0.856	33.777
0.835	27.662
0.859	37.879
0.853	33.307
0.874	44.296
0.865	38.574
0.855	33.467
0.863	38.155
0.85	32.791
0.848	32.444
0.851	32.973
0.865	38.574
0.851	32.973
0.85	32.791
0.835	27.662
0.832	27.596
0.853	33.307
0.718	26.531
0.682	26.367
0.855	33.467
0.832	27.596
0.719	26.558
0.719	26.558
0.831	27.532
0.881	45.577
0.812	27.531
0.873	40.575
0.871	39.572
0.876	44.722
0.72	26.612
0.845	29.301
0.866	38.769
0.856	33.777
0.859	37.879
0.874	44.296
0.863	38.155
0.848	32.444
0.865	38.574
0.851	32.973
0.85	32.791
0.835	27.662
0.853	33.307
0.718	26.531
0.682	26.367
0.832	27.596
0.719	26.558
0.831	27.532
0.812	27.531
0.873	40.575
0.871	39.572
0.876	44.722
0.72	26.612
0.845	29.301
0.866	38.769
0.856	33.777
0.859	37.879
0.874	44.296
0.863	38.155
0.848	32.444
0.865	38.574
0.851	32.973
0.85	32.791
0.835	27.662
0.853	33.307
0.718	26.531
0.682	26.367
0.832	27.596
0.719	26.558
0.831	27.532
0.812	27.531
0.873	40.575
