P=? [ F (x=9&y=9&crashed=0) ]	R{"cost"}=? [ C<=100 ]
0.78	27.372
0.919	46.051
0.919	46.051
0.78	27.372
0.872	32.289
0.805	28.668
0.899	38.655
0.913	45.16
0.872	32.289
0.891	35.927
0.91	41.181
0.805	28.668
0.793	28.398
0.877	32.695
0.9	39.419
0.906	39.699
0.804	28.616
0.888	35.32
0.908	40.461
0.886	34.079
0.917	45.554
0.79	28.008
0.782	27.49
0.909	40.732
0.91	41.181
0.878	33.106
0.882	33.661
0.881	33.257
0.913	45.16
0.918	45.756
0.888	35.32
0.79	28.008
0.782	27.49
0.885	33.88
0.906	39.699
0.89	35.712
0.793	28.398
0.89	35.712
0.791	28.053
0.886	34.079
0.9	39.419
0.885	33.88
0.882	33.661
0.804	28.616
0.791	28.053
0.881	33.257
0.878	33.106
0.781	27.452
0.781	27.452
0.919	46.051
0.78	27.372
0.872	32.289
0.805	28.668
0.91	41.181
0.913	45.16
0.888	35.32
0.79	28.008
0.782	27.49
0.793	28.398
0.89	35.712
0.886	34.079
0.878	33.106
0.906	39.699
0.9	39.419
0.885	33.88
0.882	33.661
0.804	28.616
0.791	28.053
0.881	33.257
0.781	27.452
0.78	27.372
0.872	32.289
0.805	28.668
0.89	35.712
0.9	39.419
0.91	41.181
0.913	45.16
0.888	35.32
0.79	28.008
0.782	27.49
0.793	28.398
0.886	34.079
0.878	33.106
0.906	39.699
0.882	33.661
0.804	28.616
0.791	28.053
0.881	33.257
0.781	27.452
0.78	27.372
0.872	32.289
0.805	28.668
0.89	35.712
0.9	39.419
0.913	45.16
0.91	41.181
0.888	35.32
0.79	28.008
0.793	28.398
0.878	33.106
