P=? [ F (x=9&y=9&crashed=0) ]	R{"cost"}=? [ C<=100 ]
0.914	44.261
0.707	23.478
0.914	44.261
0.707	23.478
0.78	27.402
0.906	40.098
0.912	44.062
0.78	27.402
0.784	27.547
0.818	27.623
0.858	29.165
0.859	32.14
0.889	35.133
0.894	37.973
0.85	28.502
0.829	28.457
0.902	39.377
0.877	32.484
0.861	32.291
0.899	38.486
0.882	33.097
0.883	34.196
0.826	28.072
0.912	44.062
0.904	39.882
0.889	35.133
0.894	37.973
0.897	38.286
0.82	27.875
0.884	34.605
0.827	28.381
0.883	34.196
0.85	28.502
0.854	28.842
0.879	32.681
0.88	32.908
0.858	29.165
0.855	28.847
0.904	39.882
0.854	28.842
0.878	32.678
0.819	27.864
0.887	34.937
0.886	34.811
0.886	34.811
0.884	34.605
0.855	28.847
0.826	28.072
0.82	27.875
0.887	34.937
0.877	32.484
0.861	32.291
0.895	38.164
0.882	33.097
0.88	32.908
0.829	28.457
0.896	38.169
0.782	27.459
0.86	32.184
0.818	27.623
0.827	28.381
0.783	27.474
0.782	27.459
0.86	32.184
0.859	32.14
0.783	27.474
0.819	27.864
0.896	38.169
0.895	38.164
0.707	23.478
0.914	44.261
0.78	27.402
0.912	44.062
0.889	35.133
0.894	37.973
0.85	28.502
0.858	29.165
0.904	39.882
0.854	28.842
0.877	32.484
0.886	34.811
0.884	34.605
0.855	28.847
0.826	28.072
0.82	27.875
0.887	34.937
0.861	32.291
0.882	33.097
0.88	32.908
0.829	28.457
0.818	27.623
0.827	28.381
0.782	27.459
0.86	32.184
0.859	32.14
0.783	27.474
0.819	27.864
0.707	23.478
0.912	44.062
0.889	35.133
