P=? [ F (x=9&y=9&crashed=0) ]	R{"cost"}=? [ C<=100 ]
0.701	23.083
0.936	51.229
0.936	51.229
0.701	23.083
0.783	27.56
0.713	24.482
0.783	27.56
0.844	27.639
0.713	24.482
0.933	50.122
0.926	45.965
0.911	44.335
0.908	41.001
0.894	38.964
0.868	33.402
0.89	35.99
0.866	31.173
0.859	29.266
0.88	33.453
0.89	35.99
0.866	31.173
0.885	34.269
0.924	45.115
0.933	50.122
0.926	45.965
0.915	44.893
0.908	41.001
0.905	39.897
0.851	28.089
0.935	51.08
0.856	29.173
0.885	34.269
0.853	28.468
0.859	29.266
0.844	27.639
0.911	44.335
0.9	39.271
0.894	38.964
0.883	33.871
0.853	28.468
0.915	44.893
0.901	39.43
0.851	28.089
0.883	33.871
0.924	45.115
0.856	29.173
0.905	39.897
0.9	39.271
0.902	39.724
0.935	51.08
0.903	39.806
0.868	33.402
0.903	39.806
0.902	39.724
0.701	23.083
0.936	51.229
0.783	27.56
0.713	24.482
0.866	31.173
0.933	50.122
0.926	45.965
0.885	34.269
0.859	29.266
0.844	27.639
0.911	44.335
0.894	38.964
0.853	28.468
0.915	44.893
0.851	28.089
0.868	33.402
0.924	45.115
0.856	29.173
0.905	39.897
0.9	39.271
0.935	51.08
0.883	33.871
0.903	39.806
0.902	39.724
0.701	23.083
0.936	51.229
0.783	27.56
0.713	24.482
0.866	31.173
0.933	50.122
0.926	45.965
0.885	34.269
0.859	29.266
0.844	27.639
0.911	44.335
0.894	38.964
0.853	28.468
0.915	44.893
0.851	28.089
0.868	33.402
0.924	45.115
0.856	29.173
0.905	39.897
0.9	39.271
0.883	33.871
0.935	51.08
