P=? [ F (x=9&y=9&crashed=0) ]	R{"cost"}=? [ C<=100 ]
0.902	54.638
0.676	27.597
0.902	54.638
0.901	49.965
0.885	48.53
0.747	31.844
0.884	44.838
0.701	27.894
0.677	27.866
0.724	28.83
0.869	42.855
0.789	32.086
0.867	39.972
0.764	32.057
0.747	31.844
0.724	28.83
0.829	37.003
0.828	34.607
0.896	48.68
0.707	28.283
0.719	28.458
0.76	32.053
0.817	33.578
0.879	43.429
0.871	43.135
0.838	37.436
0.811	32.945
0.883	44.63
0.882	43.917
0.9	49.181
0.859	38.565
0.814	33.209
0.803	32.923
0.852	38.419
0.861	38.776
0.796	32.358
0.831	37.362
0.881	43.713
0.844	37.656
0.846	37.858
0.897	49.047
0.848	38.191
0.76	32.053
0.822	33.657
0.836	37.411
0.864	39.23
0.721	28.713
0.862	39.101
0.792	32.254
0.8	32.875
0.879	43.429
0.871	43.135
0.791	32.176
0.706	28.009
0.799	32.718
0.869	42.855
0.764	32.057
0.851	38.283
0.72	28.6
0.705	27.997
0.865	39.598
0.867	39.972
0.797	32.518
0.813	33.058
0.828	34.607
0.827	34.309
0.802	32.9
0.824	33.99
0.823	33.709
0.83	37.272
0.829	37.003
0.859	38.565
0.866	39.726
0.844	37.656
0.848	38.191
0.884	44.838
0.719	28.458
0.707	28.283
0.836	37.411
0.827	34.309
0.826	34.145
0.789	32.086
0.852	38.419
0.9	49.181
0.897	49.047
0.825	34.122
0.824	33.99
0.864	39.23
0.862	39.101
0.866	39.726
0.865	39.598
0.798	32.593
0.723	28.826
0.723	28.826
0.845	37.746
0.792	32.254
0.705	27.997
0.851	38.283
0.845	37.746
0.83	37.272
