P=? [ F (x=9&y=9&crashed=0) ]	R{"cost"}=? [ C<=100 ]
0.675	24.038
0.901	49.743
0.901	49.743
0.675	24.038
0.798	28.498
0.726	28.305
0.89	48.036
0.697	27.371
0.884	44.546
0.805	29.748
0.814	32.454
0.868	40.285
0.697	27.371
0.869	42.729
0.805	29.748
0.844	37.629
0.843	35.97
0.82	32.98
0.892	49.059
0.814	32.454
0.713	27.584
0.881	43.637
0.873	43.502
0.702	27.558
0.726	28.305
0.859	38.496
0.718	28.163
0.853	38.403
0.831	33.756
0.884	44.546
0.892	49.059
0.863	39.018
0.86	38.903
0.883	44.29
0.891	48.454
0.823	33.721
0.849	37.978
0.866	39.832
0.865	39.426
0.821	33.369
0.836	34.583
0.851	38.044
0.849	37.978
0.714	27.729
0.716	27.988
0.868	40.285
0.866	39.832
0.891	48.454
0.882	44.049
0.865	39.426
0.872	43.096
0.832	34.154
0.841	35.41
0.84	35.024
0.835	34.199
0.715	27.933
0.824	33.738
0.821	33.369
0.844	37.629
0.827	33.745
0.842	35.719
0.841	35.41
0.7	27.507
0.718	28.163
0.843	35.97
0.842	35.719
0.7	27.507
0.882	44.049
0.827	33.745
0.838	34.817
0.836	34.583
0.863	39.018
0.853	38.403
0.851	38.044
0.838	34.817
0.84	35.024
0.839	34.868
0.702	27.558
0.881	43.637
0.873	43.502
0.871	42.98
0.87	42.846
0.87	42.846
0.869	42.729
0.872	43.096
0.871	42.98
0.86	38.903
0.859	38.496
0.839	34.868
0.835	34.199
0.834	34.173
0.833	34.168
0.832	34.154
0.834	34.173
0.833	34.168
0.901	49.743
0.675	24.038
0.814	32.454
0.884	44.546
0.892	49.059
