P=? [ F (x=9&y=9&crashed=0) ]	R{"cost"}=? [ C<=100 ]
0.884	44.677
0.884	44.677
0.704	23.857
0.714	27.783
0.763	28.147
0.792	28.461
0.763	28.147
0.732	27.862
0.87	42.824
0.846	37.9
0.867	40.135
0.841	35.353
0.813	32.517
0.809	30.256
0.731	27.836
0.799	28.823
0.841	35.353
0.861	38.763
0.865	39.44
0.872	43.003
0.839	34.79
0.807	29.718
0.88	43.554
0.837	34.452
0.793	28.492
0.849	37.957
0.864	39.076
0.876	43.537
0.821	33.079
0.859	38.552
0.8	28.871
0.851	38.046
0.882	43.847
0.873	43.293
0.846	37.9
0.866	39.943
0.801	29.245
0.808	30.176
0.839	34.79
0.809	30.256
0.867	40.135
0.883	44.255
0.827	33.304
0.87	42.824
0.883	44.255
0.813	32.517
0.855	38.528
0.825	33.098
0.819	32.853
0.817	32.609
0.819	32.853
0.793	28.492
0.83	33.605
0.826	33.116
0.864	39.076
0.832	33.89
0.83	33.605
0.827	33.304
0.806	29.645
0.805	29.351
0.882	43.847
0.836	34.404
0.835	34.118
0.732	27.862
0.876	43.537
0.873	43.293
0.834	34.115
0.832	33.89
0.854	38.499
0.853	38.277
0.852	38.257
0.866	39.943
0.831	33.698
0.817	32.609
0.815	32.549
0.803	29.273
0.815	32.549
0.859	38.552
0.821	33.079
0.88	43.554
0.834	34.115
0.831	33.698
0.808	30.176
0.806	29.645
0.804	29.333
0.836	34.404
0.854	38.499
0.803	29.273
0.801	29.245
0.855	38.528
0.853	38.277
0.852	38.257
0.825	33.098
0.805	29.351
0.804	29.333
0.835	34.118
0.763	28.147
0.846	37.9
0.809	30.256
0.883	44.255
