P=? [ F (x=9&y=9&crashed=0) ]	R{"cost"}=? [ C<=100 ]
0.798	33.733
0.938	65.716
0.938	65.716
0.798	33.733
0.928	60.736
0.92	59.885
0.929	65.357
0.919	54.836
0.799	33.747
0.818	33.87
0.903	53.573
0.902	50.216
0.837	37.943
0.906	53.6
0.886	47.55
0.826	34.943
0.884	44.711
0.857	42.315
0.856	39.639
0.826	34.943
0.837	37.943
0.916	54.053
0.862	42.626
0.84	38.392
0.868	42.688
0.825	34.691
0.82	34.046
0.849	38.641
0.844	38.454
0.82	34.046
0.844	38.454
0.92	59.885
0.88	44.036
0.858	42.459
0.894	48.832
0.871	43.088
0.862	42.626
0.902	50.216
0.901	49.511
0.825	34.691
0.898	48.878
0.883	44.502
0.839	38.101
0.873	43.266
0.852	38.856
0.916	54.053
0.884	44.711
0.875	43.581
0.892	48.432
0.891	48.001
0.9	49.403
0.899	48.987
0.929	65.357
0.818	33.87
0.85	38.747
0.878	43.935
0.877	43.829
0.869	42.79
0.89	47.895
0.889	47.597
0.869	42.79
0.893	48.538
0.881	44.312
0.853	39.124
0.917	54.315
0.919	54.836
0.918	54.575
0.918	54.575
0.917	54.315
0.896	48.859
0.886	47.55
0.888	47.575
0.877	43.829
0.875	43.581
0.896	48.859
0.856	39.639
0.855	39.423
0.874	43.376
0.849	38.641
0.854	39.31
0.853	39.124
0.858	42.459
0.872	43.101
0.839	38.101
0.857	42.315
0.855	39.423
0.854	39.31
0.882	44.39
0.874	43.376
0.852	38.856
0.899	48.987
0.85	38.747
0.901	49.511
0.9	49.403
0.891	48.001
0.893	48.538
0.89	47.895
0.892	48.432
0.878	43.935
0.882	44.39
