P=? [ F (x=9&y=9&crashed=0) ]	R{"cost"}=? [ C<=100 ]
0.779	48.221
0.591	27.848
0.591	27.848
0.779	48.221
0.743	41.685
0.649	29.439
0.762	46.652
0.757	43.701
0.741	38.925
0.652	29.875
0.632	28.853
0.654	32.407
0.592	28.076
0.614	28.46
0.615	28.687
0.702	36.567
0.701	35.027
0.63	28.71
0.692	33.654
0.661	32.915
0.673	32.939
0.764	47.291
0.777	47.57
0.679	33.539
0.748	42.686
0.762	46.652
0.757	43.701
0.723	37.474
0.746	42.126
0.717	37.463
0.778	47.593
0.714	37.199
0.73	38.239
0.725	37.778
0.709	37.17
0.763	47.266
0.754	42.966
0.697	34.278
0.746	42.126
0.652	29.875
0.735	38.284
0.755	42.989
0.756	43.285
0.694	33.847
0.695	34.106
0.748	42.686
0.614	28.46
0.592	28.076
0.659	32.692
0.707	36.948
0.728	38.003
0.727	37.792
0.698	34.583
0.756	43.285
0.739	38.714
0.737	38.423
0.696	34.138
0.754	42.966
0.777	47.57
0.764	47.291
0.739	38.714
0.7	35.018
0.699	34.756
0.654	32.407
0.736	38.286
0.737	38.423
0.728	38.003
0.656	32.566
0.657	32.658
0.708	36.973
0.678	33.53
0.677	33.342
0.706	36.761
0.699	34.756
0.698	34.583
0.74	38.882
0.693	33.814
0.73	38.239
0.741	38.925
0.705	36.722
0.655	32.553
0.659	32.692
0.705	36.722
0.703	36.581
0.661	32.915
0.715	37.329
0.677	33.342
0.676	33.212
0.703	36.581
0.675	33.1
0.674	32.978
0.631	28.733
0.723	37.474
0.692	33.654
0.679	33.539
0.676	33.212
0.675	33.1
0.716	37.363
0.735	38.284
0.74	38.882
