P=? [ F (x=9&y=9&crashed=0) ]	R{"cost"}=? [ C<=100 ]
0.785	48.429
0.601	28.326
0.785	48.429
0.769	47.498
0.765	44.12
0.742	39.522
0.744	41.902
0.643	31.936
0.631	29.891
0.783	47.792
0.701	36.415
0.7	35.024
0.679	33.51
0.692	33.611
0.643	31.936
0.631	29.891
0.614	28.649
0.672	32.783
0.662	32.764
0.715	37.332
0.621	29.271
0.604	28.538
0.722	37.42
0.74	38.973
0.751	42.24
0.647	32.334
0.764	43.795
0.629	29.842
0.762	43.523
0.654	32.393
0.745	42.105
0.758	42.764
0.698	34.634
0.73	38.261
0.629	29.842
0.621	29.271
0.713	37.254
0.759	42.983
0.742	39.522
0.765	44.12
0.769	47.498
0.645	32.048
0.657	32.656
0.697	34.547
0.736	38.32
0.754	42.687
0.705	36.888
0.738	38.516
0.616	28.908
0.709	37.202
0.724	37.607
0.662	32.764
0.675	33.123
0.619	29.041
0.676	33.343
0.726	37.887
0.761	43.211
0.752	42.531
0.646	32.326
0.7	35.024
0.707	36.948
0.696	34.165
0.734	38.266
0.729	38.012
0.739	38.885
0.703	36.584
0.693	33.66
0.784	48.1
0.673	32.826
0.679	33.51
0.744	41.902
0.784	48.1
0.702	36.438
0.619	29.041
0.616	28.908
0.761	43.211
0.655	32.506
0.614	28.649
0.657	32.656
0.704	36.688
0.738	38.516
0.754	42.687
0.694	33.845
0.723	37.423
0.695	34.024
0.694	33.845
0.674	32.999
0.676	33.343
0.725	37.773
0.752	42.531
0.655	32.506
0.708	37.054
0.696	34.165
0.695	34.024
0.751	42.24
0.745	42.105
0.728	37.989
0.674	32.999
0.734	38.266
0.725	37.773
