P=? [ F (x=9&y=9&crashed=0) ]	R{"cost"}=? [ C<=100 ]
0.603	28.115
0.793	53.564
0.603	28.115
0.763	43.421
0.77	48.934
0.771	49.184
0.743	42.501
0.656	32.686
0.742	39.27
0.771	49.184
0.654	29.873
0.661	32.771
0.632	28.864
0.604	28.486
0.631	28.744
0.649	29.43
0.616	28.712
0.674	32.965
0.759	43.04
0.708	37.021
0.69	33.608
0.747	42.891
0.702	36.412
0.616	28.712
0.72	37.144
0.679	33.504
0.701	35.209
0.77	48.934
0.763	43.421
0.731	38.349
0.736	38.375
0.649	29.43
0.632	28.864
0.73	38.105
0.704	36.784
0.74	38.758
0.707	36.898
0.7	34.94
0.699	34.558
0.761	43.184
0.652	29.641
0.745	42.619
0.695	33.842
0.729	37.941
0.651	29.628
0.728	37.904
0.678	33.495
0.727	37.755
0.742	39.27
0.741	38.978
0.698	34.53
0.697	34.244
0.759	43.04
0.761	43.184
0.701	35.209
0.7	34.94
0.676	33.247
0.675	32.983
0.697	34.244
0.696	34.018
0.725	37.722
0.724	37.497
0.741	38.978
0.656	32.686
0.746	42.835
0.653	29.85
0.703	36.582
0.674	32.965
0.65	29.446
0.694	33.806
0.692	33.626
0.696	34.018
0.703	36.582
0.694	33.806
0.726	37.745
0.677	33.329
0.722	37.312
0.721	37.148
0.739	38.709
0.738	38.551
0.654	29.873
0.737	38.525
0.747	42.891
0.692	33.626
0.724	37.497
0.723	37.371
0.72	37.144
0.708	37.021
0.745	42.619
0.743	42.501
0.707	36.898
0.704	36.784
0.679	33.504
0.677	33.329
0.676	33.247
0.723	37.371
0.722	37.312
0.746	42.835
0.739	38.709
0.699	34.558
