P=? [ F (x=9&y=9&crashed=0) ]	R{"cost"}=? [ C<=100 ]
0.811	55.706
0.666	29.534
0.666	29.534
0.811	55.706
0.798	51.166
0.808	54.655
0.699	33.474
0.688	31.026
0.798	51.166
0.761	43.818
0.76	41.725
0.808	54.655
0.688	31.026
0.678	30.058
0.699	33.474
0.772	44.212
0.79	49.045
0.788	48.638
0.778	45.531
0.733	38.424
0.731	36.788
0.755	40.546
0.784	47.101
0.714	34.627
0.682	30.123
0.764	44.15
0.742	39.464
0.791	50.056
0.72	34.677
0.706	33.72
0.748	39.475
0.678	30.058
0.7	33.569
0.784	47.101
0.788	48.638
0.774	44.666
0.729	36.021
0.794	50.149
0.782	46.519
0.687	30.756
0.774	44.666
0.795	50.6
0.773	44.536
0.75	39.854
0.751	39.922
0.725	35.43
0.738	38.963
0.756	40.767
0.722	35.048
0.751	39.922
0.708	34.076
0.749	39.477
0.796	50.611
0.712	34.171
0.73	36.549
0.685	30.349
0.727	35.693
0.723	35.323
0.792	50.137
0.809	55.106
0.781	46.071
0.783	46.655
0.741	39.216
0.731	36.788
0.762	44.054
0.734	38.436
0.81	55.49
0.809	55.106
0.759	41.524
0.758	41.141
0.78	45.96
0.779	45.632
0.736	38.789
0.713	34.333
0.739	39.044
0.686	30.499
0.71	34.142
0.764	44.15
0.73	36.549
0.761	43.818
0.685	30.349
0.735	38.653
0.81	55.49
0.721	34.892
0.707	33.933
0.757	40.978
0.71	34.142
0.76	41.725
0.728	35.894
0.759	41.524
0.733	38.424
0.796	50.611
0.736	38.789
0.741	39.216
0.739	39.044
0.758	41.141
0.757	40.978
0.713	34.333
0.721	34.892
0.726	35.584
