P=? [ F (x=9&y=9&crashed=0) ]	R{"cost"}=? [ C<=100 ]
0.652	29.679
0.822	60.731
0.822	60.731
0.652	29.679
0.814	56.093
0.821	60.638
0.681	30.831
0.699	33.401
0.681	30.831
0.805	54.454
0.799	51.024
0.762	44.018
0.67	30.437
0.654	29.796
0.699	33.401
0.736	38.952
0.759	41.425
0.67	30.437
0.731	36.664
0.701	33.918
0.814	56.093
0.711	34.118
0.787	48.65
0.812	55.251
0.791	49.252
0.784	46.976
0.794	50.182
0.771	44.195
0.731	36.664
0.764	44.181
0.806	54.877
0.805	54.454
0.718	34.779
0.799	51.024
0.821	60.638
0.736	38.952
0.759	41.425
0.775	44.755
0.743	39.529
0.723	35.243
0.784	46.976
0.654	29.796
0.726	35.346
0.776	45.284
0.752	40.192
0.756	40.667
0.714	34.466
0.73	36.008
0.778	45.561
0.75	39.785
0.751	40.041
0.747	39.538
0.812	55.251
0.758	40.879
0.781	45.776
0.783	46.47
0.739	39.264
0.797	50.473
0.741	39.312
0.756	40.667
0.752	40.192
0.787	48.65
0.729	35.811
0.795	50.302
0.789	48.754
0.739	39.264
0.721	34.829
0.742	39.375
0.774	44.573
0.78	45.715
0.757	40.802
0.783	46.47
0.782	46.077
0.711	34.118
0.701	33.918
0.806	54.877
0.763	44.119
0.779	45.563
0.714	34.466
0.713	34.344
0.782	46.077
0.798	50.737
0.776	45.284
0.798	50.737
0.79	49.004
0.79	49.004
0.728	35.748
0.727	35.508
0.722	35.011
0.72	34.785
0.713	34.344
0.73	36.008
0.722	35.011
0.772	44.374
0.773	44.54
0.772	44.374
0.727	35.508
0.749	39.623
0.796	50.442
0.789	48.754
