P=? [ F (x=9&y=9&crashed=0) ]	R{"cost"}=? [ C<=100 ]
0.929	58.771
0.698	25.418
0.698	25.418
0.929	58.771
0.699	25.584
0.745	25.643
0.894	46.454
0.885	42.309
0.928	58.094
0.92	53.905
0.836	31.539
0.908	51.527
0.902	47.877
0.839	34.771
0.869	40.497
0.786	29.621
0.782	26.651
0.868	37.653
0.799	29.815
0.928	58.094
0.788	29.803
0.885	42.309
0.92	53.905
0.764	25.735
0.809	30.078
0.772	26.355
0.902	47.877
0.745	25.643
0.755	25.719
0.799	29.815
0.755	25.719
0.781	26.596
0.894	46.454
0.872	41.3
0.911	52.648
0.908	51.527
0.821	30.253
0.832	31.042
0.814	30.223
0.879	41.525
0.91	51.985
0.896	46.457
0.901	47.219
0.867	37.22
0.769	26.092
0.809	30.078
0.863	36.784
0.836	31.539
0.915	52.914
0.883	41.866
0.864	37.215
0.919	53.333
0.87	40.608
0.839	34.771
0.859	36.697
0.899	46.765
0.769	26.092
0.822	30.295
0.814	30.223
0.909	51.899
0.855	36.17
0.764	25.735
0.842	35.162
0.854	36.006
0.772	26.355
0.855	36.17
0.782	26.651
0.852	35.927
0.859	36.697
0.883	41.866
0.824	30.597
0.917	53.213
0.871	41.05
0.786	29.621
0.868	37.653
0.843	35.438
0.915	52.914
0.849	35.498
0.842	35.162
0.9	47.138
0.85	35.598
0.88	41.561
0.828	30.867
0.899	46.765
0.88	41.561
0.831	31.04
0.827	30.839
0.824	30.597
0.911	52.648
0.917	53.213
0.826	30.732
0.871	41.05
0.85	35.598
0.781	26.596
0.879	41.525
0.872	41.3
0.852	35.927
0.861	36.715
0.787	29.624
0.845	35.469
