P=? [ F (x=9&y=9&crashed=0) ]	R{"cost"}=? [ C<=100 ]
0.69	23.409
0.92	55.01
0.92	55.01
0.69	23.409
0.723	27.574
0.907	54.286
0.702	23.808
0.779	27.94
0.903	50.298
0.75	27.577
0.75	27.577
0.841	35.376
0.803	29.05
0.808	29.832
0.885	45.094
0.702	23.808
0.817	32.574
0.723	27.574
0.887	47.654
0.87	42.803
0.868	40.349
0.844	37.523
0.808	29.832
0.79	28.635
0.785	27.945
0.918	54.298
0.817	32.574
0.827	33.126
0.891	48.562
0.898	48.59
0.878	43.365
0.903	50.298
0.859	38.505
0.825	32.929
0.819	32.723
0.873	43.251
0.853	38.306
0.889	47.709
0.837	34.756
0.862	39.118
0.89	48.364
0.789	28.409
0.837	34.756
0.849	37.925
0.833	33.992
0.836	34.445
0.884	44.665
0.883	44.11
0.868	40.349
0.861	38.75
0.83	33.572
0.902	49.815
0.833	33.992
0.844	37.523
0.789	28.409
0.836	34.445
0.864	39.166
0.83	33.572
0.884	44.665
0.907	54.286
0.79	28.635
0.867	39.94
0.9	49.105
0.899	48.698
0.902	49.815
0.901	49.417
0.845	37.722
0.919	54.624
0.86	38.712
0.831	33.787
0.825	32.929
0.819	32.723
0.882	43.902
0.881	43.572
0.846	37.774
0.919	54.624
0.901	49.417
0.9	49.105
0.867	39.94
0.865	39.477
0.866	39.629
0.871	42.843
0.872	42.969
0.883	44.11
0.882	43.902
0.831	33.787
0.859	38.505
0.853	38.306
0.89	48.364
0.88	43.515
0.887	47.654
0.87	42.803
0.851	38.125
0.85	37.971
0.866	39.629
0.865	39.477
0.846	37.774
0.88	43.515
0.852	38.17
0.872	42.969
