P=? [ F (x=9&y=9&crashed=0) ]	R{"cost"}=? [ C<=100 ]
0.669	23.023
0.897	48.785
0.897	48.785
0.669	23.023
0.696	23.691
0.751	27.184
0.804	29.288
0.751	27.184
0.696	23.691
0.805	32.248
0.884	44.989
0.885	47.701
0.691	23.644
0.843	37.445
0.838	35.413
0.889	47.934
0.869	42.513
0.868	40.444
0.76	27.548
0.778	27.711
0.817	32.584
0.825	32.915
0.838	35.413
0.793	28.55
0.836	34.444
0.799	28.785
0.865	39.323
0.691	23.644
0.782	27.884
0.884	44.989
0.881	44.208
0.866	40.071
0.878	43.82
0.873	43.249
0.845	37.724
0.843	37.445
0.789	28.214
0.799	28.785
0.878	43.82
0.791	28.233
0.86	38.659
0.85	37.964
0.811	32.414
0.873	43.249
0.756	27.494
0.834	34.435
0.833	33.992
0.827	33.123
0.855	38.61
0.76	27.548
0.694	23.661
0.806	32.293
0.863	39.248
0.862	38.869
0.867	40.087
0.813	32.555
0.853	38.523
0.852	38.17
0.83	33.562
0.789	28.214
0.782	27.884
0.83	33.562
0.827	33.123
0.868	40.444
0.85	37.964
0.845	37.724
0.831	33.78
0.881	44.208
0.886	47.795
0.88	44.114
0.872	42.97
0.754	27.212
0.87	42.785
0.869	42.513
0.811	32.414
0.755	27.263
0.833	33.992
0.831	33.78
0.862	38.869
0.88	44.114
0.852	38.17
0.872	42.97
0.871	42.793
0.778	27.711
0.86	38.659
0.855	38.61
0.779	27.734
0.813	32.555
0.886	47.795
0.78	27.752
0.78	27.752
0.836	34.444
0.806	32.293
0.885	47.701
0.853	38.523
0.865	39.323
0.863	39.248
0.756	27.494
0.755	27.263
0.805	32.248
