P=? [ F (x=9&y=9&crashed=0) ]	R{"cost"}=? [ C<=100 ]
0.614	26.134
0.851	48.41
0.614	26.134
0.71	31.149
0.842	43.987
0.635	26.637
0.849	47.936
0.815	41.573
0.813	38.571
0.703	28.401
0.666	26.93
0.734	31.215
0.785	35.776
0.781	33.446
0.754	31.436
0.736	31.368
0.773	32.442
0.666	26.93
0.759	32.121
0.7	27.812
0.689	27.488
0.68	26.938
0.824	43.117
0.626	26.34
0.836	43.173
0.792	36.936
0.625	26.274
0.803	36.969
0.849	47.936
0.701	28.362
0.683	27.482
0.789	36.511
0.71	31.149
0.703	28.401
0.82	42.38
0.778	32.883
0.79	36.876
0.773	32.442
0.813	38.571
0.812	38.16
0.786	35.785
0.81	37.744
0.812	38.16
0.809	37.587
0.776	32.748
0.839	43.363
0.688	27.483
0.787	36.144
0.681	26.962
0.781	33.446
0.7	27.812
0.776	32.748
0.806	37.034
0.759	32.121
0.78	33.401
0.779	33.081
0.682	27.171
0.85	48.237
0.84	43.659
0.785	35.776
0.758	31.847
0.815	41.573
0.808	37.432
0.807	37.169
0.81	37.744
0.758	31.847
0.757	31.604
0.821	42.619
0.823	43.016
0.822	42.793
0.803	36.969
0.819	42.162
0.682	27.171
0.779	33.081
0.841	43.796
0.788	36.334
0.787	36.144
0.788	36.334
0.822	42.793
0.821	42.619
0.816	41.746
0.818	42.032
0.85	48.237
0.817	41.859
0.736	31.368
0.808	37.432
0.839	43.363
0.837	43.22
0.837	43.22
0.625	26.274
0.756	31.574
0.841	43.796
0.84	43.659
0.807	37.169
0.819	42.162
0.818	42.032
0.756	31.574
0.817	41.859
0.816	41.746
0.823	43.016
