P=? [ F (x=9&y=9&crashed=0) ]	R{"cost"}=? [ C<=100 ]
0.667	27.03
0.827	42.357
0.827	42.357
0.667	27.03
0.818	41.79
0.766	35.751
0.811	37.802
0.7	28.834
0.735	31.328
0.756	31.57
0.71	31.216
0.761	33.441
0.707	31.099
0.786	35.788
0.678	27.216
0.743	31.497
0.794	37.229
0.757	32.645
0.806	37.387
0.761	33.441
0.697	28.804
0.79	36.751
0.818	41.79
0.825	42.081
0.789	36.073
0.688	27.502
0.76	32.817
0.696	28.086
0.811	37.802
0.7	28.834
0.707	31.099
0.681	27.443
0.766	35.751
0.691	27.761
0.736	31.441
0.793	37.129
0.79	36.751
0.787	36.049
0.692	27.867
0.74	31.488
0.793	37.129
0.825	42.081
0.678	27.216
0.743	31.497
0.826	42.345
0.806	37.387
0.758	32.799
0.689	27.653
0.74	31.488
0.808	37.403
0.68	27.43
0.695	28.068
0.71	31.216
0.695	28.068
0.692	27.867
0.794	37.229
0.757	32.645
0.81	37.673
0.809	37.528
0.81	37.673
0.809	37.528
0.708	31.125
0.735	31.328
0.68	27.43
0.689	27.653
0.708	31.125
0.688	27.502
0.681	27.443
0.736	31.441
0.786	35.788
0.697	28.804
0.789	36.073
0.787	36.049
0.76	32.817
0.758	32.799
0.696	28.086
0.808	37.403
0.826	42.345
0.667	27.03
0.827	42.357
0.761	33.441
0.818	41.79
0.811	37.802
0.7	28.834
0.707	31.099
0.766	35.751
0.79	36.751
0.793	37.129
0.678	27.216
0.743	31.497
0.806	37.387
0.74	31.488
0.689	27.653
0.71	31.216
0.695	28.068
0.692	27.867
0.794	37.229
0.757	32.645
0.81	37.673
0.735	31.328
