P=? [ F (x=9&y=9&crashed=0) ]	R{"cost"}=? [ C<=100 ]
0.614	26.288
0.836	47.237
0.722	31.196
0.827	42.378
0.832	46.363
0.649	26.508
0.615	26.455
0.703	27.863
0.781	35.187
0.651	26.683
0.68	26.839
0.702	27.371
0.703	27.863
0.812	39.885
0.684	27.247
0.811	38.148
0.78	33.601
0.779	33.583
0.762	32.686
0.816	41.283
0.812	39.885
0.792	36.913
0.735	31.271
0.806	37.025
0.76	32.342
0.827	42.378
0.824	41.839
0.779	33.583
0.762	32.686
0.743	31.582
0.787	36.026
0.787	36.026
0.745	32.209
0.832	46.363
0.737	31.398
0.753	32.271
0.818	41.821
0.753	32.271
0.747	32.219
0.817	41.364
0.761	32.676
0.833	46.699
0.835	46.901
0.819	41.824
0.816	41.283
0.808	37.41
0.807	37.055
0.683	26.995
0.681	26.975
0.81	37.93
0.809	37.591
0.788	36.349
0.791	36.856
0.79	36.534
0.741	31.498
0.651	26.683
0.811	38.148
0.81	37.93
0.824	41.839
0.835	46.901
0.833	46.699
0.809	37.591
0.808	37.41
0.742	31.53
0.735	31.271
0.68	26.839
0.747	32.219
0.79	36.534
0.789	36.407
0.684	27.247
0.806	37.025
0.792	36.913
0.745	32.209
0.741	31.498
0.817	41.364
0.789	36.407
0.788	36.349
0.791	36.856
0.807	37.055
0.683	26.995
0.78	33.601
0.819	41.824
0.703	27.863
0.812	39.885
0.651	26.683
0.827	42.378
0.779	33.583
0.762	32.686
0.787	36.026
0.832	46.363
0.78	33.601
0.753	32.271
0.816	41.283
0.811	38.148
0.81	37.93
0.824	41.839
0.835	46.901
0.808	37.41
0.68	26.839
0.747	32.219
