P=? [ F (x=9&y=9&crashed=0) ]	R{"cost"}=? [ C<=100 ]
0.651	30.318
0.861	49.344
0.861	49.344
0.651	30.318
0.751	32.753
0.844	44.352
0.845	47.983
0.787	35.873
0.787	35.873
0.816	41.452
0.814	38.937
0.689	31.217
0.713	31.336
0.682	30.502
0.723	31.599
0.741	31.685
0.664	30.352
0.663	30.336
0.652	30.325
0.721	31.412
0.857	48.488
0.838	43.486
0.749	32.277
0.851	48.333
0.859	48.858
0.713	31.336
0.841	43.829
0.748	32.096
0.743	32.013
0.824	41.735
0.805	36.993
0.831	43.361
0.825	42.256
0.791	36.598
0.789	36.354
0.843	44.217
0.817	41.511
0.807	37.383
0.684	30.781
0.795	36.87
0.814	38.937
0.83	43.341
0.8	36.977
0.813	38.575
0.812	38.163
0.788	35.958
0.684	30.781
0.811	37.929
0.809	37.559
0.791	36.598
0.813	38.575
0.829	43.003
0.849	48.296
0.795	36.87
0.811	37.929
0.838	43.486
0.687	31.079
0.742	31.74
0.842	43.964
0.847	47.986
0.806	37.132
0.822	41.66
0.858	48.732
0.789	36.354
0.848	48.054
0.682	30.502
0.82	41.657
0.829	43.003
0.828	42.768
0.798	36.924
0.828	42.768
0.827	42.534
0.812	38.163
0.688	31.095
0.827	42.534
0.826	42.313
0.687	31.079
0.82	41.657
0.722	31.58
0.664	30.352
0.816	41.452
0.798	36.924
0.806	37.132
0.809	37.559
0.842	43.964
0.808	37.512
0.858	48.732
0.831	43.361
0.689	31.217
0.8	36.977
0.741	31.685
0.788	35.958
0.743	32.013
0.848	48.054
0.823	41.72
0.826	42.313
0.825	42.256
0.742	31.74
0.808	37.512
0.849	48.296
