P=? [ F (x=9&y=9&crashed=0) ]	R{"cost"}=? [ C<=100 ]
0.896	59.733
0.764	27.584
0.764	27.584
0.896	59.733
0.887	54.695
0.887	54.695
0.879	49.596
0.878	49.407
0.87	44.747
0.855	42.691
0.783	28.298
0.798	32.341
0.828	34.456
0.769	28.164
0.854	39.434
0.842	37.305
0.817	32.566
0.804	32.469
0.842	37.305
0.828	34.456
0.796	29.742
0.87	44.747
0.879	49.596
0.878	49.407
0.851	38.685
0.862	44.086
0.861	43.705
0.804	32.469
0.868	44.438
0.861	43.705
0.855	42.691
0.847	38.245
0.821	33.461
0.825	33.711
0.766	27.988
0.788	29.024
0.786	28.665
0.792	29.584
0.791	29.24
0.845	37.855
0.795	29.597
0.769	28.164
0.786	28.665
0.788	29.024
0.847	38.245
0.766	27.988
0.796	29.742
0.798	32.341
0.827	34.267
0.826	33.911
0.868	44.438
0.862	44.086
0.844	37.564
0.854	39.434
0.853	39.147
0.869	44.464
0.853	39.147
0.852	38.872
0.82	33.245
0.819	32.976
0.825	33.711
0.821	33.461
0.818	32.811
0.846	38.002
0.844	37.564
0.843	37.327
0.82	33.245
0.791	29.24
0.826	33.911
0.827	34.267
0.852	38.872
0.819	32.976
0.818	32.811
0.846	38.002
0.817	32.566
0.869	44.464
0.843	37.327
0.795	29.597
0.792	29.584
0.764	27.584
0.896	59.733
0.887	54.695
0.842	37.305
0.828	34.456
0.87	44.747
0.878	49.407
0.804	32.469
0.861	43.705
0.855	42.691
0.769	28.164
0.786	28.665
0.788	29.024
0.847	38.245
0.766	27.988
0.862	44.086
0.854	39.434
0.825	33.711
0.844	37.564
0.82	33.245
0.791	29.24
