P=? [ F (x=9&y=9&crashed=0) ]	R{"cost"}=? [ C<=100 ]
0.762	28.385
0.869	44.496
0.869	44.496
0.762	28.385
0.858	43.928
0.853	39.391
0.784	30.01
0.828	34.327
0.834	37.16
0.811	32.795
0.795	32.089
0.768	29.034
0.792	31.989
0.784	30.01
0.861	44.325
0.846	38.886
0.852	39.014
0.844	37.826
0.836	37.334
0.768	29.034
0.822	34.246
0.792	31.989
0.813	33.322
0.853	39.391
0.82	33.403
0.828	34.327
0.819	33.383
0.834	37.16
0.766	29.014
0.764	28.422
0.821	34.13
0.845	38.163
0.811	32.795
0.795	32.089
0.812	33.016
0.858	43.928
0.844	37.826
0.836	37.334
0.794	32.016
0.845	38.163
0.86	44.102
0.764	28.422
0.766	29.014
0.835	37.171
0.86	44.102
0.859	43.941
0.846	38.886
0.821	34.13
0.819	33.383
0.813	33.322
0.859	43.941
0.835	37.171
0.762	28.385
0.784	30.01
0.768	29.034
0.792	31.989
0.828	34.327
0.853	39.391
0.811	32.795
0.795	32.089
0.858	43.928
0.844	37.826
0.836	37.334
0.845	38.163
0.764	28.422
0.766	29.014
0.86	44.102
0.846	38.886
0.821	34.13
0.819	33.383
0.813	33.322
0.859	43.941
0.835	37.171
0.762	28.385
0.784	30.01
0.768	29.034
0.792	31.989
0.853	39.391
0.811	32.795
0.795	32.089
0.858	43.928
0.844	37.826
0.845	38.163
0.764	28.422
0.766	29.014
0.86	44.102
0.846	38.886
0.821	34.13
0.819	33.383
0.859	43.941
0.762	28.385
0.784	30.01
0.768	29.034
0.853	39.391
0.795	32.089
0.858	43.928
0.844	37.826
0.845	38.163
0.764	28.422
0.766	29.014
