P=? [ F (x=9&y=9&crashed=0) ]	R{"cost"}=? [ C<=100 ]
0.878	49.65
0.741	27.38
0.878	49.65
0.741	27.38
0.865	47.434
0.783	28.358
0.83	34.989
0.795	32.382
0.81	32.466
0.768	28.272
0.864	45.124
0.793	29.829
0.835	37.064
0.877	49.301
0.794	31.927
0.869	48.849
0.752	27.401
0.851	41.634
0.848	40.294
0.817	32.572
0.825	33.766
0.756	27.876
0.835	37.064
0.845	39.572
0.844	38.812
0.763	27.925
0.837	37.597
0.789	29.367
0.868	48.517
0.81	32.466
0.789	29.367
0.855	42.668
0.783	28.358
0.821	33.413
0.842	38.602
0.838	37.846
0.766	28.079
0.838	37.846
0.859	43.389
0.855	42.668
0.829	34.964
0.828	34.27
0.868	48.517
0.863	44.665
0.862	44.074
0.851	41.634
0.86	43.391
0.854	42.169
0.848	40.294
0.842	38.602
0.859	43.389
0.852	41.863
0.864	45.124
0.863	44.665
0.794	31.927
0.819	32.839
0.753	27.613
0.82	33.034
0.763	27.925
0.861	43.759
0.821	33.413
0.862	44.074
0.861	43.759
0.847	40.124
0.846	39.817
0.79	29.649
0.846	39.817
0.854	42.169
0.818	32.801
0.853	41.94
0.755	27.661
0.754	27.632
0.843	38.605
0.791	29.682
0.82	33.034
0.826	33.961
0.827	34.132
0.826	33.961
0.847	40.124
0.793	29.829
0.791	29.682
0.828	34.27
0.827	34.132
0.817	32.572
0.767	28.183
0.767	28.183
0.768	28.272
0.795	32.382
0.853	41.94
0.756	27.876
0.818	32.801
0.79	29.649
0.755	27.661
0.829	34.964
0.752	27.401
0.843	38.605
0.878	49.65
0.741	27.38
0.835	37.064
0.81	32.466
