P=? [ F (x=9&y=9&crashed=0) ]	R{"cost"}=? [ C<=100 ]
0.881	55.596
0.881	55.596
0.749	27.569
0.88	50.446
0.856	42.731
0.877	49.423
0.871	45.536
0.867	43.948
0.83	35.193
0.763	27.668
0.782	28.431
0.797	32.262
0.855	40.17
0.792	29.745
0.799	32.418
0.842	37.237
0.811	32.507
0.83	35.193
0.842	37.237
0.871	45.536
0.773	28.369
0.817	32.543
0.846	38.157
0.877	49.423
0.856	42.731
0.821	33.46
0.811	32.507
0.851	38.665
0.87	44.702
0.797	32.262
0.792	29.745
0.769	28.112
0.769	28.112
0.785	28.786
0.828	34.514
0.788	29.067
0.785	28.786
0.828	34.514
0.765	27.673
0.879	50.259
0.878	49.61
0.765	27.673
0.819	32.735
0.87	44.702
0.868	44.137
0.789	29.374
0.853	39.426
0.852	38.868
0.855	40.17
0.854	39.615
0.827	33.976
0.851	38.665
0.846	38.157
0.772	28.312
0.824	33.678
0.868	44.137
0.845	37.756
0.82	33.126
0.82	33.126
0.763	27.668
0.799	32.418
0.791	29.711
0.79	29.417
0.845	37.756
0.844	37.471
0.788	29.067
0.817	32.543
0.824	33.678
0.826	33.9
0.825	33.69
0.852	38.868
0.772	28.312
0.819	32.735
0.854	39.615
0.853	39.426
0.88	50.446
0.878	49.61
0.879	50.259
0.844	37.471
0.843	37.291
0.827	33.976
0.826	33.9
0.773	28.369
0.843	37.291
0.79	29.417
0.791	29.711
0.825	33.69
0.881	55.596
0.842	37.237
0.871	45.536
0.877	49.423
0.856	42.731
0.811	32.507
0.797	32.262
0.792	29.745
0.769	28.112
0.785	28.786
0.828	34.514
0.765	27.673
0.855	40.17
