P=? [ F (x=9&y=9&crashed=0) ]	R{"cost"}=? [ C<=100 ]
0.862	44.132
0.765	27.834
0.862	44.132
0.765	27.834
0.854	39.61
0.829	34.833
0.834	36.979
0.794	29.57
0.808	32.178
0.808	32.178
0.794	29.57
0.772	28.321
0.784	28.379
0.846	38.149
0.851	38.723
0.767	27.891
0.854	39.61
0.836	37.318
0.843	37.409
0.821	33.455
0.811	32.597
0.853	39.423
0.817	32.679
0.824	33.597
0.845	37.698
0.772	28.321
0.791	29.443
0.852	38.884
0.828	34.63
0.827	34.117
0.786	28.719
0.82	33.019
0.809	32.397
0.81	32.401
0.789	29.172
0.788	29.003
0.791	29.443
0.788	29.003
0.786	28.719
0.785	28.442
0.789	29.172
0.827	34.117
0.826	33.91
0.828	34.63
0.82	33.019
0.819	32.831
0.844	37.523
0.835	37.144
0.835	37.144
0.826	33.91
0.825	33.747
0.852	38.884
0.825	33.747
0.819	32.831
0.818	32.69
0.844	37.523
0.843	37.409
0.836	37.318
0.817	32.679
0.811	32.597
0.785	28.442
0.784	28.379
0.818	32.69
0.765	27.834
0.808	32.178
0.794	29.57
0.772	28.321
0.791	29.443
0.786	28.719
0.789	29.172
0.827	34.117
0.828	34.63
0.82	33.019
0.826	33.91
0.852	38.884
0.819	32.831
0.825	33.747
0.844	37.523
0.817	32.679
0.784	28.379
0.818	32.69
0.765	27.834
0.772	28.321
0.791	29.443
0.786	28.719
0.789	29.172
0.82	33.019
0.826	33.91
0.819	32.831
0.825	33.747
0.844	37.523
0.817	32.679
0.784	28.379
0.818	32.69
0.772	28.321
0.791	29.443
0.786	28.719
0.825	33.747
0.789	29.172
0.82	33.019
