P=? [ F (x=9&y=9&crashed=0) ]	R{"cost"}=? [ C<=100 ]
0.879	61.888
0.676	33.104
0.879	61.888
0.676	33.104
0.878	61.46
0.87	56.961
0.858	55.749
0.854	51.986
0.702	34.753
0.738	35.651
0.717	34.866
0.829	49.191
0.832	50.316
0.717	34.866
0.828	46.64
0.786	41.16
0.747	36.241
0.822	45.27
0.807	43.924
0.755	38.343
0.8	42.907
0.868	56.344
0.786	41.16
0.845	50.339
0.8	42.907
0.688	34.113
0.87	56.961
0.878	61.46
0.693	34.397
0.822	45.27
0.807	43.924
0.859	55.909
0.747	36.241
0.683	33.378
0.755	38.343
0.829	49.191
0.804	43.378
0.738	35.651
0.693	34.397
0.854	51.986
0.77	39.861
0.745	35.967
0.74	35.916
0.761	38.54
0.686	33.677
0.756	38.482
0.848	50.648
0.765	38.759
0.762	38.558
0.802	43.213
0.784	40.706
0.768	39.492
0.781	40.429
0.776	40.354
0.775	40.352
0.683	33.378
0.766	39.12
0.775	40.352
0.77	39.861
0.827	46.41
0.826	45.944
0.686	33.677
0.852	51.516
0.851	51.076
0.859	55.909
0.853	51.554
0.869	56.53
0.784	40.706
0.85	50.851
0.767	39.133
0.847	50.435
0.806	43.721
0.806	43.721
0.832	50.316
0.769	39.585
0.782	40.437
0.828	46.64
0.827	46.41
0.826	45.944
0.825	45.715
0.851	51.076
0.823	45.485
0.85	50.851
0.765	38.759
0.824	45.68
0.823	45.485
0.745	35.967
0.74	35.916
0.869	56.53
0.801	43.037
0.845	50.339
0.782	40.437
0.801	43.037
0.847	50.435
0.769	39.585
0.781	40.429
0.776	40.354
0.756	38.482
0.853	51.554
0.852	51.516
