P=? [ F (x=9&y=9&crashed=0) ]	R{"cost"}=? [ C<=100 ]
0.88	54.481
0.673	27.164
0.673	27.164
0.88	54.481
0.872	49.144
0.869	48.865
0.774	31.691
0.733	31.617
0.878	54.206
0.856	44.748
0.732	31.566
0.703	29.193
0.843	38.96
0.845	41.935
0.703	29.193
0.683	27.718
0.732	31.566
0.856	44.748
0.814	36.601
0.81	34.819
0.829	38.663
0.84	38.666
0.695	28.595
0.801	33.56
0.851	43.35
0.846	41.977
0.695	28.595
0.787	33.021
0.878	54.206
0.681	27.713
0.699	28.676
0.7	29.185
0.796	33.279
0.792	33.042
0.825	37.813
0.81	34.819
0.854	43.629
0.681	27.713
0.796	33.279
0.814	36.601
0.828	38.396
0.855	44.209
0.851	43.35
0.846	41.977
0.825	37.813
0.782	32.391
0.78	32.1
0.852	43.4
0.855	44.209
0.828	38.396
0.817	36.86
0.817	36.86
0.82	37.101
0.782	32.391
0.843	38.96
0.792	33.042
0.821	37.29
0.777	31.943
0.809	34.501
0.785	32.7
0.808	34.447
0.807	34.134
0.785	32.7
0.823	37.518
0.804	33.808
0.823	37.518
0.806	34.132
0.805	33.84
0.78	32.1
0.786	32.751
0.84	38.666
0.804	33.808
0.82	37.101
0.854	43.629
0.776	31.865
0.774	31.691
0.776	31.865
0.845	41.935
0.822	37.351
0.777	31.943
0.699	28.676
0.733	31.617
0.822	37.351
0.809	34.501
0.808	34.447
0.786	32.751
0.805	33.84
0.7	29.185
0.807	34.134
0.806	34.132
0.88	54.481
0.673	27.164
0.703	29.193
0.732	31.566
0.856	44.748
0.681	27.713
0.81	34.819
0.796	33.279
0.814	36.601
0.851	43.35
