P=? [ F (x=9&y=9&crashed=0) ]	R{"cost"}=? [ C<=100 ]
0.879	59.714
0.674	28.806
0.877	59.253
0.862	54.098
0.71	32.164
0.796	38.034
0.86	49.83
0.87	54.878
0.847	47.995
0.845	44.376
0.82	38.654
0.829	39.953
0.71	32.164
0.83	43.13
0.723	32.7
0.741	32.704
0.769	36.646
0.759	34.159
0.711	32.275
0.723	32.7
0.782	36.873
0.771	36.774
0.852	49.008
0.769	36.646
0.759	34.159
0.752	33.155
0.858	49.546
0.854	49.291
0.744	33.071
0.832	43.526
0.839	43.67
0.87	54.878
0.85	48.275
0.789	37.164
0.753	33.211
0.867	54.487
0.785	37.08
0.82	38.654
0.848	48.074
0.793	37.564
0.794	37.974
0.831	43.308
0.828	39.746
0.86	49.83
0.711	32.275
0.743	32.881
0.867	54.487
0.79	37.242
0.758	34.077
0.757	33.698
0.824	39.062
0.755	33.565
0.85	48.275
0.783	36.902
0.784	37.071
0.792	37.559
0.77	36.75
0.827	39.576
0.826	39.303
0.755	33.565
0.845	44.376
0.869	54.776
0.868	54.589
0.84	43.856
0.825	39.24
0.83	43.13
0.827	39.576
0.791	37.396
0.843	44.174
0.842	44.018
0.791	37.396
0.821	38.799
0.839	43.67
0.832	43.526
0.844	44.301
0.843	44.174
0.823	39.029
0.742	32.822
0.822	38.911
0.822	38.911
0.821	38.799
0.868	54.589
0.869	54.776
0.756	33.666
0.782	36.873
0.771	36.774
0.841	43.951
0.84	43.856
0.744	33.071
0.758	34.077
0.844	44.301
0.842	44.018
0.841	43.951
0.826	39.303
0.825	39.24
0.794	37.974
0.742	32.822
0.823	39.029
0.757	33.698
0.756	33.666
