P=? [ F (x=9&y=9&crashed=0) ]	R{"cost"}=? [ C<=100 ]
0.594	21.906
0.594	21.906
0.853	49.836
0.651	23.823
0.686	26.389
0.831	43.511
0.829	39.948
0.848	48.943
0.846	45.496
0.788	35.284
0.689	27.681
0.707	27.878
0.724	27.942
0.707	27.878
0.749	30.547
0.818	38.072
0.803	37.965
0.79	36.972
0.746	30.056
0.751	32.185
0.688	27.586
0.765	32.249
0.752	32.222
0.731	28.642
0.772	33.516
0.739	28.875
0.825	39.073
0.843	44.728
0.743	29.434
0.779	33.522
0.731	28.642
0.791	37.163
0.726	28.115
0.726	28.115
0.749	30.547
0.852	49.417
0.771	33.115
0.826	39.392
0.838	43.885
0.768	32.481
0.846	45.496
0.845	45.119
0.784	34.24
0.741	29.232
0.799	37.365
0.785	34.591
0.781	33.785
0.783	34.218
0.85	49.064
0.822	38.62
0.743	29.434
0.84	44.271
0.787	34.988
0.787	34.988
0.785	34.591
0.845	45.119
0.823	38.7
0.78	33.548
0.769	32.847
0.819	38.081
0.802	37.757
0.801	37.718
0.795	37.182
0.739	28.875
0.766	32.433
0.851	49.385
0.782	33.899
0.741	29.232
0.79	36.972
0.829	39.948
0.828	39.779
0.827	39.506
0.799	37.365
0.797	37.207
0.842	44.59
0.841	44.33
0.82	38.32
0.839	44.033
0.821	38.382
0.837	43.647
0.77	33.077
0.769	32.847
0.848	48.943
0.834	43.623
0.834	43.623
0.831	43.511
0.689	27.681
0.823	38.7
0.724	27.942
0.828	39.779
0.767	32.467
0.839	44.033
0.801	37.718
0.751	32.185
0.842	44.59
0.797	37.207
0.795	37.182
0.836	43.633
0.85	49.064
0.782	33.899
