P=? [ F (x=9&y=9&crashed=0) ]	R{"cost"}=? [ C<=100 ]
0.649	25.851
0.881	54.399
0.649	25.851
0.881	54.399
0.738	28.892
0.878	53.997
0.864	49.675
0.705	28.789
0.86	48.47
0.847	44.524
0.796	37.11
0.838	43.162
0.829	39.933
0.864	49.675
0.651	25.985
0.684	26.12
0.667	26.078
0.818	38.165
0.804	38.097
0.749	30.694
0.667	26.078
0.788	35.229
0.878	53.997
0.764	32.397
0.86	48.47
0.764	32.397
0.749	30.694
0.847	44.524
0.701	28.544
0.829	39.933
0.788	35.229
0.746	30.312
0.838	43.162
0.691	28.266
0.694	28.432
0.78	33.533
0.744	29.496
0.69	27.878
0.689	27.107
0.863	48.923
0.738	28.892
0.771	33.266
0.798	37.365
0.781	33.987
0.688	26.931
0.685	26.303
0.822	38.592
0.704	28.661
0.745	29.708
0.744	29.496
0.828	39.685
0.8	37.416
0.801	37.685
0.845	44.143
0.786	34.836
0.785	34.609
0.776	33.475
0.787	35.012
0.766	32.403
0.827	39.468
0.846	44.304
0.783	34.306
0.782	34.079
0.818	38.165
0.685	26.303
0.777	33.503
0.822	38.592
0.784	34.437
0.688	26.931
0.825	39.074
0.769	33.027
0.767	32.794
0.69	27.878
0.84	43.179
0.803	37.9
0.748	30.455
0.694	28.432
0.843	43.883
0.802	37.848
0.862	48.723
0.88	54.252
0.65	25.876
0.88	54.252
0.844	43.888
0.862	48.723
0.823	38.842
0.842	43.661
0.841	43.42
0.841	43.42
0.768	32.797
0.826	39.3
0.842	43.661
0.745	29.708
0.776	33.475
0.771	33.266
0.863	48.923
0.77	33.073
0.689	27.107
0.824	39.012
0.823	38.842
