P=? [ F (x=9&y=9&crashed=0) ]	R{"cost"}=? [ C<=100 ]
0.864	49.29
0.68	27.636
0.864	49.29
0.68	27.636
0.862	48.903
0.848	44.852
0.722	30.355
0.839	43.513
0.829	39.957
0.751	32.249
0.751	32.249
0.686	27.733
0.722	30.355
0.802	37.944
0.697	27.979
0.791	37.048
0.818	38.108
0.788	35.238
0.848	44.852
0.862	48.903
0.763	32.269
0.829	39.957
0.793	37.283
0.839	43.513
0.72	29.797
0.714	29.454
0.771	33.171
0.7	28.158
0.799	37.498
0.712	28.905
0.778	33.352
0.781	33.825
0.78	33.379
0.821	38.338
0.709	28.72
0.701	28.514
0.705	28.679
0.783	33.845
0.791	37.048
0.72	29.797
0.714	29.454
0.788	35.238
0.77	32.952
0.767	32.474
0.703	28.546
0.787	35.019
0.786	34.659
0.8	37.702
0.769	32.86
0.768	32.504
0.785	34.424
0.784	34.074
0.823	38.589
0.847	44.648
0.846	44.332
0.712	28.905
0.778	33.352
0.819	38.223
0.863	49.011
0.709	28.72
0.825	39.054
0.824	38.789
0.765	32.331
0.828	39.738
0.827	39.482
0.823	38.589
0.786	34.659
0.785	34.424
0.843	43.86
0.844	44.091
0.842	43.629
0.843	43.86
0.784	34.074
0.827	39.482
0.826	39.254
0.828	39.738
0.787	35.019
0.799	37.498
0.801	37.739
0.847	44.648
0.824	38.789
0.826	39.254
0.825	39.054
0.771	33.171
0.765	32.331
0.818	38.108
0.802	37.944
0.705	28.679
0.845	44.245
0.844	44.091
0.763	32.269
0.841	43.618
0.863	49.011
0.841	43.618
0.769	32.86
0.846	44.332
0.845	44.245
0.82	38.277
0.82	38.277
0.801	37.739
