P=? [ F (x=9&y=9&crashed=0) ]	R{"cost"}=? [ C<=100 ]
0.856	49.579
0.856	49.579
0.594	21.893
0.743	30.038
0.606	23.697
0.649	25.793
0.851	48.627
0.847	44.795
0.708	28.101
0.606	23.697
0.83	43.196
0.829	39.943
0.724	29.224
0.758	32.183
0.649	25.793
0.788	35.196
0.719	28.75
0.792	37.101
0.65	25.941
0.683	26.073
0.813	38.057
0.692	28.086
0.667	25.968
0.666	25.955
0.801	37.821
0.758	32.183
0.84	43.454
0.831	43.431
0.69	27.341
0.788	35.196
0.786	34.747
0.691	28.076
0.847	44.795
0.82	38.442
0.685	26.37
0.776	33.326
0.785	34.655
0.781	34.015
0.843	44.102
0.851	48.627
0.844	44.177
0.779	33.517
0.769	33.063
0.824	38.911
0.784	34.248
0.825	39.252
0.842	43.704
0.827	39.57
0.799	37.583
0.828	39.69
0.846	44.423
0.78	33.541
0.761	32.202
0.782	34.034
0.826	39.313
0.764	32.222
0.819	38.137
0.684	26.112
0.689	27.202
0.687	26.811
0.817	38.068
0.767	32.455
0.723	28.948
0.855	49.329
0.853	49.119
0.793	37.108
0.8	37.766
0.768	32.724
0.822	38.608
0.796	37.128
0.765	32.429
0.792	37.101
0.686	26.644
0.687	26.811
0.768	32.724
0.798	37.39
0.797	37.129
0.721	28.795
0.771	33.291
0.829	39.943
0.842	43.704
0.852	48.877
0.846	44.423
0.689	27.202
0.852	48.877
0.83	43.196
0.774	33.314
0.773	33.303
0.823	38.841
0.759	32.188
0.784	34.248
0.855	49.329
0.853	49.119
0.798	37.39
0.818	38.134
0.686	26.644
0.822	38.608
0.723	28.948
0.77	33.139
0.721	28.795
