P=? [ F (x=9&y=9&crashed=0) ]	R{"cost"}=? [ C<=100 ]
0.864	49.723
0.593	21.885
0.593	21.885
0.864	49.723
0.594	21.892
0.649	25.782
0.649	25.782
0.853	48.465
0.847	44.685
0.836	43.207
0.829	40.079
0.691	27.801
0.709	28.026
0.793	36.987
0.762	32.231
0.787	35.014
0.748	30.311
0.738	28.861
0.713	28.551
0.721	28.758
0.668	26.142
0.666	25.98
0.684	26.216
0.748	30.311
0.814	37.971
0.651	25.96
0.762	32.231
0.802	37.857
0.829	40.079
0.689	27.027
0.847	44.685
0.721	28.758
0.798	37.21
0.787	35.014
0.857	48.621
0.825	39.123
0.828	39.564
0.786	34.803
0.8	37.454
0.836	43.207
0.796	37.032
0.841	43.611
0.765	32.252
0.767	32.424
0.84	43.41
0.824	38.854
0.861	49.24
0.793	36.987
0.743	29.273
0.86	48.989
0.821	38.381
0.709	28.026
0.853	48.465
0.838	43.228
0.688	26.914
0.686	26.405
0.744	29.523
0.801	37.652
0.771	33.078
0.826	39.458
0.747	30.151
0.745	29.677
0.854	48.48
0.775	33.336
0.82	38.18
0.846	44.289
0.743	29.273
0.739	28.878
0.778	33.345
0.818	38.159
0.771	33.078
0.785	34.443
0.844	44.055
0.769	32.894
0.782	34.008
0.784	34.206
0.78	33.53
0.691	27.801
0.739	28.878
0.843	43.834
0.775	33.336
0.862	49.447
0.859	48.786
0.686	26.405
0.862	49.447
0.667	26.123
0.747	30.151
0.745	29.677
0.768	32.648
0.781	33.764
0.785	34.443
0.822	38.617
0.781	33.764
0.768	32.648
0.843	43.834
0.688	26.914
0.827	39.507
0.846	44.289
0.845	44.088
0.784	34.206
