P=? [ F (x=9&y=9&crashed=0) ]	R{"cost"}=? [ C<=100 ]
0.673	26.731
0.895	44.508
0.895	44.508
0.673	26.731
0.886	44.097
0.728	27.574
0.883	41.129
0.69	27.484
0.85	35.751
0.854	37.794
0.79	32.284
0.812	32.377
0.877	39.345
0.737	28.137
0.755	29.604
0.756	31.027
0.763	31.271
0.86	39.138
0.881	40.291
0.747	28.668
0.768	32.096
0.858	39.058
0.79	32.284
0.779	32.221
0.856	38.234
0.879	39.739
0.85	35.751
0.747	28.668
0.848	35.372
0.778	32.192
0.882	40.878
0.823	33.004
0.772	32.104
0.886	44.097
0.678	26.816
0.824	33.37
0.73	28.025
0.846	34.845
0.855	37.802
0.856	38.234
0.879	39.739
0.848	35.372
0.757	31.071
0.75	29.293
0.826	33.386
0.686	27.471
0.883	41.129
0.749	29.06
0.761	31.157
0.841	34.12
0.84	33.768
0.752	29.339
0.683	27.213
0.828	33.558
0.846	34.845
0.768	32.096
0.683	27.213
0.749	29.06
0.82	32.762
0.819	32.452
0.877	39.345
0.86	39.138
0.831	33.571
0.821	32.949
0.755	29.604
0.813	32.381
0.732	28.111
0.882	40.878
0.68	27.039
0.845	34.595
0.771	32.097
0.854	37.794
0.733	28.118
0.839	33.727
0.844	34.466
0.842	34.247
0.844	34.466
0.842	34.247
0.752	29.339
0.837	33.694
0.82	32.762
0.816	32.401
0.835	33.6
0.686	27.471
0.728	27.574
0.73	28.025
0.761	31.157
0.689	27.483
0.858	39.058
0.681	27.054
0.679	26.884
0.845	34.595
0.841	34.12
0.818	32.425
0.816	32.401
0.832	33.586
0.681	27.054
0.828	33.558
0.836	33.693
0.812	32.377
