P=? [ F (x=9&y=9&crashed=0) ]	R{"cost"}=? [ C<=100 ]
0.937	65.79
0.937	65.79
0.76	32.075
0.836	35.123
0.936	60.5
0.846	38.179
0.936	60.5
0.935	55.536
0.884	44.053
0.815	34.735
0.811	34.219
0.778	33.218
0.929	54.469
0.863	39.627
0.918	51.063
0.793	34.172
0.882	40.94
0.902	49.028
0.9	45.917
0.858	38.577
0.877	39.773
0.918	51.063
0.847	38.248
0.929	54.469
0.789	33.689
0.903	49.06
0.913	49.325
0.778	33.218
0.893	44.252
0.782	33.587
0.858	38.577
0.881	40.357
0.815	34.735
0.863	39.627
0.79	34.103
0.9	45.917
0.882	40.94
0.782	33.587
0.88	40.117
0.811	34.219
0.917	50.469
0.899	45.328
0.914	49.345
0.877	39.773
0.931	54.473
0.916	50.155
0.915	49.687
0.793	34.172
0.884	44.053
0.88	40.117
0.915	49.687
0.898	45.183
0.934	55.296
0.933	54.954
0.897	44.841
0.932	54.807
0.847	38.248
0.895	44.6
0.894	44.272
0.917	50.469
0.916	50.155
0.913	49.325
0.903	49.06
0.935	55.536
0.934	55.296
0.902	49.028
0.897	44.841
0.896	44.62
0.893	44.252
0.933	54.954
0.932	54.807
0.899	45.328
0.898	45.183
0.79	34.103
0.894	44.272
0.896	44.62
0.895	44.6
0.931	54.473
0.937	65.79
0.778	33.218
0.936	60.5
0.815	34.735
0.918	51.063
0.929	54.469
0.858	38.577
0.863	39.627
0.9	45.917
0.882	40.94
0.782	33.587
0.811	34.219
0.877	39.773
0.793	34.172
0.917	50.469
0.916	50.155
0.913	49.325
0.903	49.06
0.934	55.296
0.902	49.028
0.897	44.841
0.933	54.954
