P=? [ F (x=9&y=9&crashed=0) ]	R{"cost"}=? [ C<=100 ]
0.69	24.411
0.917	55.366
0.69	24.411
0.917	55.366
0.779	29.756
0.902	49.355
0.819	32.451
0.916	50.554
0.728	27.575
0.693	24.446
0.779	29.756
0.897	45.287
0.882	43.935
0.878	39.922
0.846	38.017
0.845	34.522
0.728	27.575
0.693	24.446
0.819	32.451
0.746	28.477
0.765	28.637
0.912	49.601
0.892	44.129
0.767	28.718
0.838	33.527
0.735	28.137
0.746	28.477
0.826	33.425
0.875	39.088
0.865	39.018
0.883	43.981
0.855	38.229
0.767	28.718
0.847	38.039
0.914	50.298
0.894	44.803
0.876	39.303
0.897	45.287
0.729	27.767
0.734	27.957
0.878	39.922
0.822	32.953
0.822	32.953
0.882	43.935
0.877	39.742
0.824	33.422
0.894	44.803
0.914	50.298
0.863	39.01
0.896	45.064
0.735	28.137
0.843	34.188
0.841	33.907
0.892	44.129
0.823	33.138
0.843	34.188
0.841	33.907
0.863	39.01
0.86	38.768
0.896	45.064
0.916	50.554
0.86	38.768
0.826	33.425
0.865	39.018
0.858	38.613
0.857	38.421
0.734	27.957
0.729	27.767
0.855	38.229
0.847	38.039
0.844	34.375
0.823	33.138
0.877	39.742
0.84	33.74
0.84	33.74
0.839	33.579
0.765	28.637
0.859	38.764
0.858	38.613
0.692	24.433
0.883	43.981
0.845	34.522
0.844	34.375
0.856	38.369
0.838	33.527
0.875	39.088
0.766	28.655
0.857	38.421
0.839	33.579
0.856	38.369
0.692	24.433
0.846	38.017
0.766	28.655
0.859	38.764
0.824	33.422
0.69	24.411
0.917	55.366
0.779	29.756
0.728	27.575
0.693	24.446
