P=? [ F (x=9&y=9&crashed=0) ]	R{"cost"}=? [ C<=100 ]
0.977	46.33
0.737	27.32
0.977	46.33
0.737	27.32
0.976	41.223
0.957	36.172
0.963	39.035
0.84	28.719
0.824	28.678
0.803	28.617
0.774	28.535
0.899	32.697
0.898	31.224
0.86	28.735
0.891	31.055
0.921	33.798
0.807	28.669
0.89	29.987
0.762	28.126
0.957	36.172
0.933	33.825
0.753	28.112
0.947	34.558
0.948	35.087
0.967	39.851
0.966	39.3
0.955	35.607
0.953	35.231
0.971	39.919
0.973	40.159
0.748	27.667
0.867	28.753
0.738	27.515
0.974	40.658
0.975	40.731
0.86	28.735
0.946	34.478
0.951	35.211
0.885	29.64
0.743	27.657
0.955	35.607
0.963	39.035
0.766	28.509
0.902	32.702
0.774	28.535
0.908	32.742
0.878	29.2
0.897	31.159
0.872	28.817
0.867	28.753
0.769	28.522
0.945	34.149
0.749	27.836
0.743	27.657
0.964	39.081
0.919	33.513
0.938	33.864
0.968	39.893
0.965	39.279
0.882	29.479
0.887	29.855
0.889	29.904
0.804	28.647
0.94	33.935
0.919	33.513
0.765	28.339
0.882	29.479
0.878	29.2
0.942	34.081
0.752	28.01
0.918	33.272
0.973	40.159
0.874	28.854
0.914	33.007
0.876	29.049
0.944	34.102
0.941	33.991
0.894	31.094
0.917	33.22
0.914	33.007
0.917	33.22
0.902	32.702
0.894	31.094
0.933	33.825
0.764	28.307
0.752	28.01
0.749	27.836
0.769	28.522
0.807	28.669
0.936	33.858
0.913	32.927
0.875	28.898
0.872	28.817
0.877	29.057
0.738	27.515
0.909	32.744
0.91	32.804
0.887	29.855
0.948	35.087
0.912	32.926
