P=? [ F (x=9&y=9&crashed=0) ]	R{"cost"}=? [ C<=100 ]
0.736	24.165
0.973	45.133
0.973	45.133
0.736	24.165
0.971	39.867
0.972	44.984
0.801	28.524
0.845	28.629
0.742	24.185
0.955	35.804
0.743	27.544
0.964	39.126
0.911	32.909
0.908	30.043
0.77	28.008
0.801	28.524
0.889	28.706
0.845	28.629
0.766	27.804
0.865	28.657
0.871	28.664
0.748	27.752
0.955	35.804
0.964	39.126
0.77	28.008
0.939	34.298
0.916	33.346
0.945	34.348
0.92	33.701
0.949	34.865
0.949	34.865
0.927	33.864
0.871	28.664
0.865	28.657
0.905	29.994
0.952	35.232
0.896	28.93
0.952	35.232
0.946	34.499
0.9	29.17
0.903	29.631
0.901	29.27
0.953	35.463
0.919	33.683
0.915	33.33
0.913	32.995
0.946	34.499
0.904	29.669
0.953	35.463
0.766	27.804
0.934	34.256
0.893	28.715
0.9	29.17
0.896	28.93
0.908	30.043
0.966	39.414
0.936	34.293
0.969	39.707
0.968	39.586
0.895	28.81
0.931	34.019
0.911	32.909
0.744	27.562
0.919	33.683
0.901	29.27
0.747	27.747
0.744	27.562
0.747	27.747
0.739	24.18
0.892	28.711
0.968	39.586
0.966	39.414
0.927	33.864
0.92	33.701
0.969	39.707
0.965	39.285
0.913	32.995
0.972	44.984
0.929	33.917
0.907	30.002
0.965	39.285
0.903	29.631
0.932	34.133
0.915	33.33
0.739	24.18
0.931	34.019
0.929	33.917
0.933	34.154
0.895	28.81
0.936	34.293
0.741	24.184
0.912	32.934
0.748	27.752
0.945	34.348
0.928	33.873
0.904	29.669
0.912	32.934
0.933	34.154
0.932	34.133
0.743	27.544
