P=? [ F (x=9&y=9&crashed=0) ]	R{"cost"}=? [ C<=100 ]
0.971	44.368
0.728	24.101
0.728	24.101
0.971	44.368
0.765	27.794
0.963	38.904
0.97	39.533
0.743	24.175
0.945	35.095
0.784	28.408
0.856	28.598
0.913	33.026
0.816	28.53
0.824	28.591
0.912	30.785
0.743	24.175
0.945	35.095
0.769	28.196
0.919	33.689
0.888	28.71
0.94	34.695
0.779	28.232
0.729	24.119
0.738	24.157
0.913	33.026
0.88	28.688
0.97	39.533
0.964	38.93
0.88	28.688
0.872	28.671
0.906	30.274
0.78	28.251
0.919	33.689
0.932	33.81
0.964	38.93
0.928	33.779
0.912	30.785
0.911	30.359
0.897	29.168
0.91	30.334
0.897	29.168
0.938	34.283
0.923	33.766
0.905	29.954
0.904	29.544
0.818	28.585
0.858	28.616
0.89	28.714
0.895	28.828
0.823	28.586
0.863	28.654
0.899	29.5
0.905	29.954
0.766	27.986
0.935	34.256
0.934	34.067
0.923	33.766
0.768	28.018
0.871	28.669
0.934	34.067
0.739	24.163
0.942	35.05
0.893	28.719
0.816	28.53
0.863	28.654
0.941	34.889
0.903	29.526
0.868	28.663
0.866	28.656
0.9	29.502
0.941	34.889
0.895	28.828
0.931	33.785
0.938	34.283
0.937	34.264
0.944	35.087
0.868	28.663
0.929	33.782
0.866	28.656
0.899	29.5
0.818	28.585
0.894	28.759
0.906	30.274
0.894	28.759
0.738	24.157
0.858	28.616
0.729	24.119
0.944	35.087
0.942	35.05
0.779	28.232
0.769	28.196
0.768	28.018
0.766	27.986
0.911	30.359
0.903	29.526
0.9	29.502
0.904	29.544
0.872	28.671
0.857	28.6
0.739	24.163
