P=? [ F (x=9&y=9&crashed=0) ]	R{"cost"}=? [ C<=100 ]
0.977	46.63
0.736	23.368
0.736	23.368
0.977	46.63
0.764	24.394
0.878	27.78
0.975	40.684
0.976	46.069
0.919	33.48
0.764	24.394
0.965	39.275
0.955	35.869
0.878	27.78
0.918	30.365
0.926	33.914
0.942	34.072
0.955	35.869
0.762	23.922
0.745	23.374
0.912	29.908
0.965	39.275
0.746	23.888
0.946	34.681
0.752	23.897
0.885	28.469
0.895	28.759
0.967	39.808
0.902	28.861
0.92	33.753
0.909	29.252
0.954	35.295
0.976	46.069
0.973	40.144
0.752	23.897
0.882	28.462
0.945	34.182
0.885	28.469
0.88	28.149
0.951	34.893
0.966	39.408
0.971	39.864
0.925	33.912
0.879	27.792
0.906	29.13
0.88	28.149
0.953	35.249
0.952	34.941
0.917	30.319
0.916	30.012
0.895	28.759
0.909	29.252
0.906	29.13
0.973	40.144
0.951	34.893
0.946	34.681
0.972	39.973
0.925	33.912
0.92	33.753
0.942	34.072
0.926	33.914
0.966	39.408
0.914	29.927
0.762	23.922
0.972	39.973
0.882	28.462
0.899	28.768
0.897	28.764
0.908	29.16
0.945	34.182
0.944	34.092
0.901	28.845
0.9	28.772
0.971	39.864
0.916	30.012
0.915	29.963
0.952	34.941
0.918	30.365
0.954	35.295
0.917	30.319
0.953	35.249
0.915	29.963
0.907	29.157
0.914	29.927
0.944	34.092
0.943	34.074
0.901	28.845
0.879	27.792
0.746	23.888
0.745	23.374
0.899	28.768
0.897	28.764
0.9	28.772
0.908	29.16
0.907	29.157
0.896	28.761
0.896	28.761
0.943	34.074
0.977	46.63
0.736	23.368
0.764	24.394
