P=? [ F (x=9&y=9&crashed=0) ]	R{"cost"}=? [ C<=100 ]
0.757	35.624
0.882	78.571
0.882	78.571
0.757	35.624
0.881	68.578
0.801	39.942
0.851	52.554
0.872	62.991
0.828	45.415
0.868	58.594
0.862	54.099
0.834	48.046
0.789	38.754
0.878	64.259
0.881	68.578
0.88	65.116
0.871	59.579
0.858	53.025
0.846	49.464
0.808	43.243
0.768	36.978
0.776	37.108
0.804	40.38
0.84	48.113
0.862	54.099
0.814	43.285
0.781	37.693
0.805	42.313
0.868	58.594
0.851	52.554
0.834	48.046
0.846	49.464
0.817	43.876
0.822	44.11
0.872	62.991
0.789	38.754
0.761	36.19
0.785	38.062
0.765	36.546
0.778	37.118
0.844	49.026
0.788	38.652
0.806	42.543
0.816	43.616
0.786	38.164
0.766	36.574
0.78	37.471
0.807	42.646
0.758	35.634
0.871	59.579
0.879	64.756
0.87	59.082
0.776	37.108
0.861	53.688
0.785	38.062
0.845	49.102
0.88	65.116
0.879	64.756
0.765	36.546
0.761	36.19
0.87	59.082
0.869	58.735
0.86	53.613
0.859	53.277
0.843	48.707
0.826	44.937
0.825	44.625
0.827	45.109
0.803	40.364
0.802	40.067
0.779	37.414
0.787	38.359
0.815	43.569
0.767	36.829
0.859	53.277
0.842	48.507
0.841	48.262
0.759	35.87
0.822	44.11
0.817	43.876
0.805	42.313
0.824	44.433
0.823	44.223
0.76	36.075
0.759	35.87
0.843	48.707
0.842	48.507
0.787	38.359
0.825	44.625
0.824	44.433
0.827	45.109
0.826	44.937
0.841	48.262
0.767	36.829
0.869	58.735
0.768	36.978
0.802	40.067
0.76	36.075
0.823	44.223
0.807	42.646
