P=? [ F (x=9&y=9&crashed=0) ]	R{"cost"}=? [ C<=100 ]
0.872	59.723
0.713	32.006
0.713	32.006
0.872	59.723
0.734	32.321
0.748	33.495
0.87	58.879
0.863	54.287
0.779	36.379
0.748	33.495
0.859	53.379
0.854	49.422
0.85	48.32
0.838	44.599
0.812	39.992
0.766	36.023
0.766	36.023
0.809	39.147
0.814	42.094
0.822	43.404
0.838	44.599
0.85	48.32
0.792	37.97
0.797	39.096
0.833	43.497
0.792	37.97
0.87	58.879
0.818	42.124
0.863	54.287
0.854	49.422
0.82	42.733
0.859	53.379
0.77	36.177
0.776	36.354
0.853	48.896
0.77	36.177
0.796	39.004
0.795	38.402
0.86	53.761
0.776	36.354
0.862	53.972
0.871	59.367
0.821	42.935
0.809	39.147
0.851	48.537
0.853	48.896
0.851	48.537
0.871	59.367
0.837	44.291
0.834	43.731
0.836	44.086
0.835	43.866
0.795	38.402
0.862	53.972
0.794	38.191
0.86	53.761
0.837	44.291
0.836	44.086
0.814	42.094
0.821	42.935
0.794	38.191
0.793	37.994
0.835	43.866
0.834	43.731
0.833	43.497
0.796	39.004
0.797	39.096
0.793	37.994
0.713	32.006
0.872	59.723
0.748	33.495
0.766	36.023
0.838	44.599
0.85	48.32
0.792	37.97
0.87	58.879
0.863	54.287
0.854	49.422
0.809	39.147
0.814	42.094
0.77	36.177
0.853	48.896
0.851	48.537
0.871	59.367
0.795	38.402
0.862	53.972
0.86	53.761
0.837	44.291
0.794	38.191
0.835	43.866
0.834	43.731
0.833	43.497
0.796	39.004
0.821	42.935
0.797	39.096
0.793	37.994
0.872	59.723
0.748	33.495
0.766	36.023
0.838	44.599
