P=? [ F (x=9&y=9&crashed=0) ]	R{"cost"}=? [ C<=100 ]
0.853	48.836
0.696	26.708
0.853	48.836
0.822	39.195
0.731	27.826
0.775	32.261
0.701	27.165
0.745	30.137
0.849	47.923
0.833	42.714
0.837	44.228
0.796	36.776
0.837	44.228
0.795	34.52
0.775	32.261
0.745	30.137
0.849	47.923
0.833	42.714
0.802	37.655
0.836	43.279
0.815	37.744
0.743	30.125
0.782	33.59
0.739	29.197
0.741	29.208
0.789	34.354
0.731	27.826
0.735	28.262
0.779	32.924
0.819	38.553
0.779	32.924
0.777	32.299
0.788	33.735
0.701	27.165
0.852	48.527
0.852	48.527
0.818	38.296
0.816	37.777
0.735	28.262
0.786	33.707
0.793	34.494
0.821	38.896
0.739	29.197
0.782	33.59
0.818	38.296
0.734	28.209
0.697	26.808
0.821	38.896
0.734	28.209
0.7	27.142
0.697	26.808
0.7	27.142
0.793	34.494
0.798	37.304
0.797	37.026
0.8	37.382
0.786	33.707
0.797	37.026
0.802	37.655
0.777	32.299
0.816	37.777
0.8	37.382
0.741	29.208
0.789	34.354
0.815	37.744
0.799	37.366
0.798	37.304
0.788	33.735
0.795	34.52
0.799	37.366
0.853	48.836
0.837	44.228
0.775	32.261
0.745	30.137
0.849	47.923
0.833	42.714
0.731	27.826
0.779	32.924
0.701	27.165
0.852	48.527
0.735	28.262
0.739	29.197
0.818	38.296
0.782	33.59
0.734	28.209
0.697	26.808
0.821	38.896
0.7	27.142
0.793	34.494
0.786	33.707
0.797	37.026
0.802	37.655
0.777	32.299
0.816	37.777
0.8	37.382
0.741	29.208
0.789	34.354
0.815	37.744
0.798	37.304
0.795	34.52
