P=? [ F (x=9&y=9&crashed=0) ]	R{"cost"}=? [ C<=100 ]
0.783	46.027
0.861	59.265
0.783	46.027
0.861	59.265
0.851	58.024
0.847	54.322
0.822	51.586
0.821	49.575
0.853	58.326
0.803	47.985
0.829	52.678
0.79	46.117
0.81	48.159
0.836	52.888
0.853	58.326
0.824	51.965
0.847	54.322
0.839	53.535
0.828	52.547
0.813	48.535
0.843	53.563
0.828	52.547
0.824	51.965
0.823	51.657
0.8	47.343
0.799	46.798
0.817	48.835
0.851	58.024
0.791	46.179
0.794	46.226
0.838	53.281
0.837	52.905
0.821	49.575
0.82	49.215
0.802	47.652
0.817	48.835
0.813	48.535
0.852	58.046
0.846	54.048
0.846	54.048
0.845	53.786
0.838	53.281
0.819	49.119
0.818	48.867
0.811	48.189
0.812	48.44
0.796	46.51
0.795	46.276
0.836	52.888
0.829	52.678
0.801	47.546
0.8	47.343
0.81	48.159
0.803	47.985
0.845	53.786
0.844	53.652
0.797	46.623
0.796	46.51
0.798	46.734
0.797	46.623
0.802	47.652
0.801	47.546
0.82	49.215
0.819	49.119
0.812	48.44
0.79	46.117
0.844	53.652
0.822	51.586
0.799	46.798
0.798	46.734
0.795	46.276
0.794	46.226
0.791	46.179
0.818	48.867
0.811	48.189
0.843	53.563
0.839	53.535
0.852	58.046
0.837	52.905
0.861	59.265
0.783	46.027
0.853	58.326
0.828	52.547
0.824	51.965
0.851	58.024
0.821	49.575
0.817	48.835
0.813	48.535
0.846	54.048
0.838	53.281
0.836	52.888
0.829	52.678
0.8	47.343
0.81	48.159
0.803	47.985
0.845	53.786
0.822	51.586
0.796	46.51
0.797	46.623
0.802	47.652
