P=? [ F (x=9&y=9&crashed=0) ]	R{"cost"}=? [ C<=100 ]
0.698	26.63
0.844	48.552
0.698	26.63
0.844	48.552
0.837	47.17
0.701	26.932
0.832	42.549
0.819	38.522
0.836	43.157
0.724	27.028
0.804	37.432
0.798	34.203
0.843	48.198
0.759	31.406
0.773	31.749
0.757	31.144
0.777	32.679
0.753	29.184
0.788	32.721
0.832	42.549
0.819	38.522
0.744	28.263
0.734	27.572
0.807	37.872
0.804	37.432
0.798	34.203
0.734	27.572
0.837	47.17
0.814	37.908
0.744	28.263
0.789	33.159
0.757	31.144
0.73	27.525
0.724	27.028
0.835	43.116
0.833	42.59
0.776	32.165
0.759	31.406
0.753	29.184
0.746	28.353
0.728	27.286
0.796	33.774
0.818	38.482
0.817	38.083
0.791	33.168
0.729	27.318
0.773	31.749
0.752	29.148
0.751	28.806
0.793	33.408
0.807	37.872
0.747	28.689
0.816	37.931
0.728	27.286
0.793	33.408
0.796	33.774
0.833	42.59
0.835	43.116
0.794	33.595
0.814	37.908
0.774	31.932
0.791	33.168
0.817	38.083
0.776	32.165
0.775	32.021
0.795	33.689
0.794	33.595
0.746	28.353
0.775	32.021
0.774	31.932
0.795	33.689
0.73	27.525
0.75	28.768
0.749	28.722
0.788	32.721
0.777	32.679
0.836	43.157
0.818	38.482
0.751	28.806
0.75	28.768
0.752	29.148
0.816	37.931
0.748	28.708
0.747	28.689
0.749	28.722
0.748	28.708
0.698	26.63
0.844	48.552
0.819	38.522
0.804	37.432
0.837	47.17
0.744	28.263
0.757	31.144
0.724	27.028
0.791	33.168
0.759	31.406
0.773	31.749
0.788	32.721
0.807	37.872
0.728	27.286
