P=? [ F (x=9&y=9&crashed=0) ]	R{"cost"}=? [ C<=100 ]
0.72	27.332
0.889	49.927
0.72	27.332
0.889	49.927
0.883	49.012
0.872	45.108
0.857	42.998
0.856	39.955
0.748	28.939
0.824	36.892
0.744	28.563
0.75	31.748
0.807	34.958
0.724	27.792
0.824	36.892
0.807	34.958
0.872	45.108
0.751	31.771
0.763	31.785
0.883	49.012
0.844	38.129
0.767	32.231
0.865	43.248
0.776	32.285
0.887	49.545
0.776	32.285
0.858	43.172
0.832	36.924
0.784	32.313
0.744	28.563
0.724	27.792
0.866	43.713
0.795	33.3
0.805	34.399
0.871	44.425
0.839	37.901
0.869	44.24
0.868	43.717
0.799	33.317
0.795	33.3
0.848	38.171
0.79	33.006
0.884	49.048
0.765	31.926
0.836	37.43
0.805	34.399
0.803	34.089
0.787	32.542
0.834	37.099
0.801	33.526
0.746	28.912
0.856	39.955
0.855	39.621
0.803	34.089
0.722	27.641
0.853	39.232
0.852	38.924
0.745	28.868
0.884	49.048
0.802	33.786
0.79	33.006
0.723	27.651
0.85	38.581
0.849	38.313
0.788	32.808
0.802	33.786
0.766	32.159
0.839	37.901
0.801	33.526
0.854	39.439
0.853	39.232
0.851	38.788
0.85	38.581
0.888	49.728
0.789	33.003
0.788	32.808
0.838	37.764
0.837	37.571
0.835	37.238
0.888	49.728
0.855	39.621
0.854	39.439
0.871	44.425
0.87	44.243
0.857	42.998
0.786	32.512
0.785	32.342
0.748	28.939
0.75	31.748
0.799	33.317
0.722	27.641
0.849	38.313
0.837	37.571
0.835	37.238
0.838	37.764
0.852	38.924
0.851	38.788
0.833	36.964
0.764	31.799
0.865	43.248
