P=? [ F (x=9&y=9&crashed=0) ]	R{"cost"}=? [ C<=100 ]
0.873	45.261
0.719	27.305
0.873	45.261
0.832	36.876
0.857	43.537
0.856	39.884
0.808	35.113
0.766	32.063
0.784	32.27
0.754	29.618
0.763	31.643
0.808	35.113
0.724	27.77
0.738	28.059
0.754	29.618
0.848	38.151
0.799	33.295
0.752	29.076
0.79	32.915
0.763	31.643
0.839	37.835
0.746	28.897
0.865	43.587
0.801	33.515
0.849	38.377
0.742	28.418
0.869	44.491
0.722	27.609
0.746	28.897
0.802	34.033
0.799	33.295
0.742	28.418
0.872	44.797
0.868	44.066
0.852	39.082
0.851	38.682
0.807	34.721
0.741	28.151
0.79	32.915
0.784	32.27
0.766	32.063
0.848	38.151
0.839	37.835
0.806	34.559
0.804	34.245
0.787	32.493
0.752	29.076
0.87	44.516
0.764	31.817
0.738	28.059
0.724	27.77
0.72	27.324
0.806	34.559
0.85	38.652
0.856	39.884
0.855	39.621
0.868	44.066
0.867	43.807
0.855	39.621
0.854	39.363
0.764	31.817
0.837	37.564
0.836	37.342
0.801	33.515
0.836	37.342
0.835	37.141
0.786	32.471
0.833	37.075
0.803	34.222
0.802	34.033
0.789	32.729
0.788	32.666
0.854	39.363
0.853	39.196
0.807	34.721
0.739	28.099
0.871	44.667
0.866	43.733
0.723	27.627
0.804	34.245
0.786	32.471
0.838	37.702
0.837	37.564
0.72	27.324
0.838	37.702
0.872	44.797
0.871	44.667
0.853	39.196
0.852	39.082
0.867	43.807
0.866	43.733
0.789	32.729
0.788	32.666
0.741	28.151
0.835	37.141
0.739	28.099
0.834	37.089
0.865	43.587
0.851	38.682
0.85	38.652
