P=? [ F (x=9&y=9&crashed=0) ]	R{"cost"}=? [ C<=100 ]
0.872	48.98
0.696	24.391
0.872	48.98
0.864	48.184
0.707	27.148
0.856	43.053
0.856	43.053
0.854	39.422
0.818	36.812
0.764	31.745
0.698	24.644
0.753	29.386
0.834	37.047
0.77	32.109
0.815	36.284
0.806	34.501
0.869	48.332
0.753	29.386
0.719	27.154
0.783	32.288
0.839	37.982
0.849	38.31
0.73	27.972
0.764	31.745
0.698	24.644
0.806	34.501
0.815	36.284
0.739	28.037
0.864	48.184
0.726	27.626
0.791	33.144
0.801	33.522
0.797	33.31
0.853	39.171
0.85	38.533
0.748	28.644
0.803	34.182
0.853	39.171
0.745	28.591
0.85	38.533
0.73	27.972
0.802	33.754
0.816	36.39
0.838	37.724
0.836	37.321
0.838	37.724
0.697	24.407
0.854	39.422
0.752	29.017
0.723	27.388
0.785	32.292
0.787	32.513
0.799	33.313
0.74	28.09
0.751	28.959
0.748	28.644
0.849	38.31
0.839	37.982
0.805	34.315
0.783	32.288
0.751	28.959
0.767	31.779
0.797	33.31
0.816	36.39
0.744	28.347
0.834	37.047
0.802	33.754
0.787	32.513
0.769	31.893
0.835	37.26
0.788	32.722
0.789	32.923
0.788	32.722
0.836	37.321
0.742	28.099
0.744	28.347
0.743	28.16
0.77	32.109
0.721	27.298
0.791	33.144
0.724	27.554
0.79	32.991
0.719	27.154
0.721	27.298
0.785	32.292
0.799	33.313
0.805	34.315
0.803	34.182
0.769	31.893
0.768	31.813
0.79	32.991
0.789	32.923
0.739	28.037
0.743	28.16
0.835	37.26
0.752	29.017
0.722	27.333
0.745	28.591
0.725	27.582
0.722	27.333
