P=? [ F (x=9&y=9&crashed=0) ]	R{"cost"}=? [ C<=100 ]
0.736	24.155
0.973	40.216
0.973	40.216
0.736	24.155
0.748	28.199
0.745	24.196
0.964	39.217
0.953	35.234
0.911	33.412
0.909	30.021
0.822	28.595
0.862	28.631
0.782	28.524
0.82	28.532
0.779	28.23
0.888	28.738
0.872	28.67
0.953	35.234
0.964	39.217
0.896	28.742
0.888	28.738
0.921	33.801
0.905	29.616
0.92	33.704
0.906	29.949
0.949	34.865
0.928	33.98
0.927	33.937
0.934	34.011
0.871	28.668
0.899	29.125
0.904	29.612
0.903	29.264
0.919	33.466
0.952	35.078
0.965	39.225
0.971	39.837
0.968	39.544
0.945	34.291
0.934	34.011
0.914	33.424
0.866	28.652
0.942	34.259
0.939	34.052
0.947	34.692
0.941	34.056
0.95	35.044
0.948	34.712
0.966	39.464
0.918	33.435
0.969	39.776
0.972	40.064
0.865	28.633
0.946	34.506
0.898	28.932
0.901	29.147
0.946	34.506
0.862	28.631
0.748	28.199
0.781	28.481
0.78	28.319
0.74	24.18
0.972	40.064
0.967	39.533
0.913	33.415
0.745	24.196
0.743	24.19
0.927	33.937
0.921	33.801
0.821	28.555
0.909	30.021
0.908	29.98
0.939	34.052
0.898	28.932
0.897	28.833
0.897	28.833
0.78	28.319
0.738	24.16
0.903	29.264
0.902	29.18
0.743	24.19
0.74	24.18
0.738	24.16
0.911	33.412
0.966	39.464
0.872	28.67
0.97	39.82
0.969	39.776
0.781	28.481
0.822	28.595
0.95	35.044
0.902	29.18
0.928	33.98
0.779	28.23
0.908	29.98
0.906	29.949
0.944	34.267
0.97	39.82
0.866	28.652
0.918	33.435
