P=? [ F (x=9&y=9&crashed=0) ]	R{"cost"}=? [ C<=100 ]
0.735	23.233
0.977	41.206
0.977	41.206
0.735	23.233
0.748	24.368
0.847	27.746
0.925	34.016
0.748	24.368
0.847	27.746
0.92	30.837
0.957	36.168
0.965	39.058
0.877	27.787
0.852	27.759
0.957	36.168
0.886	28.796
0.936	34.066
0.896	28.802
0.967	39.563
0.974	40.396
0.907	29.139
0.898	28.818
0.965	39.058
0.743	23.849
0.919	30.798
0.971	39.675
0.973	39.968
0.936	34.066
0.943	34.082
0.966	39.104
0.741	23.819
0.74	23.378
0.976	40.975
0.975	40.572
0.918	30.395
0.898	28.818
0.911	29.702
0.91	29.323
0.947	34.752
0.739	23.236
0.955	35.812
0.95	34.875
0.925	34.016
0.945	34.445
0.944	34.102
0.879	27.89
0.92	30.837
0.952	35.211
0.951	34.879
0.954	35.568
0.953	35.237
0.914	29.93
0.917	30.339
0.916	30.014
0.907	29.139
0.955	35.812
0.851	27.754
0.743	23.849
0.973	39.968
0.881	28.158
0.954	35.568
0.976	40.975
0.946	34.522
0.909	29.246
0.884	28.475
0.884	28.475
0.882	28.272
0.885	28.606
0.882	28.272
0.881	28.158
0.971	39.675
0.879	27.89
0.975	40.572
0.912	29.777
0.912	29.777
0.74	23.378
0.885	28.606
0.947	34.752
0.967	39.563
0.877	27.787
0.896	28.802
0.91	29.323
0.946	34.522
0.908	29.169
0.945	34.445
0.911	29.702
0.916	30.014
0.915	29.957
0.918	30.395
0.917	30.339
0.966	39.104
0.908	29.169
0.852	27.759
0.915	29.957
0.953	35.237
0.952	35.211
0.742	23.839
0.741	23.819
0.944	34.102
0.943	34.082
