P=? [ F (x=9&y=9&crashed=0) ]	R{"cost"}=? [ C<=100 ]
0.864	29.834
0.978	50.751
0.864	29.834
0.978	50.751
0.977	45.868
0.977	45.868
0.976	40.989
0.885	29.871
0.964	39.377
0.949	35.887
0.949	35.887
0.964	39.377
0.922	34.135
0.936	34.395
0.912	32.966
0.899	31.286
0.912	32.966
0.899	31.286
0.892	30.687
0.914	33.111
0.919	33.724
0.943	35.219
0.972	39.993
0.919	33.724
0.914	33.111
0.891	30.09
0.94	34.723
0.94	34.723
0.97	39.988
0.976	40.989
0.975	40.546
0.898	31.257
0.897	30.818
0.887	29.893
0.968	39.701
0.945	35.242
0.943	35.219
0.968	39.701
0.921	34.071
0.92	33.791
0.973	40.264
0.936	34.395
0.922	34.135
0.975	40.546
0.974	40.286
0.966	39.392
0.894	30.751
0.967	39.467
0.894	30.751
0.885	29.871
0.939	34.504
0.947	35.663
0.946	35.452
0.896	30.791
0.946	35.452
0.948	35.862
0.947	35.663
0.97	39.988
0.89	30.07
0.889	29.961
0.939	34.504
0.938	34.422
0.967	39.467
0.913	33.038
0.913	33.038
0.92	33.791
0.921	34.071
0.888	29.941
0.896	30.791
0.898	31.257
0.897	30.818
0.948	35.862
0.945	35.242
0.974	40.286
0.973	40.264
0.891	30.09
0.889	29.961
0.89	30.07
0.888	29.941
0.966	39.392
0.938	34.422
0.937	34.408
0.937	34.408
0.978	50.751
0.864	29.834
0.977	45.868
0.949	35.887
0.964	39.377
0.912	32.966
0.899	31.286
0.919	33.724
0.914	33.111
0.94	34.723
0.976	40.989
0.943	35.219
0.968	39.701
0.936	34.395
0.922	34.135
0.975	40.546
0.894	30.751
