P=? [ F (x=9&y=9&crashed=0) ]	R{"cost"}=? [ C<=100 ]
0.721	27.206
0.93	49.718
0.721	27.206
0.93	49.718
0.778	27.282
0.921	45.098
0.924	49.155
0.82	29.09
0.854	31.856
0.82	29.09
0.854	31.856
0.903	42.567
0.902	39.099
0.888	37.415
0.788	27.973
0.884	35.173
0.806	28.206
0.917	44.012
0.883	34.813
0.809	28.55
0.881	33.518
0.864	32.259
0.906	43.159
0.864	32.259
0.873	32.282
0.906	43.159
0.888	37.415
0.809	28.55
0.928	49.29
0.783	27.549
0.884	35.173
0.788	27.973
0.92	44.454
0.783	27.549
0.89	37.889
0.919	44.028
0.901	38.75
0.905	43.099
0.904	42.576
0.897	38.56
0.895	38.262
0.88	33.121
0.881	33.518
0.895	38.262
0.892	37.896
0.806	28.206
0.92	44.454
0.929	49.685
0.878	33.092
0.877	32.723
0.78	27.29
0.924	49.155
0.902	39.099
0.877	32.723
0.876	32.381
0.9	38.673
0.78	27.29
0.892	37.896
0.897	38.56
0.778	27.282
0.928	49.29
0.873	32.282
0.875	32.365
0.89	37.889
0.9	38.673
0.875	32.365
0.905	43.099
0.929	49.685
0.879	33.117
0.878	33.092
0.919	44.028
0.876	32.381
0.904	42.576
0.879	33.117
0.721	27.206
0.93	49.718
0.82	29.09
0.854	31.856
0.864	32.259
0.906	43.159
0.888	37.415
0.884	35.173
0.788	27.973
0.783	27.549
0.895	38.262
0.806	28.206
0.92	44.454
0.924	49.155
0.877	32.723
0.78	27.29
0.892	37.896
0.897	38.56
0.778	27.282
0.881	33.518
0.928	49.29
0.873	32.282
0.9	38.673
0.875	32.365
0.905	43.099
0.929	49.685
