P=? [ F (x=9&y=9&crashed=0) ]	R{"cost"}=? [ C<=100 ]
0.937	51.071
0.772	29.759
0.937	51.071
0.847	32.298
0.935	50.166
0.927	45.79
0.847	32.298
0.884	38.295
0.91	43.701
0.909	40.731
0.882	35.777
0.859	33.425
0.878	34.873
0.87	33.738
0.859	33.425
0.935	50.166
0.894	39.759
0.923	45.067
0.916	44.953
0.874	34.548
0.907	39.888
0.882	35.777
0.927	45.79
0.902	39.764
0.925	45.085
0.908	40.682
0.892	39.581
0.89	38.965
0.913	44.567
0.871	33.84
0.926	45.741
0.904	39.796
0.936	50.79
0.874	34.548
0.912	44.113
0.887	38.857
0.912	44.113
0.91	43.701
0.913	44.567
0.916	44.953
0.871	33.84
0.887	38.857
0.892	39.581
0.936	50.79
0.888	38.931
0.89	38.965
0.902	39.764
0.907	39.888
0.909	40.731
0.926	45.741
0.908	40.682
0.888	38.931
0.937	51.071
0.847	32.298
0.859	33.425
0.935	50.166
0.882	35.777
0.927	45.79
0.874	34.548
0.912	44.113
0.91	43.701
0.916	44.953
0.871	33.84
0.887	38.857
0.902	39.764
0.892	39.581
0.936	50.79
0.89	38.965
0.909	40.731
0.926	45.741
0.908	40.682
0.888	38.931
0.937	51.071
0.847	32.298
0.859	33.425
0.927	45.79
0.874	34.548
0.912	44.113
0.916	44.953
0.871	33.84
0.887	38.857
0.902	39.764
0.892	39.581
0.89	38.965
0.909	40.731
0.926	45.741
0.908	40.682
0.888	38.931
0.937	51.071
0.927	45.79
0.874	34.548
0.916	44.953
0.912	44.113
0.871	33.84
0.887	38.857
0.892	39.581
0.89	38.965
0.909	40.731
0.926	45.741
0.908	40.682
