P=? [ F (x=9&y=9&crashed=0) ]	R{"cost"}=? [ C<=100 ]
0.936	55.756
0.936	55.756
0.673	27.041
0.914	49.367
0.719	28.055
0.934	55.024
0.919	50.938
0.894	44.168
0.882	40.765
0.901	46.019
0.777	32.405
0.818	32.705
0.855	38.006
0.848	35.181
0.693	27.783
0.741	28.789
0.8	32.6
0.8	32.6
0.934	55.024
0.834	33.651
0.878	39.509
0.862	39.035
0.919	50.938
0.757	31.295
0.756	29.504
0.901	46.019
0.882	40.765
0.754	29.173
0.823	33.171
0.894	44.168
0.731	28.273
0.775	32.078
0.855	38.006
0.823	33.171
0.736	28.311
0.76	31.909
0.676	27.112
0.685	27.63
0.845	34.608
0.768	32.066
0.847	35.168
0.768	32.066
0.839	33.971
0.879	39.737
0.862	39.035
0.842	34.223
0.848	35.181
0.731	28.273
0.685	27.63
0.676	27.112
0.856	38.281
0.758	31.491
0.837	33.681
0.881	40.269
0.935	55.517
0.897	44.719
0.895	44.236
0.736	28.311
0.878	39.509
0.84	34.177
0.859	38.821
0.858	38.583
0.9	45.589
0.899	45.368
0.898	44.942
0.857	38.495
0.754	29.173
0.693	27.783
0.88	40.113
0.916	50.072
0.915	49.706
0.691	27.761
0.687	27.644
0.915	49.706
0.897	44.719
0.918	50.673
0.917	50.356
0.844	34.529
0.755	29.471
0.917	50.356
0.916	50.072
0.759	31.76
0.918	50.673
0.935	55.517
0.691	27.761
0.687	27.644
0.898	44.942
0.9	45.589
0.899	45.368
0.859	38.821
0.757	31.295
0.844	34.529
0.895	44.236
0.674	27.095
0.76	31.909
0.881	40.269
0.88	40.113
0.759	31.76
0.837	33.681
0.775	32.078
