P=? [ F (x=9&y=9&crashed=0) ]	R{"cost"}=? [ C<=100 ]
0.765	31.725
0.89	50.181
0.765	31.725
0.789	31.946
0.839	32.267
0.86	34.366
0.863	38.67
0.766	31.929
0.885	49.022
0.882	45.676
0.876	43.565
0.873	40.528
0.856	33.579
0.846	33.205
0.86	34.366
0.87	38.932
0.882	45.676
0.839	32.267
0.873	40.528
0.889	49.59
0.856	33.579
0.879	44.02
0.844	33.02
0.876	43.565
0.844	33.02
0.881	45.019
0.872	39.919
0.871	39.537
0.88	44.478
0.881	45.019
0.866	38.718
0.866	38.718
0.88	44.478
0.889	49.59
0.886	49.133
0.879	44.02
0.886	49.133
0.885	49.022
0.872	39.919
0.871	39.537
0.846	33.205
0.863	38.67
0.87	38.932
0.845	33.157
0.845	33.157
0.766	31.929
0.765	31.725
0.86	34.366
0.839	32.267
0.882	45.676
0.873	40.528
0.844	33.02
0.866	38.718
0.88	44.478
0.879	44.02
0.886	49.133
0.885	49.022
0.872	39.919
0.871	39.537
0.846	33.205
0.863	38.67
0.87	38.932
0.845	33.157
0.766	31.929
0.765	31.725
0.86	34.366
0.839	32.267
0.882	45.676
0.873	40.528
0.844	33.02
0.866	38.718
0.88	44.478
0.885	49.022
0.872	39.919
0.871	39.537
0.846	33.205
0.863	38.67
0.879	44.02
0.87	38.932
0.845	33.157
0.766	31.929
0.765	31.725
0.839	32.267
0.882	45.676
0.873	40.528
0.844	33.02
0.866	38.718
0.88	44.478
0.885	49.022
0.872	39.919
0.871	39.537
0.863	38.67
0.86	34.366
0.879	44.02
0.87	38.932
0.846	33.205
0.845	33.157
0.766	31.929
0.765	31.725
0.839	32.267
