P=? [ F (x=9&y=9&crashed=0) ]	R{"cost"}=? [ C<=100 ]
0.681	26.385
0.878	44.228
0.878	44.228
0.681	26.385
0.724	27.284
0.79	27.294
0.869	39.19
0.86	34.297
0.871	43.099
0.862	38.065
0.845	28.717
0.847	32.279
0.79	27.294
0.827	27.532
0.72	26.623
0.7	26.61
0.7	26.61
0.86	34.297
0.855	33.508
0.869	39.19
0.871	43.099
0.85	32.79
0.874	43.651
0.865	38.614
0.834	27.94
0.848	32.745
0.847	32.279
0.842	28.34
0.873	43.65
0.862	38.065
0.854	33.336
0.855	33.508
0.845	28.717
0.842	28.34
0.84	27.967
0.863	38.521
0.854	33.336
0.831	27.649
0.865	38.614
0.827	27.532
0.85	32.79
0.831	27.649
0.838	27.944
0.72	26.623
0.724	27.284
0.874	43.651
0.829	27.535
0.834	27.94
0.84	27.967
0.838	27.944
0.829	27.535
0.873	43.65
0.864	38.528
0.848	32.745
0.864	38.528
0.863	38.521
0.878	44.228
0.681	26.385
0.79	27.294
0.7	26.61
0.86	34.297
0.869	39.19
0.871	43.099
0.847	32.279
0.862	38.065
0.855	33.508
0.845	28.717
0.842	28.34
0.854	33.336
0.865	38.614
0.827	27.532
0.85	32.79
0.831	27.649
0.724	27.284
0.874	43.651
0.834	27.94
0.84	27.967
0.838	27.944
0.829	27.535
0.873	43.65
0.848	32.745
0.864	38.528
0.863	38.521
0.878	44.228
0.681	26.385
0.79	27.294
0.7	26.61
0.86	34.297
0.869	39.19
0.871	43.099
0.847	32.279
0.862	38.065
0.855	33.508
0.845	28.717
0.854	33.336
0.865	38.614
0.827	27.532
0.85	32.79
0.831	27.649
0.724	27.284
