P=? [ F (x=9&y=9&crashed=0) ]	R{"cost"}=? [ C<=100 ]
0.594	21.891
0.863	54.654
0.863	54.654
0.594	21.891
0.649	25.807
0.649	25.807
0.861	54.361
0.859	49.029
0.76	32.213
0.844	48.005
0.729	31.9
0.843	44.177
0.828	42.809
0.826	39.398
0.793	37.121
0.709	29.55
0.667	26.013
0.786	35.033
0.667	26.013
0.683	26.097
0.802	38.015
0.815	38.063
0.847	48.289
0.707	29.174
0.771	33.393
0.786	35.033
0.83	43.194
0.718	30.152
0.687	26.833
0.768	32.707
0.855	48.524
0.701	28.544
0.82	38.277
0.767	32.465
0.69	27.338
0.778	33.521
0.793	37.121
0.822	38.678
0.691	27.9
0.718	30.152
0.782	34.211
0.784	34.243
0.704	28.738
0.684	26.219
0.721	30.364
0.836	43.266
0.727	31.565
0.764	32.237
0.797	37.13
0.693	28.254
0.824	38.967
0.825	39.204
0.842	43.773
0.722	30.673
0.725	31.068
0.838	43.277
0.727	31.565
0.72	30.157
0.698	28.478
0.686	26.508
0.704	28.738
0.729	31.9
0.724	31.062
0.781	33.788
0.77	33.124
0.861	54.361
0.785	34.655
0.843	44.177
0.857	48.811
0.77	33.124
0.818	38.072
0.785	34.655
0.8	37.598
0.799	37.58
0.689	27.201
0.78	33.55
0.859	49.029
0.695	28.267
0.819	38.08
0.846	48.09
0.826	39.398
0.698	28.478
0.723	30.758
0.828	42.809
0.692	27.953
0.815	38.063
0.686	26.508
0.856	48.542
0.764	32.237
0.689	27.201
0.695	28.267
0.778	33.521
0.781	33.788
0.801	37.835
0.855	48.524
0.798	37.346
0.857	48.811
0.839	43.493
0.798	37.346
0.842	43.773
