P=? [ F (x=9&y=9&crashed=0) ]	R{"cost"}=? [ C<=100 ]
0.881	54.553
0.649	25.842
0.881	54.553
0.649	25.842
0.864	49.551
0.667	26.017
0.877	53.788
0.837	43.147
0.722	28.846
0.854	48.33
0.696	28.783
0.847	44.871
0.828	39.71
0.744	29.476
0.79	36.906
0.727	29.393
0.683	26.1
0.815	38.038
0.788	35.322
0.758	32.178
0.749	30.545
0.69	28.124
0.877	53.788
0.802	37.827
0.777	33.365
0.749	30.545
0.689	27.091
0.847	44.871
0.758	32.178
0.828	39.71
0.837	43.147
0.78	33.516
0.77	32.925
0.694	28.151
0.748	30.305
0.771	33.134
0.84	43.169
0.685	26.354
0.695	28.519
0.854	48.33
0.768	32.487
0.798	37.135
0.88	54.407
0.862	49.123
0.688	27.027
0.861	48.594
0.841	43.588
0.748	30.305
0.765	32.418
0.859	48.588
0.781	33.925
0.727	29.393
0.763	32.221
0.722	28.846
0.863	49.163
0.761	32.217
0.827	39.679
0.82	38.503
0.685	26.354
0.795	37.114
0.844	43.89
0.8	37.601
0.744	29.476
0.822	38.596
0.879	53.98
0.846	44.465
0.785	34.613
0.784	34.225
0.826	39.301
0.819	38.137
0.801	37.815
0.845	44.237
0.8	37.601
0.818	38.05
0.795	37.114
0.688	27.027
0.856	48.341
0.787	35.118
0.786	34.84
0.797	37.116
0.823	38.843
0.771	33.134
0.844	43.89
0.842	43.661
0.846	44.465
0.845	44.237
0.786	34.84
0.785	34.613
0.826	39.301
0.825	39.075
0.821	38.53
0.802	37.827
0.857	48.379
0.683	26.1
0.787	35.118
0.784	34.225
0.783	34.023
0.842	43.661
0.824	39.018
0.823	38.843
