P=? [ F (x=9&y=9&crashed=0) ]	R{"cost"}=? [ C<=100 ]
0.67	30.57
0.871	54.052
0.871	54.052
0.728	31.905
0.864	49.786
0.847	44.704
0.866	53.484
0.848	48.209
0.83	43.165
0.829	39.976
0.709	31.648
0.797	37.998
0.817	38.305
0.688	30.785
0.688	30.785
0.77	36.855
0.706	31.032
0.788	36.945
0.741	33.882
0.763	35.706
0.728	31.905
0.748	34.422
0.741	33.882
0.763	35.706
0.748	34.422
0.831	43.42
0.839	43.454
0.707	31.058
0.859	48.838
0.857	48.666
0.743	34.26
0.843	43.981
0.846	44.292
0.793	37.365
0.852	48.608
0.842	43.629
0.824	38.912
0.861	49.322
0.826	39.379
0.791	37.276
0.829	39.976
0.828	39.567
0.794	37.74
0.746	34.276
0.82	38.452
0.825	39.246
0.851	48.592
0.789	36.96
0.869	53.865
0.868	53.67
0.817	38.305
0.797	37.998
0.827	39.565
0.866	53.484
0.796	37.837
0.84	43.498
0.844	44.128
0.747	34.4
0.768	36.493
0.767	36.237
0.86	49.092
0.742	34.006
0.841	43.622
0.706	31.032
0.821	38.691
0.86	49.092
0.863	49.641
0.862	49.417
0.795	37.82
0.822	38.78
0.791	37.276
0.769	36.656
0.85	48.393
0.766	36.129
0.765	35.941
0.869	53.865
0.868	53.67
0.85	48.393
0.849	48.214
0.857	48.666
0.846	44.292
0.844	44.128
0.768	36.493
0.769	36.656
0.863	49.641
0.825	39.246
0.818	38.321
0.824	38.912
0.822	38.78
0.789	36.96
0.818	38.321
0.82	38.452
0.765	35.941
0.764	35.814
0.742	34.006
0.767	36.237
0.766	36.129
0.764	35.814
0.862	49.417
0.788	36.945
