P=? [ F (x=9&y=9&crashed=0) ]	R{"cost"}=? [ C<=100 ]
0.847	53.224
0.705	27.334
0.705	27.334
0.847	53.224
0.751	31.571
0.711	27.997
0.838	47.544
0.751	31.571
0.769	31.608
0.844	52.792
0.834	46.565
0.829	42.488
0.818	40.935
0.812	36.908
0.711	27.997
0.793	36.057
0.792	32.988
0.784	31.634
0.802	36.437
0.81	36.469
0.844	52.792
0.82	41.353
0.818	40.935
0.826	42.028
0.834	46.565
0.812	36.908
0.829	42.488
0.837	46.991
0.785	31.849
0.82	41.353
0.827	42.276
0.802	36.437
0.797	36.149
0.826	42.028
0.79	32.499
0.811	36.73
0.792	32.988
0.797	36.149
0.837	46.991
0.788	32.346
0.787	32.147
0.707	27.445
0.709	27.972
0.708	27.629
0.79	32.499
0.787	32.147
0.795	36.125
0.795	36.125
0.708	27.629
0.788	32.346
0.707	27.445
0.81	36.469
0.784	31.634
0.71	27.973
0.71	27.973
0.709	27.972
0.847	53.224
0.705	27.334
0.751	31.571
0.711	27.997
0.844	52.792
0.818	40.935
0.834	46.565
0.829	42.488
0.82	41.353
0.802	36.437
0.826	42.028
0.792	32.988
0.797	36.149
0.837	46.991
0.79	32.499
0.787	32.147
0.795	36.125
0.708	27.629
0.788	32.346
0.707	27.445
0.784	31.634
0.81	36.469
0.71	27.973
0.709	27.972
0.847	53.224
0.705	27.334
0.751	31.571
0.711	27.997
0.837	46.991
0.818	40.935
0.829	42.488
0.802	36.437
0.826	42.028
0.792	32.988
0.797	36.149
0.79	32.499
0.787	32.147
0.708	27.629
0.788	32.346
0.707	27.445
0.784	31.634
0.81	36.469
0.71	27.973
0.709	27.972
