P=? [ F (x=9&y=9&crashed=0) ]	R{"cost"}=? [ C<=100 ]
0.893	44.453
0.734	27.235
0.734	27.235
0.893	44.453
0.797	27.653
0.74	27.541
0.891	44.426
0.875	39.445
0.826	32.578
0.855	37.677
0.852	34.671
0.816	29.41
0.875	39.445
0.816	29.41
0.891	44.426
0.804	27.764
0.848	33.887
0.859	39.011
0.872	39.141
0.856	37.68
0.857	38.704
0.852	34.671
0.826	32.578
0.841	33.661
0.815	28.514
0.797	27.653
0.736	27.523
0.848	33.887
0.835	32.906
0.809	28.007
0.74	27.541
0.837	32.958
0.83	32.603
0.814	28.487
0.812	28.182
0.874	39.152
0.838	33.217
0.84	33.407
0.809	28.007
0.812	28.182
0.841	33.661
0.833	32.68
0.858	38.896
0.857	38.704
0.839	33.406
0.838	33.217
0.814	28.487
0.872	39.141
0.859	39.011
0.736	27.523
0.833	32.68
0.811	28.064
0.858	38.896
0.832	32.67
0.831	32.605
0.81	28.058
0.836	32.954
0.815	28.514
0.83	32.603
0.892	44.437
0.892	44.437
0.832	32.67
0.874	39.152
0.873	39.143
0.811	28.064
0.81	28.058
0.836	32.954
0.873	39.143
0.831	32.605
0.84	33.407
0.839	33.406
0.893	44.453
0.734	27.235
0.816	29.41
0.891	44.426
0.852	34.671
0.826	32.578
0.797	27.653
0.848	33.887
0.74	27.541
0.809	28.007
0.812	28.182
0.841	33.661
0.857	38.704
0.838	33.217
0.814	28.487
0.872	39.141
0.859	39.011
0.736	27.523
0.833	32.68
0.858	38.896
0.815	28.514
0.892	44.437
0.832	32.67
0.874	39.152
0.811	28.064
0.81	28.058
0.836	32.954
0.831	32.605
0.84	33.407
