P=? [ F (x=9&y=9&crashed=0) ]	R{"cost"}=? [ C<=100 ]
0.694	23.025
0.908	50.889
0.908	50.889
0.694	23.025
0.701	27.586
0.812	28.129
0.855	38.44
0.906	50.065
0.899	46.08
0.7	27.377
0.695	23.904
0.854	34.973
0.883	44.288
0.882	40.851
0.82	29.467
0.827	32.627
0.864	38.737
0.876	39.373
0.886	44.856
0.897	45.049
0.853	34.666
0.695	23.904
0.899	46.08
0.828	32.747
0.817	29.223
0.836	32.959
0.906	50.065
0.813	28.183
0.876	39.373
0.82	29.467
0.863	38.687
0.907	50.453
0.827	32.627
0.848	33.852
0.841	33.746
0.88	40.149
0.849	33.895
0.7	27.377
0.817	29.223
0.898	45.485
0.882	40.851
0.881	40.266
0.701	27.586
0.812	28.129
0.88	40.149
0.813	28.183
0.898	45.485
0.885	44.42
0.849	33.895
0.84	33.733
0.839	33.362
0.854	34.973
0.837	33.229
0.863	38.687
0.855	38.44
0.836	32.959
0.897	45.049
0.886	44.856
0.881	40.266
0.839	33.362
0.838	33.253
0.848	33.852
0.841	33.746
0.884	44.359
0.883	44.288
0.885	44.42
0.884	44.359
0.838	33.253
0.837	33.229
0.84	33.733
0.908	50.889
0.694	23.025
0.695	23.904
0.899	46.08
0.827	32.627
0.876	39.373
0.82	29.467
0.7	27.377
0.817	29.223
0.882	40.851
0.701	27.586
0.812	28.129
0.88	40.149
0.813	28.183
0.898	45.485
0.849	33.895
0.836	32.959
0.854	34.973
0.863	38.687
0.855	38.44
0.897	45.049
0.886	44.856
0.881	40.266
0.839	33.362
0.848	33.852
0.841	33.746
0.883	44.288
0.885	44.42
0.884	44.359
0.838	33.253
