P=? [ F (x=9&y=9&crashed=0) ]	R{"cost"}=? [ C<=100 ]
0.623	22.418
0.914	55.291
0.914	55.291
0.623	22.418
0.703	23.557
0.722	27.818
0.79	27.926
0.902	49.964
0.895	45.074
0.912	55.274
0.906	50.551
0.88	40.202
0.885	44.477
0.82	32.701
0.715	26.803
0.864	38.766
0.858	35.78
0.819	29.696
0.703	23.557
0.805	28.018
0.791	27.978
0.715	26.803
0.906	50.551
0.829	32.78
0.858	35.78
0.718	27.054
0.895	45.074
0.847	33.874
0.838	33.065
0.813	28.139
0.847	33.874
0.838	33.065
0.905	49.981
0.814	28.589
0.856	35.328
0.853	34.664
0.864	38.766
0.818	29.307
0.818	29.307
0.814	28.589
0.902	49.964
0.853	34.664
0.856	35.328
0.718	27.054
0.912	55.274
0.85	34.211
0.808	28.124
0.831	32.954
0.88	40.202
0.836	33.055
0.885	44.477
0.877	39.934
0.876	39.48
0.851	34.212
0.722	27.818
0.894	44.778
0.872	39.354
0.819	29.696
0.878	40.182
0.888	44.679
0.892	44.756
0.868	39.183
0.866	38.959
0.848	33.885
0.875	39.429
0.877	39.934
0.867	39.179
0.866	38.959
0.887	44.663
0.886	44.48
0.872	39.354
0.868	39.183
0.806	28.075
0.873	39.409
0.808	28.124
0.83	32.906
0.848	33.885
0.851	34.212
0.79	27.926
0.836	33.055
0.831	32.954
0.829	32.78
0.82	32.701
0.892	44.756
0.888	44.679
0.876	39.48
0.806	28.075
0.83	32.906
0.805	28.018
0.791	27.978
0.873	39.409
0.878	40.182
0.905	49.981
0.887	44.663
0.893	44.772
0.913	55.275
0.813	28.139
0.837	33.062
0.893	44.772
0.867	39.179
