P=? [ F (x=9&y=9&crashed=0) ]	R{"cost"}=? [ C<=100 ]
0.908	50.646
0.621	22.73
0.908	50.646
0.621	22.73
0.699	26.785
0.719	27.067
0.782	27.518
0.81	28.249
0.904	50.035
0.899	45.837
0.699	26.785
0.813	31.929
0.858	35.775
0.882	43.345
0.864	38.926
0.881	40.264
0.791	28.085
0.7	26.918
0.718	26.993
0.855	35.339
0.826	32.403
0.814	32.223
0.83	32.808
0.838	33.686
0.831	33.292
0.885	44.403
0.882	43.345
0.887	44.766
0.867	39.367
0.858	35.775
0.847	33.83
0.894	45.06
0.789	27.827
0.838	33.686
0.853	34.645
0.865	38.97
0.874	39.408
0.899	45.837
0.783	27.576
0.864	38.926
0.885	44.403
0.813	31.929
0.826	32.403
0.782	27.518
0.719	27.067
0.85	34.251
0.85	34.251
0.831	33.292
0.878	39.854
0.81	28.249
0.895	45.315
0.789	27.827
0.897	45.352
0.88	40.017
0.852	34.594
0.886	44.738
0.848	33.919
0.907	50.514
0.905	50.196
0.894	45.06
0.791	28.085
0.905	50.196
0.876	39.706
0.875	39.452
0.783	27.576
0.898	45.6
0.881	40.264
0.877	39.837
0.898	45.6
0.907	50.514
0.848	33.919
0.814	32.223
0.88	40.017
0.853	34.645
0.852	34.594
0.847	33.83
0.867	39.367
0.876	39.706
0.718	26.993
0.7	26.918
0.875	39.452
0.874	39.408
0.897	45.352
0.895	45.315
0.886	44.738
0.908	50.646
0.621	22.73
0.699	26.785
0.882	43.345
0.858	35.775
0.838	33.686
0.899	45.837
0.864	38.926
0.885	44.403
0.813	31.929
0.826	32.403
0.782	27.518
0.719	27.067
0.85	34.251
0.831	33.292
