P=? [ F (x=9&y=9&crashed=0) ]	R{"cost"}=? [ C<=100 ]
0.678	23.25
0.942	45.091
0.678	23.25
0.756	27.364
0.935	44.653
0.925	40.241
0.756	27.364
0.891	37.607
0.89	34.913
0.835	30.298
0.835	30.298
0.86	32.243
0.86	32.243
0.879	33.607
0.865	33.289
0.796	27.593
0.807	28.481
0.828	29.254
0.771	27.409
0.757	27.401
0.785	27.526
0.771	27.409
0.917	39.594
0.901	38.944
0.925	40.241
0.816	28.558
0.796	27.593
0.807	28.481
0.894	38.429
0.891	37.607
0.909	39.345
0.829	29.62
0.935	44.653
0.908	39.136
0.828	29.254
0.816	28.558
0.829	29.62
0.815	28.52
0.788	27.553
0.901	38.944
0.938	44.681
0.895	38.457
0.883	33.651
0.895	38.457
0.864	32.87
0.924	40.033
0.921	39.622
0.89	34.913
0.887	34.506
0.884	34.05
0.862	32.382
0.924	40.033
0.887	34.506
0.865	33.289
0.863	32.692
0.785	27.526
0.938	44.681
0.886	34.331
0.909	39.345
0.885	34.082
0.788	27.553
0.894	38.429
0.908	39.136
0.921	39.622
0.92	39.601
0.864	32.87
0.863	32.692
0.886	34.331
0.862	32.382
0.881	33.643
0.881	33.643
0.815	28.52
0.885	34.082
0.884	34.05
0.883	33.651
0.757	27.401
0.92	39.601
0.678	23.25
0.756	27.364
0.835	30.298
0.86	32.243
0.771	27.409
0.925	40.241
0.796	27.593
0.807	28.481
0.891	37.607
0.935	44.653
0.828	29.254
0.816	28.558
0.829	29.62
0.901	38.944
0.895	38.457
0.89	34.913
0.924	40.033
0.887	34.506
0.865	33.289
0.785	27.526
0.938	44.681
0.909	39.345
0.788	27.553
