P=? [ F (x=9&y=9&crashed=0) ]	R{"cost"}=? [ C<=100 ]
0.771	27.424
0.942	45.431
0.942	45.431
0.771	27.424
0.861	32.224
0.807	28.498
0.936	44.24
0.826	29.872
0.926	40.613
0.826	29.872
0.893	37.813
0.891	35.306
0.787	28.274
0.861	32.224
0.813	29.513
0.814	29.741
0.775	27.828
0.865	33.282
0.787	28.274
0.876	33.733
0.912	39.391
0.926	40.613
0.9	38.593
0.91	38.81
0.876	33.733
0.936	44.24
0.92	39.43
0.775	27.828
0.886	34.6
0.884	33.907
0.883	33.876
0.889	34.7
0.864	32.79
0.896	38.372
0.865	33.282
0.94	44.826
0.939	44.398
0.941	45.004
0.911	38.965
0.922	39.486
0.925	40.4
0.924	40.006
0.89	35.092
0.899	38.435
0.938	44.244
0.862	32.568
0.863	32.7
0.891	35.306
0.923	39.792
0.895	38.131
0.894	37.875
0.895	38.131
0.91	38.81
0.9	38.593
0.924	40.006
0.923	39.792
0.89	35.092
0.925	40.4
0.941	45.004
0.94	44.826
0.893	37.813
0.911	38.965
0.939	44.398
0.92	39.43
0.883	33.876
0.884	33.907
0.862	32.568
0.887	34.609
0.886	34.6
0.889	34.7
0.887	34.609
0.864	32.79
0.899	38.435
0.896	38.372
0.894	37.875
0.922	39.486
0.912	39.391
0.942	45.431
0.771	27.424
0.826	29.872
0.861	32.224
0.926	40.613
0.876	33.733
0.787	28.274
0.936	44.24
0.775	27.828
0.865	33.282
0.891	35.306
0.864	32.79
0.862	32.568
0.91	38.81
0.9	38.593
0.924	40.006
0.89	35.092
0.923	39.792
0.925	40.4
0.941	45.004
0.94	44.826
0.893	37.813
0.911	38.965
