P=? [ F (x=9&y=9&crashed=0) ]	R{"cost"}=? [ C<=100 ]
0.676	23.165
0.952	50.186
0.676	23.165
0.952	50.186
0.713	24.432
0.713	24.432
0.77	27.375
0.95	49.753
0.943	45.29
0.929	44.241
0.927	40.65
0.818	28.164
0.789	27.943
0.77	27.375
0.839	28.776
0.894	38.014
0.892	35.533
0.848	29.438
0.818	28.164
0.853	30.875
0.788	27.646
0.853	30.875
0.771	27.383
0.839	28.776
0.867	33.601
0.861	32.175
0.921	39.283
0.938	44.344
0.876	33.603
0.848	29.438
0.861	32.175
0.884	34.078
0.911	39.033
0.911	39.033
0.877	33.935
0.943	45.29
0.903	38.937
0.888	34.499
0.866	33.04
0.898	38.732
0.888	34.499
0.925	40.232
0.892	35.533
0.902	38.76
0.884	34.078
0.922	39.614
0.924	39.901
0.927	40.65
0.891	35.115
0.941	44.758
0.89	34.913
0.941	44.758
0.897	38.487
0.942	44.961
0.951	49.858
0.926	40.322
0.862	32.502
0.89	34.913
0.938	44.344
0.895	38.209
0.894	38.014
0.924	39.901
0.922	39.614
0.897	38.487
0.895	38.209
0.865	32.87
0.788	27.646
0.771	27.383
0.921	39.283
0.864	32.869
0.863	32.634
0.789	27.943
0.942	44.961
0.891	35.115
0.929	44.241
0.866	33.04
0.877	33.935
0.863	32.634
0.862	32.502
0.951	49.858
0.903	38.937
0.926	40.322
0.902	38.76
0.898	38.732
0.876	33.603
0.867	33.601
0.864	32.869
0.952	50.186
0.676	23.165
0.713	24.432
0.77	27.375
0.818	28.164
0.853	30.875
0.839	28.776
0.848	29.438
0.861	32.175
0.911	39.033
0.943	45.29
0.888	34.499
0.892	35.533
