P=? [ F (x=9&y=9&crashed=0) ]	R{"cost"}=? [ C<=100 ]
0.838	49.286
0.71	28.187
0.838	49.286
0.793	36.2
0.731	28.743
0.834	47.064
0.731	28.743
0.76	31.547
0.818	41.415
0.83	43.136
0.814	37.727
0.792	33.0
0.81	36.468
0.712	28.258
0.76	31.547
0.837	47.672
0.785	31.805
0.771	31.749
0.761	31.634
0.771	31.749
0.821	42.014
0.814	37.727
0.818	41.415
0.812	37.015
0.826	42.439
0.821	42.014
0.812	37.015
0.83	43.136
0.712	28.258
0.826	42.439
0.828	42.581
0.792	33.0
0.79	32.506
0.81	36.468
0.787	32.297
0.786	31.92
0.829	42.948
0.793	36.2
0.79	32.506
0.829	42.948
0.828	42.581
0.786	31.92
0.761	31.634
0.789	32.436
0.788	32.339
0.789	32.436
0.785	31.805
0.788	32.339
0.787	32.297
0.838	49.286
0.76	31.547
0.771	31.749
0.814	37.727
0.818	41.415
0.821	42.014
0.83	43.136
0.712	28.258
0.826	42.439
0.792	33.0
0.81	36.468
0.793	36.2
0.79	32.506
0.829	42.948
0.828	42.581
0.785	31.805
0.788	32.339
0.787	32.297
0.838	49.286
0.76	31.547
0.712	28.258
0.771	31.749
0.818	41.415
0.814	37.727
0.821	42.014
0.83	43.136
0.826	42.439
0.792	33.0
0.793	36.2
0.79	32.506
0.828	42.581
0.785	31.805
0.788	32.339
0.787	32.297
0.838	49.286
0.76	31.547
0.771	31.749
0.814	37.727
0.821	42.014
0.83	43.136
0.826	42.439
0.792	33.0
0.79	32.506
0.793	36.2
0.788	32.339
0.828	42.581
0.785	31.805
0.787	32.297
0.838	49.286
0.76	31.547
0.771	31.749
