P=? [ F (x=9&y=9&crashed=0) ]	R{"cost"}=? [ C<=100 ]
0.859	48.818
0.625	26.29
0.859	48.818
0.625	26.29
0.849	48.331
0.817	41.94
0.843	44.066
0.813	38.216
0.68	26.941
0.65	26.655
0.707	31.101
0.701	28.097
0.786	35.901
0.781	33.535
0.649	26.575
0.682	27.616
0.778	32.892
0.79	36.498
0.759	32.123
0.699	27.839
0.735	31.328
0.832	43.462
0.722	31.289
0.756	31.576
0.743	31.573
0.71	31.268
0.721	31.28
0.8	37.363
0.857	48.441
0.843	44.066
0.778	32.892
0.8	37.363
0.825	42.181
0.84	43.547
0.759	32.123
0.781	33.535
0.808	37.444
0.829	42.806
0.701	28.097
0.813	38.216
0.786	35.901
0.801	37.379
0.849	48.331
0.829	42.806
0.817	41.94
0.707	31.101
0.78	33.157
0.758	32.097
0.757	31.623
0.741	31.49
0.736	31.382
0.789	36.451
0.788	36.156
0.841	43.681
0.68	26.941
0.811	37.844
0.827	42.442
0.682	27.616
0.649	26.575
0.832	43.462
0.78	33.157
0.81	37.714
0.809	37.461
0.7	27.853
0.825	42.181
0.841	43.681
0.811	37.844
0.699	27.839
0.787	36.114
0.858	48.635
0.827	42.442
0.858	48.635
0.826	42.355
0.81	37.714
0.857	48.441
0.741	31.49
0.736	31.382
0.826	42.355
0.709	31.187
0.708	31.102
0.84	43.547
0.709	31.187
0.801	37.379
0.742	31.545
0.757	31.623
0.787	36.114
0.742	31.545
0.758	32.097
0.809	37.461
0.7	27.853
0.721	31.28
0.756	31.576
0.743	31.573
0.708	31.102
0.859	48.818
0.625	26.29
0.843	44.066
0.8	37.363
0.759	32.123
0.701	28.097
