P=? [ F (x=9&y=9&crashed=0) ]	R{"cost"}=? [ C<=100 ]
0.667	27.168
0.837	48.515
0.667	27.168
0.837	48.515
0.707	30.977
0.818	41.971
0.812	38.252
0.834	47.726
0.828	44.266
0.781	33.56
0.701	27.929
0.734	31.205
0.71	31.123
0.794	37.366
0.737	31.352
0.786	35.809
0.809	37.45
0.754	31.467
0.778	32.891
0.791	36.433
0.764	32.88
0.76	32.82
0.69	27.318
0.668	27.186
0.679	27.233
0.679	27.233
0.759	31.697
0.828	44.266
0.834	47.726
0.779	33.122
0.818	41.971
0.694	27.584
0.694	27.584
0.786	35.809
0.701	27.929
0.812	38.252
0.82	42.359
0.821	42.646
0.699	27.9
0.824	43.118
0.821	42.646
0.69	27.318
0.811	38.242
0.81	37.796
0.699	27.9
0.836	48.084
0.709	31.101
0.764	32.88
0.824	43.118
0.827	43.924
0.826	43.572
0.81	37.796
0.789	36.088
0.827	43.924
0.835	48.065
0.794	37.366
0.826	43.572
0.825	43.243
0.819	42.207
0.789	36.088
0.788	35.979
0.788	35.979
0.819	42.207
0.735	31.229
0.755	31.473
0.825	43.243
0.735	31.229
0.757	31.594
0.756	31.479
0.754	31.467
0.759	31.697
0.758	31.605
0.809	37.45
0.71	31.123
0.836	48.084
0.835	48.065
0.758	31.605
0.757	31.594
0.778	32.891
0.811	38.242
0.756	31.479
0.837	48.515
0.667	27.168
0.679	27.233
0.834	47.726
0.818	41.971
0.694	27.584
0.786	35.809
0.701	27.929
0.812	38.252
0.764	32.88
0.821	42.646
0.69	27.318
0.699	27.9
0.824	43.118
0.81	37.796
0.827	43.924
0.794	37.366
0.71	31.123
0.826	43.572
