P=? [ F (x=9&y=9&crashed=0) ]	R{"cost"}=? [ C<=100 ]
0.855	68.16
0.72	32.107
0.855	68.16
0.838	57.534
0.757	36.582
0.854	68.013
0.837	57.435
0.846	63.358
0.828	52.172
0.83	53.051
0.847	63.64
0.822	48.17
0.759	36.98
0.789	41.666
0.783	38.256
0.722	32.306
0.772	37.198
0.735	32.71
0.806	46.705
0.805	43.515
0.745	33.559
0.745	33.559
0.83	53.051
0.846	63.358
0.819	47.52
0.847	63.64
0.789	41.666
0.783	38.256
0.822	48.17
0.778	37.368
0.735	32.71
0.79	41.986
0.795	41.994
0.773	37.36
0.74	32.746
0.807	46.84
0.812	46.861
0.814	47.05
0.799	42.832
0.804	43.195
0.821	47.96
0.829	52.374
0.779	37.533
0.741	32.9
0.802	42.951
0.814	47.05
0.721	32.11
0.813	46.975
0.722	32.306
0.805	43.515
0.82	47.651
0.743	33.34
0.742	33.093
0.797	42.425
0.796	42.182
0.803	42.953
0.78	37.774
0.782	38.023
0.781	38.006
0.78	37.774
0.798	42.656
0.797	42.425
0.758	36.752
0.772	37.198
0.759	36.98
0.829	52.374
0.742	33.093
0.796	42.182
0.744	33.376
0.798	42.656
0.758	36.752
0.806	46.705
0.82	47.651
0.802	42.951
0.74	32.746
0.744	33.376
0.743	33.34
0.807	46.84
0.812	46.861
0.782	38.023
0.781	38.006
0.795	41.994
0.79	41.986
0.773	37.36
0.803	42.953
0.855	68.16
0.745	33.559
0.83	53.051
0.846	63.358
0.789	41.666
0.783	38.256
0.822	48.17
0.735	32.71
0.814	47.05
0.805	43.515
0.78	37.774
0.772	37.198
0.759	36.98
0.742	33.093
0.798	42.656
