P=? [ F (x=9&y=9&crashed=0) ]	R{"cost"}=? [ C<=100 ]
0.821	48.07
0.687	26.505
0.821	48.07
0.687	26.505
0.813	47.249
0.812	44.188
0.793	42.032
0.79	39.166
0.771	36.915
0.758	34.176
0.771	36.915
0.758	34.176
0.689	26.903
0.722	30.725
0.721	29.174
0.819	47.528
0.731	32.017
0.811	43.842
0.804	43.297
0.697	27.051
0.706	27.814
0.746	33.132
0.752	33.25
0.741	32.493
0.737	32.265
0.774	37.488
0.803	43.02
0.702	27.639
0.7	27.386
0.709	28.557
0.728	31.71
0.778	37.513
0.79	39.166
0.798	42.708
0.811	43.842
0.804	43.297
0.723	30.91
0.781	37.966
0.793	42.032
0.729	32.015
0.801	42.879
0.784	37.974
0.787	38.47
0.796	42.441
0.743	32.522
0.72	29.141
0.757	34.112
0.756	33.707
0.699	27.279
0.711	28.627
0.795	42.211
0.698	27.147
0.725	31.314
0.82	47.712
0.812	44.188
0.702	27.639
0.738	32.276
0.714	28.751
0.801	42.879
0.756	33.707
0.755	33.411
0.786	38.395
0.785	38.101
0.727	31.577
0.711	28.627
0.813	47.249
0.752	33.25
0.773	37.213
0.744	32.789
0.789	38.932
0.788	38.666
0.708	28.293
0.707	28.028
0.708	28.293
0.727	31.577
0.725	31.314
0.717	29.018
0.715	28.762
0.737	32.265
0.789	38.932
0.797	42.479
0.718	29.084
0.717	29.018
0.754	33.351
0.78	37.747
0.773	37.213
0.772	36.996
0.738	32.276
0.745	33.005
0.744	32.789
0.707	28.028
0.688	26.692
0.724	31.108
0.724	31.108
0.788	38.666
0.688	26.692
0.722	30.725
0.82	47.712
0.795	42.211
0.715	28.762
