P=? [ F (x=9&y=9&crashed=0) ]	R{"cost"}=? [ C<=100 ]
0.85	50.76
0.655	29.096
0.85	50.76
0.655	29.096
0.799	44.306
0.849	50.534
0.828	46.484
0.708	33.377
0.686	30.696
0.686	30.696
0.798	41.626
0.849	50.534
0.708	33.377
0.828	46.484
0.761	35.989
0.814	44.881
0.68	30.058
0.748	35.762
0.669	29.858
0.665	29.209
0.767	37.258
0.77	38.42
0.728	34.474
0.818	45.612
0.738	34.737
0.775	39.209
0.728	34.474
0.746	35.124
0.789	40.1
0.714	33.457
0.782	39.955
0.68	30.058
0.824	45.815
0.721	34.387
0.778	39.864
0.742	35.035
0.767	37.258
0.814	44.881
0.799	44.306
0.777	39.775
0.666	29.55
0.719	34.162
0.815	45.106
0.782	39.955
0.815	45.106
0.772	38.751
0.818	45.612
0.669	29.858
0.77	38.42
0.765	36.888
0.765	36.888
0.827	46.439
0.826	46.103
0.797	41.581
0.796	41.252
0.747	35.441
0.747	35.441
0.742	35.035
0.793	40.814
0.792	40.504
0.666	29.55
0.762	36.291
0.763	36.588
0.762	36.291
0.739	34.756
0.716	33.664
0.738	34.737
0.764	36.633
0.739	34.756
0.748	35.762
0.72	34.386
0.716	33.664
0.824	45.815
0.777	39.775
0.714	33.457
0.792	40.504
0.791	40.316
0.79	40.283
0.795	41.143
0.794	40.962
0.825	45.995
0.718	33.99
0.771	38.59
0.717	33.831
0.773	38.918
0.771	38.59
0.718	33.99
0.717	33.831
0.774	39.058
0.794	40.962
0.793	40.814
0.789	40.1
0.774	39.058
0.773	38.918
0.665	29.209
0.796	41.252
0.795	41.143
0.826	46.103
0.825	45.995
0.721	34.387
