P=? [ F (x=9&y=9&crashed=0) ]	R{"cost"}=? [ C<=100 ]
0.651	28.78
0.851	51.288
0.651	28.78
0.851	51.288
0.832	50.795
0.828	46.471
0.766	38.82
0.798	44.02
0.797	41.409
0.764	36.587
0.702	33.274
0.72	33.339
0.727	34.42
0.742	34.56
0.653	29.017
0.701	33.03
0.695	31.286
0.815	45.626
0.685	29.729
0.849	51.022
0.793	40.747
0.668	29.053
0.805	45.206
0.836	50.963
0.78	40.009
0.749	35.837
0.825	45.968
0.673	29.356
0.802	44.618
0.76	35.966
0.695	31.286
0.773	39.037
0.817	45.807
0.701	33.03
0.793	40.747
0.78	40.009
0.764	36.587
0.805	45.206
0.795	41.09
0.671	29.084
0.688	30.173
0.761	36.045
0.686	30.155
0.828	46.471
0.832	50.795
0.776	39.32
0.692	30.636
0.777	39.628
0.801	44.316
0.745	35.15
0.693	30.664
0.836	50.963
0.685	29.729
0.673	29.356
0.692	30.636
0.743	34.811
0.688	30.173
0.694	30.933
0.745	35.15
0.743	34.811
0.773	39.037
0.766	38.82
0.797	41.409
0.761	36.045
0.746	35.452
0.779	39.966
0.778	39.668
0.816	45.785
0.726	34.131
0.725	34.126
0.724	33.843
0.748	35.817
0.747	35.54
0.694	30.933
0.668	29.053
0.794	41.008
0.672	29.332
0.826	46.209
0.8	44.307
0.799	44.07
0.775	39.265
0.724	33.843
0.723	33.635
0.722	33.547
0.722	33.547
0.72	33.339
0.827	46.295
0.849	51.022
0.775	39.265
0.817	45.807
0.653	29.017
0.742	34.56
0.727	34.42
0.76	35.966
0.747	35.54
0.723	33.635
0.746	35.452
0.827	46.295
0.826	46.209
0.794	41.008
