P=? [ F (x=9&y=9&crashed=0) ]	R{"cost"}=? [ C<=100 ]
0.865	55.372
0.668	28.925
0.865	55.372
0.716	33.548
0.848	50.767
0.827	46.766
0.831	49.734
0.737	34.098
0.688	29.921
0.709	31.364
0.686	29.644
0.848	50.767
0.806	45.073
0.799	43.735
0.797	43.405
0.783	40.376
0.703	30.698
0.796	41.609
0.755	35.465
0.773	38.89
0.823	45.94
0.767	37.268
0.815	45.104
0.709	31.364
0.839	50.461
0.792	40.571
0.716	33.548
0.747	35.399
0.847	50.49
0.816	45.458
0.777	39.431
0.832	50.002
0.827	46.766
0.773	38.89
0.777	39.431
0.794	40.869
0.783	40.376
0.767	37.268
0.806	45.073
0.839	50.461
0.703	30.698
0.796	41.609
0.686	29.644
0.737	34.098
0.831	49.734
0.704	30.758
0.704	30.758
0.824	46.189
0.824	46.189
0.763	36.551
0.816	45.458
0.759	35.825
0.832	50.002
0.794	40.869
0.739	34.379
0.775	39.162
0.765	36.806
0.775	39.162
0.745	35.011
0.762	36.17
0.745	35.011
0.744	34.773
0.759	35.825
0.792	40.571
0.798	43.704
0.742	34.618
0.741	34.471
0.687	29.919
0.766	37.077
0.761	36.14
0.76	35.883
0.765	36.806
0.763	36.551
0.739	34.379
0.747	35.399
0.766	37.077
0.744	34.773
0.742	34.618
0.741	34.471
0.76	35.883
0.815	45.104
0.798	43.704
0.762	36.17
0.761	36.14
0.847	50.49
0.687	29.919
0.865	55.372
0.848	50.767
0.709	31.364
0.716	33.548
0.827	46.766
0.773	38.89
0.783	40.376
0.767	37.268
0.806	45.073
0.839	50.461
0.703	30.698
0.796	41.609
0.686	29.644
0.737	34.098
