P=? [ F (x=9&y=9&crashed=0) ]	R{"cost"}=? [ C<=100 ]
0.938	65.84
0.746	33.225
0.938	65.84
0.746	33.225
0.773	34.39
0.835	37.405
0.929	60.111
0.929	60.111
0.937	65.291
0.92	55.215
0.885	45.032
0.904	53.605
0.835	37.405
0.903	50.264
0.87	42.75
0.86	39.835
0.889	47.931
0.762	34.356
0.92	55.215
0.86	39.835
0.937	65.291
0.87	42.75
0.852	38.634
0.844	38.604
0.755	33.385
0.758	33.392
0.909	54.324
0.916	54.549
0.889	47.931
0.856	39.122
0.919	54.687
0.857	39.527
0.907	53.686
0.892	49.028
0.891	48.414
0.916	54.549
0.841	38.306
0.84	37.916
0.762	34.356
0.884	44.496
0.838	37.768
0.758	33.392
0.876	43.857
0.854	38.972
0.872	43.285
0.871	42.781
0.755	33.385
0.903	50.264
0.902	49.768
0.883	44.341
0.838	37.768
0.899	49.467
0.859	39.534
0.843	38.312
0.901	49.493
0.89	48.352
0.908	54.074
0.874	43.407
0.88	44.065
0.896	49.216
0.893	49.046
0.875	43.515
0.854	38.972
0.883	44.341
0.88	44.065
0.902	49.768
0.908	54.074
0.909	54.324
0.852	38.634
0.878	44.004
0.896	49.216
0.893	49.046
0.884	44.496
0.84	37.916
0.878	44.004
0.876	43.857
0.919	54.687
0.898	49.358
0.875	43.515
0.898	49.358
0.897	49.25
0.873	43.303
0.907	53.686
0.904	53.605
0.891	48.414
0.89	48.352
0.879	44.029
0.897	49.25
0.871	42.781
0.844	38.604
0.901	49.493
0.879	44.029
0.873	43.303
0.872	43.285
0.892	49.028
0.859	39.534
0.843	38.312
0.841	38.306
0.746	33.225
0.938	65.84
