P=? [ F (x=9&y=9&crashed=0) ]	R{"cost"}=? [ C<=100 ]
0.702	23.607
0.918	55.019
0.702	23.607
0.918	55.019
0.733	28.178
0.768	28.335
0.721	27.886
0.816	32.699
0.81	30.309
0.788	28.405
0.904	53.356
0.902	50.366
0.775	28.363
0.721	27.886
0.885	45.451
0.886	47.319
0.869	42.612
0.916	53.892
0.868	40.546
0.844	37.652
0.722	28.082
0.907	53.853
0.843	35.905
0.796	28.492
0.733	28.178
0.884	44.681
0.901	49.883
0.842	35.125
0.84	34.797
0.89	48.093
0.897	48.37
0.864	39.094
0.798	28.812
0.872	42.975
0.808	29.67
0.768	28.335
0.878	43.16
0.825	32.923
0.827	33.132
0.917	54.762
0.834	34.057
0.866	39.882
0.883	44.101
0.809	30.177
0.843	35.905
0.9	49.108
0.858	38.338
0.881	43.626
0.859	38.496
0.849	37.88
0.848	37.706
0.806	29.432
0.821	32.902
0.902	50.366
0.882	44.038
0.821	32.902
0.835	34.142
0.851	38.089
0.854	38.318
0.861	38.775
0.836	34.514
0.871	42.974
0.845	37.655
0.861	38.775
0.865	39.43
0.804	29.045
0.868	40.546
0.867	40.137
0.9	49.108
0.899	48.7
0.905	53.599
0.904	53.356
0.831	33.723
0.829	33.436
0.87	42.63
0.865	39.43
0.831	33.723
0.88	43.439
0.878	43.16
0.801	28.996
0.801	28.996
0.837	34.531
0.829	33.436
0.88	43.439
0.897	48.37
0.89	48.093
0.889	47.825
0.805	29.313
0.837	34.531
0.898	48.628
0.917	54.762
0.867	40.137
0.905	53.599
0.889	47.825
0.887	47.569
0.888	47.575
0.852	38.183
0.83	33.642
0.803	29.015
0.854	38.318
