P=? [ F (x=9&y=9&crashed=0) ]	R{"cost"}=? [ C<=100 ]
0.92	63.443
0.725	25.668
0.725	25.668
0.92	63.443
0.919	53.495
0.767	25.67
0.8	26.042
0.885	43.178
0.768	25.706
0.917	52.655
0.902	47.835
0.809	29.834
0.804	26.678
0.902	47.835
0.899	46.497
0.838	31.979
0.869	40.419
0.868	37.469
0.844	34.862
0.917	52.655
0.899	46.497
0.817	29.988
0.884	41.776
0.823	30.148
0.872	40.924
0.803	26.656
0.838	31.979
0.879	41.189
0.844	34.862
0.809	29.834
0.853	36.07
0.818	30.079
0.858	36.466
0.919	53.495
0.918	52.757
0.852	35.975
0.848	35.448
0.833	31.483
0.901	47.217
0.9	46.597
0.901	47.217
0.87	40.773
0.836	31.774
0.882	41.63
0.852	35.975
0.848	35.448
0.836	31.774
0.824	30.422
0.861	36.568
0.858	36.466
0.853	36.07
0.865	37.006
0.867	37.296
0.869	40.419
0.881	41.292
0.768	25.706
0.846	35.288
0.845	34.958
0.828	30.666
0.825	30.424
0.833	31.483
0.867	37.296
0.865	37.006
0.826	30.52
0.832	31.201
0.879	41.189
0.872	40.924
0.862	36.826
0.831	31.15
0.83	30.939
0.859	36.468
0.864	36.831
0.868	37.469
0.83	30.939
0.829	30.77
0.817	29.988
0.828	30.666
0.826	30.52
0.829	30.77
0.918	52.757
0.9	46.597
0.861	36.568
0.859	36.468
0.884	41.776
0.883	41.678
0.881	41.292
0.871	40.827
0.88	41.195
0.845	34.958
0.847	35.354
0.818	30.079
0.847	35.354
0.846	35.288
0.871	40.827
0.832	31.201
0.831	31.15
0.883	41.678
0.88	41.195
0.863	36.83
0.862	36.826
