P=? [ F (x=9&y=9&crashed=0) ]	R{"cost"}=? [ C<=100 ]
0.891	53.576
0.701	23.786
0.701	23.786
0.891	53.576
0.721	27.867
0.788	28.17
0.887	48.791
0.712	27.555
0.883	43.934
0.89	49.08
0.706	23.867
0.87	42.796
0.868	40.469
0.815	32.397
0.808	30.162
0.844	37.617
0.842	35.752
0.721	27.867
0.825	32.918
0.808	30.162
0.853	38.463
0.871	42.984
0.817	32.563
0.878	43.246
0.712	27.555
0.815	32.397
0.859	38.507
0.795	28.493
0.841	35.338
0.84	34.983
0.706	23.867
0.789	28.176
0.887	48.791
0.846	37.892
0.868	40.469
0.883	43.934
0.8	28.86
0.795	28.493
0.827	33.124
0.842	35.752
0.804	29.29
0.837	34.421
0.852	38.277
0.83	33.562
0.867	39.94
0.827	33.124
0.879	43.403
0.825	32.918
0.838	34.771
0.834	34.107
0.83	33.562
0.844	37.617
0.798	28.743
0.847	37.991
0.798	28.743
0.806	29.69
0.831	33.784
0.867	39.94
0.866	39.57
0.851	38.072
0.817	32.563
0.807	29.808
0.87	42.796
0.862	38.93
0.816	32.545
0.802	29.226
0.789	28.176
0.866	39.57
0.865	39.259
0.788	28.17
0.881	43.65
0.89	49.08
0.836	34.374
0.806	29.69
0.833	33.999
0.878	43.246
0.871	42.984
0.864	39.17
0.864	39.17
0.862	38.93
0.849	37.994
0.804	29.29
0.833	33.999
0.831	33.784
0.838	34.771
0.801	29.063
0.88	43.602
0.835	34.302
0.882	43.744
0.861	38.75
0.801	29.063
0.849	37.994
0.861	38.75
0.86	38.597
0.807	29.808
0.882	43.744
0.86	38.597
0.865	39.259
0.851	38.072
0.835	34.302
