P=? [ F (x=9&y=9&crashed=0) ]	R{"cost"}=? [ C<=100 ]
0.804	47.898
0.686	26.522
0.804	47.898
0.686	26.522
0.802	47.404
0.797	43.401
0.759	36.607
0.793	41.754
0.788	39.082
0.762	37.314
0.757	34.004
0.777	37.329
0.709	28.301
0.797	43.401
0.723	30.868
0.715	28.325
0.729	31.733
0.738	32.189
0.69	26.928
0.722	29.541
0.788	39.082
0.753	33.275
0.796	42.191
0.697	26.964
0.738	32.189
0.747	33.131
0.802	47.404
0.716	28.865
0.706	27.817
0.743	32.501
0.793	41.754
0.742	32.317
0.719	28.881
0.703	27.733
0.781	37.952
0.787	38.511
0.757	34.004
0.745	32.789
0.729	31.733
0.7	27.344
0.706	27.817
0.72	29.13
0.722	29.541
0.721	29.132
0.727	31.376
0.784	38.013
0.725	31.341
0.701	27.487
0.76	36.928
0.756	33.703
0.761	37.226
0.76	36.928
0.787	38.511
0.786	38.218
0.746	33.078
0.803	47.609
0.745	32.789
0.703	27.733
0.724	31.123
0.756	33.703
0.755	33.449
0.701	27.487
0.796	42.191
0.795	41.952
0.728	31.602
0.78	37.729
0.724	31.123
0.699	27.214
0.698	27.0
0.688	26.695
0.689	26.722
0.803	47.609
0.78	37.729
0.779	37.528
0.688	26.695
0.786	38.218
0.785	38.057
0.795	41.952
0.794	41.792
0.779	37.528
0.778	37.371
0.755	33.449
0.754	33.295
0.747	33.131
0.728	31.602
0.699	27.214
0.742	32.317
0.761	37.226
0.784	38.013
0.781	37.952
0.746	33.078
0.785	38.057
0.778	37.371
0.794	41.792
0.698	27.0
0.697	26.964
0.727	31.376
0.725	31.341
0.689	26.722
0.754	33.295
