P=? [ F (x=9&y=9&crashed=0) ]	R{"cost"}=? [ C<=100 ]
0.863	49.455
0.863	49.455
0.594	21.905
0.605	23.656
0.858	48.75
0.846	44.423
0.649	25.806
0.836	43.292
0.828	39.566
0.605	23.656
0.789	36.954
0.649	25.806
0.69	27.737
0.787	35.032
0.748	30.306
0.651	25.971
0.667	26.005
0.76	32.047
0.736	28.819
0.683	26.107
0.721	28.744
0.704	27.785
0.666	25.997
0.748	30.306
0.76	32.047
0.738	28.845
0.78	33.52
0.745	29.672
0.828	39.566
0.689	26.926
0.776	33.329
0.714	28.633
0.746	30.282
0.784	34.213
0.836	43.292
0.805	38.102
0.687	26.822
0.686	26.414
0.721	28.744
0.812	38.106
0.767	32.425
0.839	43.566
0.742	29.36
0.771	33.095
0.82	38.499
0.782	34.003
0.817	38.127
0.819	38.295
0.786	34.807
0.744	29.449
0.685	26.23
0.778	33.335
0.803	37.948
0.711	28.46
0.708	28.024
0.822	38.698
0.794	36.999
0.812	38.106
0.801	37.649
0.785	34.616
0.742	29.36
0.841	43.728
0.844	44.173
0.796	37.008
0.763	32.228
0.799	37.386
0.8	37.443
0.838	43.312
0.845	44.242
0.826	39.365
0.842	43.748
0.769	32.894
0.771	33.095
0.787	35.032
0.823	38.728
0.798	37.177
0.86	49.119
0.782	34.003
0.765	32.235
0.862	49.446
0.861	49.165
0.712	28.492
0.804	38.093
0.704	27.785
0.713	28.621
0.825	39.123
0.708	28.024
0.707	27.989
0.711	28.46
0.768	32.66
0.768	32.66
0.843	43.968
0.843	43.968
0.683	26.107
0.859	48.954
0.707	27.989
0.825	39.123
0.824	38.921
0.769	32.894
0.802	37.747
