P=? [ F (x=9&y=9&crashed=0) ]	R{"cost"}=? [ C<=100 ]
0.881	54.428
0.593	21.628
0.881	54.428
0.83	43.154
0.633	23.308
0.849	48.098
0.871	53.777
0.864	49.684
0.693	28.043
0.726	28.167
0.829	39.783
0.667	26.028
0.847	44.512
0.644	24.206
0.667	26.028
0.684	26.098
0.749	30.704
0.644	24.206
0.642	23.559
0.817	38.184
0.765	32.416
0.84	43.297
0.765	32.416
0.749	30.704
0.79	37.021
0.788	35.321
0.861	48.687
0.633	23.308
0.803	38.119
0.743	29.157
0.85	48.387
0.879	54.205
0.864	49.684
0.732	28.698
0.634	23.349
0.792	37.447
0.799	37.507
0.686	26.276
0.863	49.032
0.692	27.925
0.689	26.984
0.821	38.451
0.872	53.921
0.871	53.777
0.772	33.308
0.786	34.888
0.744	29.579
0.78	33.579
0.843	43.91
0.845	44.085
0.778	33.557
0.732	28.698
0.781	34.023
0.769	32.932
0.791	37.167
0.825	39.131
0.688	26.804
0.826	39.325
0.824	38.908
0.784	34.22
0.73	28.66
0.727	28.199
0.743	29.157
0.862	48.832
0.785	34.441
0.728	28.531
0.767	32.48
0.783	34.04
0.746	30.089
0.689	26.984
0.842	43.642
0.748	30.462
0.746	30.089
0.778	33.557
0.819	38.206
0.748	30.462
0.828	39.561
0.827	39.543
0.692	27.925
0.842	43.642
0.847	44.512
0.788	35.321
0.771	33.095
0.8	37.717
0.745	29.788
0.85	48.387
0.823	38.724
0.688	26.804
0.768	32.768
0.872	53.921
0.802	37.959
0.823	38.724
0.79	37.021
0.772	33.308
0.802	37.959
0.8	37.717
0.846	44.287
0.785	34.441
0.787	35.102
0.787	35.102
