P=? [ F (x=9&y=9&crashed=0) ]	R{"cost"}=? [ C<=100 ]
0.646	25.858
0.862	50.132
0.862	50.132
0.646	25.858
0.856	49.208
0.846	44.832
0.726	28.132
0.683	26.079
0.835	43.334
0.691	27.882
0.752	32.351
0.83	40.191
0.766	32.431
0.797	37.135
0.788	35.326
0.749	30.557
0.846	44.832
0.788	35.326
0.797	37.135
0.731	28.751
0.69	27.804
0.8	37.797
0.805	37.834
0.689	26.989
0.814	38.129
0.746	30.065
0.739	28.894
0.841	43.664
0.83	40.191
0.82	38.57
0.814	38.129
0.829	39.901
0.784	34.278
0.86	49.839
0.687	26.723
0.781	33.818
0.857	49.502
0.84	43.625
0.729	28.467
0.771	33.475
0.827	39.557
0.825	39.224
0.77	33.107
0.804	37.799
0.772	33.501
0.838	43.368
0.78	33.574
0.843	44.14
0.726	28.132
0.828	39.708
0.767	32.659
0.786	34.857
0.729	28.467
0.826	39.315
0.686	26.278
0.769	33.096
0.859	49.513
0.742	29.264
0.798	37.37
0.742	29.264
0.748	30.476
0.819	38.164
0.861	49.977
0.778	33.564
0.783	34.195
0.785	34.671
0.776	33.512
0.845	44.445
0.798	37.37
0.818	38.154
0.822	38.628
0.744	29.575
0.768	32.775
0.787	35.008
0.74	28.948
0.744	29.575
0.684	26.09
0.749	30.557
0.752	32.351
0.805	37.834
0.824	38.932
0.745	29.788
0.689	26.989
0.687	26.723
0.843	44.14
0.731	28.751
0.691	27.882
0.683	26.079
0.823	38.849
0.745	29.788
0.782	33.994
0.748	30.476
0.785	34.671
0.685	26.274
0.782	33.994
0.74	28.948
0.845	44.445
0.844	44.292
0.844	44.292
0.787	35.008
