P=? [ F (x=9&y=9&crashed=0) ]	R{"cost"}=? [ C<=100 ]
0.797	55.87
0.676	29.915
0.797	55.87
0.676	29.915
0.79	54.489
0.688	30.876
0.774	46.615
0.762	43.528
0.789	51.435
0.689	33.564
0.69	33.715
0.758	41.483
0.7	33.745
0.778	48.524
0.679	30.331
0.733	38.463
0.73	36.83
0.746	39.101
0.795	55.303
0.719	34.639
0.686	30.748
0.74	39.098
0.707	34.128
0.713	34.621
0.702	34.042
0.772	45.786
0.785	49.973
0.683	30.478
0.788	50.749
0.735	38.671
0.73	36.83
0.758	41.483
0.727	35.623
0.795	55.303
0.78	49.004
0.712	34.522
0.796	55.785
0.771	45.367
0.709	34.461
0.778	48.524
0.786	50.473
0.779	48.613
0.789	51.435
0.77	45.229
0.733	38.463
0.763	43.728
0.785	49.973
0.782	49.363
0.754	40.334
0.782	49.363
0.683	30.478
0.728	36.179
0.723	35.188
0.708	34.149
0.748	39.48
0.766	44.311
0.722	35.062
0.749	39.569
0.701	33.849
0.757	41.283
0.756	40.774
0.726	35.578
0.736	38.891
0.737	38.922
0.753	40.168
0.74	39.098
0.773	46.19
0.729	36.407
0.764	43.927
0.773	46.19
0.726	35.578
0.723	35.188
0.766	44.311
0.764	43.927
0.767	44.629
0.769	44.912
0.788	50.749
0.786	50.473
0.747	39.237
0.755	40.563
0.729	36.407
0.728	36.179
0.721	34.882
0.72	34.664
0.75	39.784
0.756	40.774
0.755	40.563
0.781	49.21
0.757	41.283
0.721	34.882
0.737	38.922
0.751	39.951
0.75	39.784
0.781	49.21
0.689	33.564
0.752	40.102
0.751	39.951
0.768	44.771
0.767	44.629
0.769	44.912
