P=? [ F (x=9&y=9&crashed=0) ]	R{"cost"}=? [ C<=100 ]
0.814	56.694
0.814	56.694
0.664	29.2
0.762	43.972
0.694	33.753
0.688	33.383
0.687	30.743
0.802	54.42
0.799	51.849
0.667	29.795
0.706	33.811
0.681	30.078
0.788	49.284
0.784	47.262
0.734	38.522
0.76	42.085
0.731	36.733
0.77	44.026
0.811	55.706
0.803	54.691
0.712	34.403
0.719	34.495
0.74	39.283
0.813	56.043
0.747	39.294
0.811	55.706
0.803	54.691
0.784	47.262
0.789	49.469
0.69	33.709
0.774	45.005
0.792	49.851
0.793	50.489
0.776	45.158
0.773	44.657
0.708	34.185
0.797	50.983
0.73	36.658
0.795	50.625
0.799	51.849
0.791	49.839
0.736	38.891
0.734	38.522
0.788	49.284
0.772	44.402
0.781	46.109
0.682	30.086
0.754	40.521
0.725	35.501
0.76	42.085
0.802	54.42
0.665	29.644
0.757	41.081
0.75	39.794
0.779	45.762
0.72	34.837
0.771	44.139
0.749	39.673
0.707	34.029
0.728	36.026
0.727	35.793
0.78	46.038
0.751	40.078
0.778	45.637
0.711	34.264
0.739	39.145
0.755	40.683
0.729	36.16
0.684	30.393
0.798	51.467
0.724	35.205
0.726	35.676
0.667	29.795
0.686	30.465
0.759	41.624
0.782	46.553
0.731	36.733
0.736	38.891
0.783	46.857
0.798	51.467
0.759	41.624
0.758	41.264
0.721	34.882
0.753	40.194
0.688	33.383
0.783	46.857
0.782	46.553
0.722	34.999
0.752	40.135
0.681	30.078
0.777	45.437
0.687	30.743
0.684	30.393
0.739	39.145
0.748	39.419
0.796	50.872
0.756	40.84
0.69	33.709
0.724	35.205
0.722	34.999
