P=? [ F (x=9&y=9&crashed=0) ]	R{"cost"}=? [ C<=100 ]
0.82	60.304
0.645	29.3
0.645	29.3
0.82	60.304
0.811	55.67
0.797	50.908
0.804	55.404
0.681	30.982
0.666	29.468
0.787	48.948
0.781	45.937
0.759	43.689
0.758	41.033
0.65	29.442
0.711	34.264
0.7	33.797
0.688	33.379
0.667	29.867
0.734	38.361
0.731	36.451
0.689	33.461
0.677	30.052
0.701	33.942
0.723	35.266
0.797	50.908
0.811	55.67
0.781	45.937
0.804	55.404
0.765	44.302
0.787	48.948
0.772	44.357
0.716	35.176
0.688	33.379
0.789	49.244
0.745	39.265
0.735	38.662
0.805	55.555
0.737	39.044
0.793	50.195
0.789	49.244
0.65	29.442
0.715	35.086
0.749	39.754
0.734	38.361
0.764	44.179
0.748	39.421
0.775	44.908
0.755	40.425
0.793	50.195
0.76	43.733
0.741	39.127
0.779	45.398
0.728	35.917
0.726	35.388
0.679	30.58
0.753	40.347
0.747	39.291
0.795	50.422
0.725	35.326
0.714	34.622
0.731	36.451
0.764	44.179
0.76	43.733
0.758	41.033
0.756	40.59
0.778	45.317
0.778	45.317
0.775	44.908
0.679	30.58
0.73	36.358
0.729	35.977
0.678	30.232
0.795	50.422
0.756	40.59
0.751	40.008
0.689	33.461
0.701	33.942
0.741	39.127
0.713	34.519
0.751	40.008
0.779	45.398
0.774	44.65
0.753	40.347
0.713	34.519
0.739	39.119
0.726	35.388
0.728	35.917
0.774	44.65
0.773	44.454
0.739	39.119
0.677	30.052
0.667	29.867
0.678	30.232
0.794	50.255
0.75	39.916
0.805	55.555
0.714	34.622
0.773	44.454
0.73	36.358
0.75	39.916
