P=? [ F (x=9&y=9&crashed=0) ]	R{"cost"}=? [ C<=100 ]
0.798	50.881
0.798	50.881
0.645	29.308
0.733	38.908
0.7	33.902
0.696	31.082
0.649	29.319
0.702	34.181
0.731	36.492
0.763	43.642
0.682	29.787
0.667	29.661
0.664	29.333
0.718	34.287
0.688	30.865
0.76	41.961
0.786	48.345
0.783	46.785
0.695	31.038
0.74	38.975
0.76	41.961
0.73	36.366
0.783	46.785
0.74	38.975
0.758	40.86
0.769	43.794
0.746	39.122
0.779	45.506
0.795	50.223
0.759	41.353
0.729	35.764
0.791	49.344
0.781	45.766
0.782	46.209
0.794	49.829
0.786	48.345
0.686	30.441
0.7	33.902
0.774	44.809
0.754	40.255
0.777	45.152
0.791	49.344
0.771	44.126
0.778	45.406
0.759	41.353
0.748	39.452
0.755	40.509
0.77	43.827
0.696	31.082
0.684	30.235
0.751	39.902
0.719	34.417
0.793	49.789
0.782	46.209
0.763	43.642
0.701	34.035
0.789	48.98
0.722	35.007
0.667	29.661
0.757	40.746
0.726	35.17
0.756	40.595
0.789	48.98
0.773	44.446
0.686	30.441
0.683	29.919
0.797	50.567
0.747	39.147
0.753	40.127
0.664	29.333
0.75	39.783
0.749	39.489
0.787	48.632
0.724	35.033
0.788	48.702
0.721	34.737
0.731	36.492
0.781	45.766
0.773	44.446
0.772	44.186
0.797	50.567
0.796	50.318
0.727	35.413
0.729	35.764
0.728	35.543
0.733	38.908
0.684	30.235
0.752	40.098
0.793	49.789
0.776	45.025
0.775	44.848
0.72	34.591
0.724	35.033
0.769	43.794
0.746	39.122
0.721	34.737
0.72	34.591
0.726	35.17
0.683	29.919
0.728	35.543
