P=? [ F (x=9&y=9&crashed=0) ]	R{"cost"}=? [ C<=100 ]
0.681	31.5
0.887	57.614
0.681	31.5
0.887	57.614
0.719	35.83
0.797	35.847
0.881	57.258
0.879	48.368
0.701	35.657
0.696	33.9
0.869	46.946
0.864	43.942
0.823	39.831
0.815	38.496
0.719	35.83
0.695	32.469
0.836	40.07
0.812	36.823
0.815	38.496
0.682	31.989
0.851	41.933
0.823	39.831
0.843	41.162
0.689	31.992
0.869	46.946
0.851	41.933
0.843	41.162
0.808	36.408
0.864	43.942
0.701	35.657
0.69	32.101
0.879	48.368
0.862	43.289
0.802	36.328
0.852	42.206
0.877	47.882
0.863	43.755
0.86	43.093
0.838	40.359
0.884	57.447
0.884	57.447
0.8	35.917
0.871	47.226
0.811	36.796
0.804	36.331
0.695	32.469
0.69	32.101
0.836	40.07
0.808	36.408
0.871	47.226
0.839	40.682
0.858	42.77
0.86	43.093
0.881	57.258
0.855	42.417
0.838	40.359
0.811	36.796
0.812	36.823
0.876	47.747
0.874	47.467
0.857	42.742
0.856	42.469
0.877	47.882
0.876	47.747
0.855	42.417
0.852	42.206
0.804	36.331
0.873	47.428
0.862	43.289
0.863	43.755
0.84	40.861
0.839	40.682
0.874	47.467
0.873	47.428
0.858	42.77
0.841	41.009
0.84	40.861
0.797	35.847
0.8	35.917
0.799	35.911
0.802	36.328
0.842	41.092
0.841	41.009
0.842	41.092
0.799	35.911
0.856	42.469
0.857	42.742
0.689	31.992
0.682	31.989
0.681	31.5
0.887	57.614
0.719	35.83
0.815	38.496
0.823	39.831
0.869	46.946
0.851	41.933
0.843	41.162
0.864	43.942
0.701	35.657
0.879	48.368
