P=? [ F (x=9&y=9&crashed=0) ]	R{"cost"}=? [ C<=100 ]
0.895	53.754
0.702	34.095
0.895	53.754
0.714	36.455
0.812	36.549
0.884	48.911
0.825	36.739
0.886	52.633
0.868	44.242
0.827	39.809
0.87	46.983
0.713	36.23
0.852	41.994
0.836	41.503
0.706	34.66
0.812	36.549
0.706	34.66
0.86	43.375
0.852	41.994
0.858	42.574
0.834	41.005
0.871	47.405
0.833	40.35
0.863	43.74
0.882	48.509
0.836	41.503
0.878	48.12
0.876	47.534
0.857	42.529
0.87	46.983
0.889	52.948
0.863	43.74
0.834	41.005
0.857	42.529
0.879	48.349
0.892	53.12
0.886	52.633
0.831	40.022
0.889	52.948
0.875	47.505
0.862	43.509
0.878	48.12
0.832	40.336
0.825	36.739
0.882	48.509
0.829	39.96
0.827	39.809
0.86	43.375
0.893	53.347
0.894	53.527
0.894	53.527
0.893	53.347
0.892	53.12
0.829	39.96
0.879	48.349
0.858	42.574
0.862	43.509
0.876	47.534
0.875	47.505
0.871	47.405
0.714	36.455
0.831	40.022
0.833	40.35
0.832	40.336
0.895	53.754
0.812	36.549
0.706	34.66
0.852	41.994
0.886	52.633
0.87	46.983
0.863	43.74
0.834	41.005
0.882	48.509
0.857	42.529
0.878	48.12
0.825	36.739
0.827	39.809
0.86	43.375
0.894	53.527
0.893	53.347
0.892	53.12
0.829	39.96
0.879	48.349
0.862	43.509
0.876	47.534
0.875	47.505
0.871	47.405
0.714	36.455
0.831	40.022
0.833	40.35
0.832	40.336
0.895	53.754
0.706	34.66
0.852	41.994
0.886	52.633
0.857	42.529
0.87	46.983
0.863	43.74
0.834	41.005
0.882	48.509
