P=? [ F (x=9&y=9&crashed=0) ]	R{"cost"}=? [ C<=100 ]
0.908	68.81
0.772	36.318
0.908	68.81
0.903	58.162
0.907	67.988
0.783	37.366
0.813	37.448
0.896	57.528
0.853	41.842
0.849	38.564
0.817	37.703
0.836	37.727
0.895	53.577
0.887	49.592
0.892	53.12
0.87	46.71
0.869	44.282
0.861	42.73
0.872	47.98
0.844	38.163
0.864	43.419
0.887	49.592
0.853	41.842
0.782	36.764
0.907	67.988
0.877	48.56
0.883	48.668
0.841	37.728
0.861	42.73
0.777	36.521
0.892	53.12
0.777	36.521
0.871	46.891
0.876	48.218
0.836	37.727
0.885	48.909
0.813	37.448
0.846	38.48
0.817	37.703
0.868	44.272
0.867	43.602
0.896	57.528
0.885	48.909
0.841	37.728
0.893	53.328
0.866	43.429
0.883	48.668
0.846	38.48
0.895	53.577
0.893	53.328
0.782	36.764
0.876	48.218
0.872	47.98
0.871	46.891
0.87	46.71
0.867	43.602
0.877	48.56
0.783	37.366
0.866	43.429
0.869	44.282
0.868	44.272
0.908	68.81
0.861	42.73
0.907	67.988
0.892	53.12
0.777	36.521
0.836	37.727
0.817	37.703
0.846	38.48
0.896	57.528
0.885	48.909
0.841	37.728
0.883	48.668
0.782	36.764
0.876	48.218
0.872	47.98
0.871	46.891
0.87	46.71
0.867	43.602
0.877	48.56
0.869	44.282
0.868	44.272
0.908	68.81
0.907	67.988
0.892	53.12
0.836	37.727
0.817	37.703
0.846	38.48
0.896	57.528
0.885	48.909
0.883	48.668
0.782	36.764
0.876	48.218
0.872	47.98
0.871	46.891
0.87	46.71
0.867	43.602
0.877	48.56
0.869	44.282
0.868	44.272
