P=? [ F (x=9&y=9&crashed=0) ]	R{"cost"}=? [ C<=100 ]
0.876	52.552
0.761	31.672
0.876	52.552
0.767	34.314
0.816	35.185
0.847	42.197
0.842	37.632
0.875	52.483
0.867	48.022
0.865	47.183
0.862	42.849
0.821	36.366
0.867	48.022
0.764	32.876
0.816	35.185
0.764	32.876
0.821	36.366
0.859	42.5
0.875	52.483
0.829	37.16
0.829	37.16
0.852	42.448
0.767	34.314
0.838	37.209
0.841	37.561
0.842	37.632
0.847	42.197
0.866	47.251
0.833	37.177
0.833	37.177
0.85	42.268
0.862	42.849
0.865	47.183
0.838	37.209
0.861	42.776
0.861	42.776
0.85	42.268
0.859	42.5
0.852	42.448
0.866	47.251
0.876	52.552
0.867	48.022
0.816	35.185
0.764	32.876
0.875	52.483
0.767	34.314
0.842	37.632
0.847	42.197
0.833	37.177
0.862	42.849
0.865	47.183
0.838	37.209
0.85	42.268
0.859	42.5
0.852	42.448
0.866	47.251
0.876	52.552
0.867	48.022
0.816	35.185
0.767	34.314
0.875	52.483
0.847	42.197
0.833	37.177
0.862	42.849
0.865	47.183
0.838	37.209
0.85	42.268
0.852	42.448
0.866	47.251
0.876	52.552
0.867	48.022
0.816	35.185
0.767	34.314
0.875	52.483
0.847	42.197
0.833	37.177
0.862	42.849
0.865	47.183
0.85	42.268
0.852	42.448
0.866	47.251
0.876	52.552
0.867	48.022
0.833	37.177
0.875	52.483
0.847	42.197
0.862	42.849
0.865	47.183
0.85	42.268
0.852	42.448
0.866	47.251
0.876	52.552
0.833	37.177
0.867	48.022
0.847	42.197
0.875	52.483
0.865	47.183
0.85	42.268
0.852	42.448
0.876	52.552
