P=? [ F (x=9&y=9&crashed=0) ]	R{"cost"}=? [ C<=100 ]
0.871	45.219
0.736	27.585
0.736	27.585
0.871	45.219
0.766	27.881
0.856	42.718
0.747	27.848
0.809	32.375
0.793	29.771
0.855	40.168
0.786	28.688
0.793	29.771
0.775	28.584
0.809	32.375
0.833	36.855
0.83	35.192
0.737	27.588
0.747	27.848
0.867	44.145
0.858	43.817
0.856	42.718
0.859	43.928
0.836	37.285
0.812	32.896
0.843	37.489
0.818	32.938
0.845	37.909
0.83	35.192
0.851	38.908
0.789	28.992
0.87	44.699
0.847	38.583
0.77	28.263
0.828	34.49
0.77	28.263
0.826	34.4
0.825	33.956
0.852	39.344
0.766	27.881
0.849	38.615
0.772	28.323
0.846	38.194
0.855	40.168
0.854	39.786
0.829	34.814
0.824	33.75
0.844	37.575
0.822	33.712
0.829	34.814
0.833	36.855
0.772	28.323
0.854	39.786
0.853	39.466
0.789	28.992
0.851	38.908
0.846	38.194
0.821	33.517
0.82	33.232
0.79	29.276
0.868	44.424
0.811	32.677
0.81	32.409
0.87	44.699
0.869	44.435
0.858	43.817
0.835	37.141
0.834	36.915
0.811	32.677
0.867	44.145
0.859	43.928
0.825	33.956
0.843	37.489
0.836	37.285
0.792	29.637
0.791	29.437
0.821	33.517
0.82	33.232
0.819	33.051
0.849	38.615
0.791	29.437
0.79	29.276
0.835	37.141
0.792	29.637
0.853	39.466
0.852	39.344
0.819	33.051
0.844	37.575
0.834	36.915
0.827	34.448
0.826	34.4
0.818	32.938
0.827	34.448
0.812	32.896
0.824	33.75
0.822	33.712
0.81	32.409
0.847	38.583
0.869	44.435
0.868	44.424
0.736	27.585
