P=? [ F (x=9&y=9&crashed=0) ]	R{"cost"}=? [ C<=100 ]
0.751	27.289
0.862	48.711
0.751	27.289
0.854	44.119
0.861	44.197
0.853	39.147
0.795	32.618
0.818	32.698
0.828	34.806
0.793	32.045
0.789	29.264
0.843	37.285
0.783	28.283
0.843	37.285
0.828	34.806
0.771	28.258
0.763	27.38
0.793	32.045
0.826	33.889
0.851	38.754
0.789	29.264
0.766	27.936
0.851	38.754
0.846	37.929
0.821	33.338
0.846	37.929
0.827	34.04
0.786	28.649
0.769	28.004
0.826	33.889
0.821	33.338
0.765	27.45
0.787	28.933
0.845	37.913
0.844	37.454
0.82	33.297
0.819	32.875
0.783	28.283
0.786	28.649
0.787	28.933
0.795	32.618
0.764	27.409
0.769	28.004
0.853	39.147
0.852	38.903
0.771	28.258
0.819	32.875
0.844	37.454
0.827	34.04
0.852	38.903
0.763	27.38
0.818	32.698
0.861	44.197
0.854	44.119
0.766	27.936
0.82	33.297
0.765	27.45
0.845	37.913
0.751	27.289
0.843	37.285
0.828	34.806
0.793	32.045
0.789	29.264
0.851	38.754
0.846	37.929
0.826	33.889
0.821	33.338
0.783	28.283
0.786	28.649
0.787	28.933
0.795	32.618
0.769	28.004
0.853	39.147
0.771	28.258
0.819	32.875
0.844	37.454
0.827	34.04
0.852	38.903
0.763	27.38
0.818	32.698
0.861	44.197
0.854	44.119
0.766	27.936
0.82	33.297
0.765	27.45
0.845	37.913
0.751	27.289
0.843	37.285
0.793	32.045
0.851	38.754
0.846	37.929
0.826	33.889
0.821	33.338
0.783	28.283
0.786	28.649
0.787	28.933
0.795	32.618
0.769	28.004
0.853	39.147
0.771	28.258
