P=? [ F (x=9&y=9&crashed=0) ]	R{"cost"}=? [ C<=100 ]
0.889	64.341
0.792	29.804
0.792	29.804
0.889	64.341
0.888	54.618
0.812	32.899
0.795	32.893
0.83	34.844
0.888	54.618
0.881	50.377
0.878	49.102
0.871	45.404
0.856	42.797
0.794	32.869
0.855	39.77
0.871	45.404
0.793	29.888
0.836	37.486
0.878	49.102
0.881	50.377
0.861	43.881
0.837	37.763
0.819	33.136
0.844	37.825
0.812	32.899
0.836	37.486
0.827	34.113
0.848	38.591
0.863	44.202
0.868	44.311
0.823	33.949
0.857	43.006
0.851	38.888
0.857	43.006
0.847	38.252
0.87	44.559
0.82	33.383
0.879	49.525
0.88	50.029
0.879	49.525
0.829	34.823
0.828	34.462
0.852	39.246
0.828	34.462
0.88	50.029
0.822	33.613
0.851	38.888
0.819	33.136
0.862	44.007
0.854	39.615
0.853	39.425
0.853	39.425
0.852	39.246
0.822	33.613
0.821	33.436
0.845	37.995
0.846	38.084
0.823	33.949
0.855	39.77
0.854	39.615
0.87	44.559
0.869	44.426
0.862	44.007
0.869	44.426
0.868	44.311
0.863	44.202
0.846	38.084
0.845	37.995
0.793	29.888
0.844	37.825
0.837	37.763
0.821	33.436
0.829	34.823
0.795	32.893
0.889	64.341
0.792	29.804
0.888	54.618
0.871	45.404
0.878	49.102
0.812	32.899
0.836	37.486
0.857	43.006
0.819	33.136
0.793	29.888
0.879	49.525
0.795	32.893
0.851	38.888
0.853	39.425
0.852	39.246
0.822	33.613
0.823	33.949
0.855	39.77
0.854	39.615
0.87	44.559
0.862	44.007
0.869	44.426
0.845	37.995
0.844	37.825
0.829	34.823
0.889	64.341
