P=? [ F (x=9&y=9&crashed=0) ]	R{"cost"}=? [ C<=100 ]
0.872	50.055
0.744	27.419
0.872	50.055
0.87	49.221
0.828	37.052
0.853	39.538
0.809	32.416
0.854	42.988
0.863	45.524
0.763	27.486
0.795	29.65
0.827	34.569
0.842	37.349
0.795	29.65
0.809	32.416
0.783	28.361
0.772	28.318
0.863	45.524
0.857	44.328
0.769	28.028
0.862	44.601
0.848	39.399
0.822	34.451
0.855	43.098
0.819	33.314
0.816	32.67
0.764	27.821
0.844	38.268
0.821	33.69
0.791	29.292
0.847	38.558
0.791	29.292
0.843	37.562
0.788	28.974
0.786	28.666
0.788	28.974
0.786	28.666
0.857	44.328
0.818	32.896
0.783	28.361
0.772	28.318
0.821	33.69
0.828	37.052
0.855	43.098
0.862	44.601
0.816	32.67
0.843	37.562
0.818	32.896
0.817	32.686
0.764	27.821
0.847	38.558
0.846	38.363
0.853	39.538
0.848	39.399
0.827	34.569
0.822	34.451
0.763	27.486
0.845	38.328
0.846	38.363
0.845	38.328
0.817	32.686
0.872	50.055
0.795	29.65
0.809	32.416
0.863	45.524
0.788	28.974
0.786	28.666
0.783	28.361
0.772	28.318
0.821	33.69
0.828	37.052
0.855	43.098
0.862	44.601
0.816	32.67
0.843	37.562
0.818	32.896
0.764	27.821
0.853	39.538
0.848	39.399
0.827	34.569
0.846	38.363
0.845	38.328
0.817	32.686
0.872	50.055
0.795	29.65
0.809	32.416
0.863	45.524
0.788	28.974
0.786	28.666
0.772	28.318
0.821	33.69
0.828	37.052
0.855	43.098
0.862	44.601
0.816	32.67
0.843	37.562
0.818	32.896
0.764	27.821
0.827	34.569
0.845	38.328
