P=? [ F (x=9&y=9&crashed=0) ]	R{"cost"}=? [ C<=100 ]
0.872	55.119
0.744	27.613
0.744	27.613
0.872	55.119
0.8	32.143
0.871	50.156
0.87	44.694
0.856	42.722
0.871	50.156
0.76	27.7
0.834	36.958
0.784	28.399
0.77	28.261
0.855	39.991
0.868	44.137
0.792	29.638
0.767	27.96
0.819	33.358
0.851	38.86
0.83	35.022
0.845	38.145
0.792	29.638
0.808	32.164
0.842	37.427
0.809	32.348
0.868	44.137
0.856	42.722
0.76	27.7
0.816	32.562
0.788	28.985
0.836	37.169
0.825	33.703
0.828	34.572
0.83	35.022
0.818	32.793
0.791	29.252
0.844	38.14
0.843	37.468
0.786	28.784
0.836	37.169
0.827	34.319
0.826	33.883
0.786	28.784
0.855	39.991
0.854	39.615
0.87	44.694
0.869	44.325
0.784	28.399
0.825	33.703
0.854	39.615
0.853	39.279
0.769	28.203
0.791	29.252
0.827	34.319
0.769	28.203
0.853	39.279
0.852	39.039
0.816	32.562
0.809	32.348
0.817	32.603
0.869	44.325
0.826	33.883
0.852	39.039
0.77	28.261
0.817	32.603
0.843	37.468
0.808	32.164
0.844	38.14
0.744	27.613
0.872	55.119
0.792	29.638
0.868	44.137
0.856	42.722
0.76	27.7
0.827	34.319
0.786	28.784
0.855	39.991
0.87	44.694
0.784	28.399
0.825	33.703
0.854	39.615
0.769	28.203
0.853	39.279
0.816	32.562
0.809	32.348
0.791	29.252
0.869	44.325
0.77	28.261
0.817	32.603
0.843	37.468
0.744	27.613
0.872	55.119
0.792	29.638
0.809	32.348
0.868	44.137
0.856	42.722
0.76	27.7
0.827	34.319
0.786	28.784
0.855	39.991
