P=? [ F (x=9&y=9&crashed=0) ]	R{"cost"}=? [ C<=100 ]
0.868	51.315
0.689	28.682
0.868	51.315
0.689	28.682
0.741	33.052
0.718	28.753
0.864	51.11
0.856	47.471
0.733	30.092
0.759	33.237
0.807	39.791
0.845	45.786
0.727	29.289
0.839	44.424
0.834	43.396
0.826	42.088
0.769	35.107
0.733	30.092
0.856	47.471
0.864	51.11
0.718	28.753
0.741	33.052
0.816	40.545
0.796	38.307
0.826	42.088
0.845	45.786
0.805	39.512
0.775	35.629
0.768	34.512
0.834	43.396
0.855	47.25
0.775	35.629
0.791	37.597
0.73	29.677
0.8	38.607
0.727	29.289
0.839	44.424
0.816	40.545
0.787	36.849
0.847	46.148
0.804	38.96
0.837	44.08
0.822	40.857
0.766	34.443
0.765	33.941
0.854	46.695
0.851	46.228
0.823	41.388
0.769	35.107
0.795	38.096
0.794	37.652
0.765	33.941
0.763	33.507
0.787	36.849
0.853	46.458
0.78	35.955
0.784	36.482
0.791	37.597
0.779	35.937
0.82	40.766
0.836	43.76
0.835	43.427
0.761	33.278
0.836	43.76
0.763	33.507
0.82	40.766
0.731	29.781
0.779	35.937
0.793	37.625
0.825	41.972
0.824	41.668
0.817	40.576
0.785	36.763
0.824	41.668
0.823	41.388
0.806	39.779
0.781	36.222
0.784	36.482
0.782	36.223
0.854	46.695
0.731	29.781
0.802	38.883
0.801	38.653
0.838	44.299
0.786	36.795
0.795	38.096
0.847	46.148
0.803	38.912
0.762	33.316
0.817	40.576
0.852	46.403
0.782	36.223
0.838	44.299
0.825	41.972
0.822	40.857
0.851	46.228
0.766	34.443
0.852	46.403
0.801	38.653
0.762	33.316
