P=? [ F (x=9&y=9&crashed=0) ]	R{"cost"}=? [ C<=100 ]
0.863	56.746
0.656	29.264
0.863	56.746
0.725	29.275
0.758	33.157
0.85	49.352
0.842	45.084
0.862	55.811
0.855	52.023
0.768	34.016
0.731	29.789
0.731	29.789
0.794	37.766
0.802	39.983
0.762	33.235
0.816	40.085
0.862	55.811
0.853	50.784
0.852	50.178
0.776	35.257
0.833	43.451
0.825	42.069
0.776	35.257
0.825	42.069
0.855	52.023
0.841	45.053
0.836	43.843
0.786	36.766
0.786	36.766
0.842	45.084
0.833	43.451
0.836	43.843
0.8	39.497
0.795	38.062
0.854	51.587
0.851	49.382
0.8	39.497
0.797	38.793
0.729	29.77
0.797	38.793
0.841	45.053
0.819	40.992
0.818	40.443
0.778	35.785
0.835	43.501
0.781	36.203
0.854	51.587
0.729	29.77
0.725	29.275
0.796	38.467
0.824	41.716
0.823	41.328
0.78	35.848
0.824	41.716
0.784	36.681
0.796	38.467
0.818	40.443
0.817	40.126
0.783	36.505
0.783	36.505
0.781	36.203
0.802	39.983
0.779	35.831
0.822	41.296
0.821	41.101
0.778	35.785
0.816	40.085
0.82	41.075
0.819	40.992
0.785	36.717
0.817	40.126
0.785	36.717
0.823	41.328
0.822	41.296
0.851	49.382
0.834	43.48
0.821	41.101
0.82	41.075
0.834	43.48
0.78	35.848
0.863	56.746
0.862	55.811
0.825	42.069
0.855	52.023
0.786	36.766
0.842	45.084
0.833	43.451
0.776	35.257
0.836	43.843
0.8	39.497
0.797	38.793
0.854	51.587
0.841	45.053
0.729	29.77
0.725	29.275
0.824	41.716
0.818	40.443
0.783	36.505
0.781	36.203
0.802	39.983
