P=? [ F (x=9&y=9&crashed=0) ]	R{"cost"}=? [ C<=100 ]
0.753	34.494
0.871	51.773
0.753	34.494
0.871	51.773
0.856	50.967
0.855	46.832
0.834	43.638
0.823	41.552
0.772	35.683
0.792	39.007
0.785	36.931
0.823	41.552
0.867	51.433
0.804	40.429
0.806	40.808
0.759	34.93
0.776	35.926
0.764	35.347
0.814	40.821
0.785	36.931
0.792	39.007
0.802	39.824
0.84	44.836
0.848	45.786
0.843	45.101
0.854	46.801
0.853	46.131
0.837	43.926
0.764	35.347
0.819	40.906
0.839	44.219
0.867	51.433
0.821	41.28
0.797	39.451
0.843	45.101
0.848	45.786
0.779	36.155
0.784	36.769
0.856	50.967
0.78	36.432
0.869	51.473
0.836	43.674
0.782	36.486
0.761	35.05
0.82	41.234
0.816	40.856
0.761	35.05
0.799	39.733
0.87	51.745
0.838	44.197
0.852	46.102
0.851	45.831
0.842	45.087
0.84	44.836
0.783	36.528
0.779	36.155
0.816	40.856
0.85	45.824
0.794	39.288
0.793	39.108
0.8	39.74
0.842	45.087
0.814	40.821
0.806	40.808
0.799	39.733
0.795	39.423
0.794	39.288
0.793	39.108
0.76	35.006
0.801	39.764
0.78	36.432
0.819	40.906
0.82	41.234
0.76	35.006
0.783	36.528
0.869	51.473
0.836	43.674
0.855	46.832
0.854	46.801
0.849	45.793
0.853	46.131
0.852	46.102
0.87	51.745
0.796	39.425
0.801	39.764
0.839	44.219
0.838	44.197
0.851	45.831
0.849	45.793
0.796	39.425
0.795	39.423
0.753	34.494
0.871	51.773
0.823	41.552
0.785	36.931
0.792	39.007
0.867	51.433
0.843	45.101
0.848	45.786
0.76	35.006
