P=? [ F (x=9&y=9&crashed=0) ]	R{"cost"}=? [ C<=100 ]
0.87	51.513
0.668	28.92
0.87	51.513
0.668	28.92
0.74	32.989
0.865	50.847
0.853	46.388
0.7	30.83
0.74	32.989
0.786	37.078
0.687	29.522
0.778	35.624
0.7	30.83
0.803	40.083
0.833	43.485
0.765	35.262
0.848	45.63
0.838	43.939
0.824	41.835
0.818	40.572
0.853	46.388
0.865	50.847
0.692	29.875
0.761	34.848
0.848	45.63
0.838	43.939
0.824	41.835
0.687	29.522
0.692	29.875
0.755	33.49
0.794	37.741
0.833	43.485
0.76	33.884
0.699	30.805
0.821	41.19
0.747	33.304
0.799	39.074
0.797	38.361
0.699	30.805
0.783	36.397
0.782	36.061
0.794	37.741
0.779	36.058
0.746	33.225
0.764	34.878
0.783	36.397
0.797	38.361
0.851	45.858
0.818	40.572
0.803	40.083
0.837	43.765
0.802	39.703
0.801	39.274
0.82	40.786
0.796	37.967
0.822	41.581
0.802	39.703
0.765	35.262
0.852	46.089
0.849	45.81
0.757	33.864
0.867	51.094
0.759	33.869
0.746	33.225
0.756	33.722
0.852	46.089
0.795	37.951
0.869	51.308
0.755	33.49
0.747	33.304
0.82	40.786
0.819	40.604
0.869	51.308
0.868	51.127
0.823	41.655
0.801	39.274
0.8	39.104
0.836	43.597
0.867	51.094
0.835	43.566
0.756	33.722
0.799	39.074
0.835	43.566
0.823	41.655
0.822	41.581
0.849	45.81
0.868	51.127
0.819	40.604
0.836	43.597
0.764	34.878
0.8	39.104
0.761	34.848
0.796	37.967
0.795	37.951
0.76	33.884
0.757	33.864
0.779	36.058
0.87	51.513
0.668	28.92
0.74	32.989
