P=? [ F (x=9&y=9&crashed=0) ]	R{"cost"}=? [ C<=100 ]
0.671	26.477
0.846	50.952
0.671	26.477
0.846	50.952
0.842	48.064
0.836	43.377
0.801	37.546
0.833	42.495
0.821	38.852
0.752	29.392
0.697	26.794
0.674	26.748
0.756	31.553
0.8	35.275
0.701	27.115
0.833	42.495
0.845	48.958
0.715	27.306
0.815	37.797
0.762	32.072
0.821	38.852
0.728	27.52
0.774	32.091
0.718	27.41
0.741	28.152
0.734	28.141
0.836	43.377
0.784	33.69
0.75	28.841
0.794	34.078
0.79	33.743
0.701	27.115
0.746	28.753
0.744	28.437
0.844	48.647
0.835	43.062
0.796	34.649
0.795	34.133
0.799	35.206
0.798	34.708
0.715	27.306
0.818	38.297
0.816	37.829
0.697	26.794
0.835	43.062
0.844	48.647
0.756	31.553
0.778	32.858
0.777	32.432
0.744	28.437
0.759	31.582
0.76	31.847
0.728	27.52
0.718	27.41
0.779	33.244
0.778	32.858
0.78	33.621
0.779	33.244
0.781	33.672
0.674	26.748
0.791	33.755
0.731	27.839
0.749	28.8
0.731	27.839
0.845	48.958
0.82	38.691
0.819	38.382
0.791	33.755
0.741	28.152
0.777	32.432
0.776	32.154
0.732	27.88
0.815	37.797
0.801	37.546
0.76	31.847
0.818	38.297
0.746	28.753
0.732	27.88
0.816	37.829
0.82	38.691
0.762	32.072
0.783	33.676
0.758	31.57
0.734	28.141
0.819	38.382
0.8	35.275
0.799	35.206
0.795	34.133
0.79	33.743
0.78	33.621
0.749	28.8
0.775	32.128
0.798	34.708
0.797	34.672
0.776	32.154
0.775	32.128
0.797	34.672
0.796	34.649
0.774	32.091
0.758	31.57
