P=? [ F (x=9&y=9&crashed=0) ]	R{"cost"}=? [ C<=100 ]
0.613	21.9
0.828	43.385
0.613	21.9
0.794	36.798
0.65	25.611
0.614	21.909
0.65	25.611
0.614	21.909
0.818	42.231
0.793	33.551
0.674	26.344
0.701	26.87
0.817	39.35
0.749	29.02
0.704	27.189
0.652	25.799
0.727	27.314
0.757	31.284
0.672	25.959
0.761	31.852
0.825	42.45
0.749	29.02
0.772	31.912
0.737	28.295
0.802	38.013
0.779	33.035
0.788	33.19
0.732	27.746
0.732	27.746
0.757	31.284
0.701	26.87
0.814	38.638
0.826	43.041
0.744	28.616
0.742	28.377
0.808	38.557
0.806	38.174
0.776	32.655
0.775	32.147
0.744	28.616
0.797	37.293
0.737	28.295
0.817	39.35
0.816	38.947
0.728	27.388
0.728	27.388
0.826	43.041
0.801	37.687
0.704	27.189
0.673	26.267
0.791	33.44
0.79	33.242
0.807	38.457
0.788	33.19
0.797	37.293
0.76	31.612
0.8	37.601
0.799	37.37
0.759	31.542
0.758	31.319
0.825	42.45
0.818	42.231
0.778	32.978
0.777	32.764
0.815	38.843
0.742	28.377
0.651	25.628
0.806	38.174
0.672	25.959
0.779	33.035
0.775	32.147
0.774	32.007
0.727	27.314
0.793	33.551
0.791	33.44
0.777	32.764
0.776	32.655
0.816	38.947
0.815	38.843
0.807	38.457
0.774	32.007
0.773	31.914
0.801	37.687
0.8	37.601
0.814	38.638
0.808	38.557
0.673	26.267
0.76	31.612
0.759	31.542
0.772	31.912
0.761	31.852
0.778	32.978
0.79	33.242
0.798	37.341
0.758	31.319
0.799	37.37
0.798	37.341
0.651	25.628
0.773	31.914
0.613	21.9
