P=? [ F (x=9&y=9&crashed=0) ]	R{"cost"}=? [ C<=100 ]
0.844	48.64
0.844	48.64
0.695	26.689
0.836	43.771
0.84	47.921
0.82	42.721
0.799	37.922
0.748	31.284
0.818	40.364
0.798	35.853
0.738	29.164
0.832	43.066
0.758	31.295
0.721	27.802
0.788	33.742
0.728	28.92
0.711	27.732
0.743	30.162
0.763	32.196
0.698	27.082
0.772	32.393
0.806	37.939
0.796	34.679
0.705	27.195
0.725	28.172
0.742	29.276
0.747	30.269
0.797	35.488
0.726	28.797
0.783	33.532
0.789	34.29
0.812	39.213
0.836	43.771
0.795	34.53
0.811	38.836
0.791	34.415
0.746	30.179
0.774	32.639
0.761	31.745
0.82	42.721
0.809	38.639
0.808	38.175
0.78	33.26
0.84	47.921
0.817	40.23
0.815	39.768
0.843	48.505
0.842	48.077
0.833	43.474
0.698	27.082
0.708	27.443
0.773	32.418
0.728	28.92
0.709	27.667
0.798	35.853
0.797	35.488
0.783	33.532
0.741	29.214
0.76	31.729
0.832	43.066
0.722	27.94
0.762	32.085
0.814	39.623
0.813	39.311
0.815	39.768
0.834	43.609
0.818	40.364
0.817	40.23
0.791	34.415
0.705	27.195
0.759	31.537
0.781	33.349
0.779	33.033
0.707	27.414
0.711	27.732
0.776	32.846
0.723	27.996
0.772	32.393
0.763	32.196
0.759	31.537
0.781	33.349
0.707	27.414
0.723	27.996
0.778	33.005
0.834	43.609
0.778	33.005
0.776	32.846
0.807	38.093
0.814	39.623
0.81	38.782
0.809	38.639
0.775	32.781
0.833	43.474
0.842	48.077
0.841	47.942
0.843	48.505
0.789	34.29
0.726	28.797
0.795	34.53
0.762	32.085
