P=? [ F (x=9&y=9&crashed=0) ]	R{"cost"}=? [ C<=100 ]
0.669	26.166
0.836	44.027
0.669	26.166
0.836	44.027
0.694	26.501
0.817	40.252
0.832	42.937
0.776	32.071
0.725	30.623
0.817	40.252
0.832	42.937
0.758	31.331
0.761	31.788
0.738	30.73
0.745	31.167
0.794	35.316
0.795	36.694
0.716	27.82
0.705	27.391
0.724	29.352
0.789	34.328
0.739	30.844
0.777	32.831
0.696	26.868
0.723	28.695
0.811	39.177
0.81	38.44
0.745	31.167
0.835	43.893
0.791	34.619
0.724	29.352
0.701	26.91
0.716	27.82
0.806	37.934
0.799	37.406
0.796	36.817
0.792	35.178
0.719	28.099
0.705	27.391
0.815	39.746
0.786	33.934
0.781	33.263
0.814	39.651
0.803	37.814
0.786	33.934
0.833	43.405
0.694	26.501
0.834	43.457
0.783	33.651
0.8	37.541
0.799	37.406
0.781	33.263
0.779	33.033
0.796	36.817
0.803	37.814
0.809	38.419
0.807	38.089
0.72	28.425
0.779	33.033
0.791	34.619
0.813	39.362
0.761	31.788
0.719	28.099
0.8	37.541
0.723	28.695
0.721	28.426
0.784	33.67
0.807	38.089
0.793	35.215
0.702	27.129
0.703	27.172
0.759	31.543
0.777	32.831
0.815	39.746
0.703	27.172
0.696	26.868
0.809	38.419
0.784	33.67
0.783	33.651
0.76	31.666
0.759	31.543
0.795	36.694
0.76	31.666
0.721	28.426
0.725	30.623
0.813	39.362
0.812	39.266
0.811	39.177
0.812	39.266
0.834	43.457
0.833	43.405
0.702	27.129
0.701	26.91
0.792	35.178
0.81	38.44
0.72	28.425
0.669	26.166
0.836	44.027
0.716	27.82
0.705	27.391
