P=? [ F (x=9&y=9&crashed=0) ]	R{"cost"}=? [ C<=100 ]
0.863	54.302
0.673	26.804
0.863	54.302
0.673	26.804
0.712	30.601
0.712	30.601
0.862	53.912
0.805	38.872
0.812	42.385
0.854	50.624
0.746	35.628
0.728	31.308
0.838	47.155
0.743	33.604
0.728	31.308
0.743	33.604
0.744	33.889
0.798	37.963
0.723	30.751
0.787	37.8
0.757	35.786
0.837	45.639
0.763	36.368
0.772	36.614
0.849	49.525
0.854	50.624
0.78	37.643
0.845	48.232
0.838	47.155
0.761	36.036
0.787	37.8
0.845	48.232
0.822	42.867
0.828	43.596
0.812	42.385
0.835	45.08
0.828	43.596
0.847	48.678
0.851	49.646
0.818	42.436
0.822	42.867
0.778	37.213
0.853	50.304
0.775	36.934
0.802	38.275
0.799	38.253
0.775	36.934
0.726	31.035
0.772	36.614
0.832	44.634
0.831	44.119
0.853	50.304
0.83	43.816
0.723	30.751
0.847	48.678
0.744	33.889
0.726	31.035
0.778	37.213
0.763	36.368
0.758	35.883
0.833	44.735
0.837	45.639
0.836	45.333
0.831	44.119
0.746	35.628
0.78	37.643
0.821	42.571
0.846	48.385
0.804	38.58
0.803	38.566
0.851	49.646
0.836	45.333
0.833	44.735
0.83	43.816
0.82	42.499
0.818	42.436
0.798	37.963
0.757	35.786
0.846	48.385
0.758	35.883
0.832	44.634
0.821	42.571
0.82	42.499
0.802	38.275
0.799	38.253
0.804	38.58
0.803	38.566
0.863	54.302
0.673	26.804
0.712	30.601
0.728	31.308
0.743	33.604
0.854	50.624
0.838	47.155
0.787	37.8
0.845	48.232
0.812	42.385
0.828	43.596
0.775	36.934
0.723	30.751
