P=? [ F (x=9&y=9&crashed=0) ]	R{"cost"}=? [ C<=100 ]
0.863	54.267
0.751	32.946
0.751	32.946
0.863	54.267
0.859	53.226
0.853	49.113
0.778	33.356
0.838	44.6
0.842	48.435
0.798	37.29
0.781	33.829
0.798	37.29
0.781	33.829
0.818	40.612
0.822	42.971
0.814	39.553
0.834	43.739
0.803	38.942
0.819	42.246
0.845	49.033
0.853	49.113
0.835	43.876
0.842	48.435
0.815	39.89
0.834	43.739
0.822	42.971
0.843	48.705
0.8	38.314
0.799	37.574
0.814	39.553
0.803	38.942
0.778	33.356
0.861	53.815
0.837	44.295
0.816	40.19
0.821	42.672
0.801	38.803
0.8	38.314
0.821	42.672
0.819	42.246
0.816	40.19
0.837	44.295
0.861	53.815
0.78	33.694
0.78	33.694
0.844	49.011
0.862	53.968
0.799	37.574
0.862	53.968
0.802	38.855
0.802	38.855
0.801	38.803
0.844	49.011
0.751	32.946
0.863	54.267
0.798	37.29
0.781	33.829
0.834	43.739
0.853	49.113
0.842	48.435
0.816	40.19
0.803	38.942
0.778	33.356
0.837	44.295
0.8	38.314
0.821	42.672
0.819	42.246
0.861	53.815
0.78	33.694
0.799	37.574
0.862	53.968
0.802	38.855
0.801	38.803
0.844	49.011
0.863	54.267
0.751	32.946
0.781	33.829
0.834	43.739
0.853	49.113
0.816	40.19
0.803	38.942
0.837	44.295
0.8	38.314
0.821	42.672
0.78	33.694
0.799	37.574
0.862	53.968
0.802	38.855
0.801	38.803
0.844	49.011
0.751	32.946
0.863	54.267
0.781	33.829
0.816	40.19
0.803	38.942
0.853	49.113
0.837	44.295
0.8	38.314
0.821	42.672
0.78	33.694
