P=? [ F (x=9&y=9&crashed=0) ]	R{"cost"}=? [ C<=100 ]
0.846	48.593
0.846	48.593
0.625	25.957
0.65	26.187
0.843	47.761
0.838	43.758
0.725	29.148
0.832	42.505
0.822	39.19
0.628	26.134
0.675	26.731
0.67	26.394
0.695	26.741
0.737	30.799
0.801	37.71
0.815	37.817
0.822	39.19
0.843	47.761
0.794	35.493
0.762	32.121
0.737	30.799
0.71	27.727
0.754	31.377
0.795	36.515
0.712	28.41
0.832	42.505
0.746	31.375
0.77	32.225
0.776	32.929
0.755	31.593
0.838	43.758
0.76	31.699
0.705	27.253
0.72	29.005
0.716	28.521
0.707	27.705
0.701	26.96
0.821	38.779
0.671	26.528
0.791	34.978
0.836	43.336
0.836	43.336
0.789	34.783
0.833	42.568
0.779	33.403
0.783	33.944
0.8	37.625
0.798	37.162
0.797	36.878
0.793	35.429
0.742	31.187
0.739	31.037
0.834	42.903
0.701	26.96
0.834	42.903
0.785	34.146
0.817	37.889
0.787	34.364
0.773	32.708
0.772	32.405
0.719	28.922
0.779	33.403
0.705	27.253
0.798	37.162
0.697	26.831
0.741	31.049
0.738	30.809
0.82	38.715
0.819	38.381
0.818	38.215
0.716	28.521
0.746	31.375
0.791	34.978
0.789	34.783
0.796	36.807
0.795	36.515
0.719	28.922
0.674	26.651
0.628	26.134
0.781	33.701
0.712	28.41
0.815	37.817
0.76	31.699
0.781	33.701
0.67	26.394
0.77	32.225
0.762	32.121
0.78	33.596
0.696	26.765
0.742	31.187
0.8	37.625
0.784	33.96
0.772	32.405
0.787	34.364
0.793	35.429
0.819	38.381
0.818	38.215
0.775	32.873
0.773	32.708
0.775	32.873
