P=? [ F (x=9&y=9&crashed=0) ]	R{"cost"}=? [ C<=100 ]
0.846	54.453
0.695	26.775
0.846	54.453
0.695	26.775
0.837	44.457
0.842	53.082
0.768	31.627
0.742	31.365
0.826	43.084
0.726	27.391
0.701	27.167
0.821	39.251
0.736	28.123
0.738	30.946
0.797	37.14
0.808	37.746
0.808	37.746
0.78	33.64
0.816	37.774
0.794	36.417
0.833	43.566
0.793	35.078
0.826	43.084
0.821	39.251
0.786	33.86
0.697	27.083
0.701	27.167
0.842	53.082
0.729	27.736
0.779	32.943
0.845	53.962
0.844	53.305
0.834	43.854
0.774	31.887
0.797	37.14
0.834	43.854
0.726	27.391
0.796	36.99
0.794	36.417
0.777	32.297
0.775	32.263
0.733	27.906
0.732	27.772
0.845	53.962
0.833	43.566
0.729	27.736
0.736	28.123
0.771	31.696
0.778	32.673
0.788	34.277
0.787	33.904
0.793	35.078
0.792	34.709
0.791	34.672
0.789	34.32
0.796	36.99
0.82	38.968
0.819	38.65
0.817	38.091
0.82	38.968
0.818	38.373
0.817	38.091
0.819	38.65
0.818	38.373
0.741	31.088
0.779	32.943
0.778	32.673
0.697	27.083
0.789	34.32
0.791	34.672
0.786	33.86
0.78	33.64
0.733	27.906
0.738	30.946
0.844	53.305
0.843	53.103
0.773	31.83
0.772	31.727
0.74	31.059
0.739	30.975
0.771	31.696
0.773	31.83
0.787	33.904
0.788	34.277
0.792	34.709
0.732	27.772
0.777	32.297
0.775	32.263
0.772	31.727
0.741	31.088
0.739	30.975
0.74	31.059
0.816	37.774
0.843	53.103
0.695	26.775
0.846	54.453
0.808	37.746
0.826	43.084
0.821	39.251
0.842	53.082
