P=? [ F (x=9&y=9&crashed=0) ]	R{"cost"}=? [ C<=100 ]
-0.0	0.0
-0.0	0.0
0.846	49.334
0.846	49.334
0.674	26.77
0.674	26.77
0.842	48.422
0.699	27.18
0.821	38.997
0.838	44.574
0.824	42.478
0.712	30.447
0.75	32.162
0.774	34.952
0.77	33.486
0.699	27.18
0.724	30.84
0.817	38.077
0.801	38.023
0.798	37.261
0.723	30.598
0.796	36.609
0.845	49.265
0.784	36.546
0.772	34.256
0.773	34.312
0.778	35.809
0.712	30.447
0.797	36.975
0.799	37.904
0.743	31.486
0.731	31.248
0.786	36.599
0.713	30.482
0.775	35.441
0.762	33.271
0.743	31.486
0.742	31.369
0.836	44.15
0.834	43.686
0.838	44.574
0.82	38.761
0.819	38.63
0.818	38.208
0.778	35.809
0.827	43.026
0.825	42.612
0.755	32.461
0.735	31.258
0.731	31.248
0.753	32.221
0.833	43.548
0.784	36.546
0.756	32.777
0.777	35.684
0.837	44.285
0.735	31.258
0.77	33.486
0.83	43.51
0.824	42.478
0.755	32.461
0.76	33.057
0.759	32.84
0.829	43.376
0.828	43.16
0.762	33.271
0.834	43.686
0.836	44.15
0.825	42.612
0.827	43.026
0.845	49.265
0.761	33.2
0.76	33.057
0.837	44.285
0.829	43.376
0.828	43.16
0.818	38.208
0.819	38.63
0.776	35.562
0.776	35.562
0.775	35.441
0.799	37.904
0.753	32.221
0.713	30.482
0.772	34.256
0.801	38.023
0.742	31.369
0.761	33.2
0.786	36.599
0.817	38.077
0.83	43.51
0.757	32.815
0.756	32.777
0.758	32.838
0.757	32.815
0.796	36.609
0.759	32.84
0.758	32.838
0.674	26.77
0.743	31.486
