P=? [ F (x=9&y=9&crashed=0) ]	R{"cost"}=? [ C<=100 ]
0.726	32.0
0.726	32.0
0.917	65.829
0.917	65.829
0.779	33.859
0.733	32.083
0.803	38.957
0.899	60.416
0.779	33.859
0.882	55.339
0.906	65.313
0.803	38.957
0.865	50.468
0.889	59.363
0.868	53.888
0.834	43.863
0.824	40.612
0.815	39.025
0.85	48.642
0.848	45.841
0.733	32.083
0.897	60.14
0.824	40.612
0.834	43.863
0.915	65.667
0.907	65.417
0.89	59.561
0.889	59.363
0.906	65.313
0.727	32.002
0.858	49.513
0.873	54.574
0.839	44.903
0.817	39.586
0.878	54.797
0.844	45.037
0.861	49.541
0.853	48.859
0.864	50.303
0.838	44.579
0.872	54.241
0.862	49.686
0.89	59.561
0.881	55.06
0.868	53.888
0.855	49.378
0.837	44.409
0.822	40.381
0.821	39.899
0.915	65.667
0.817	39.586
0.82	39.834
0.854	49.235
0.848	45.841
0.863	49.964
0.847	45.648
0.846	45.329
0.863	49.964
0.836	44.265
0.835	44.008
0.907	65.417
0.82	39.834
0.85	48.642
0.878	54.797
0.873	54.574
0.87	54.091
0.846	45.329
0.847	45.648
0.845	45.136
0.823	40.424
0.87	54.091
0.835	44.008
0.836	44.265
0.871	54.098
0.854	49.235
0.852	48.718
0.898	60.278
0.898	60.278
0.855	49.378
0.844	45.037
0.839	44.903
0.879	54.928
0.88	54.942
0.845	45.136
0.851	48.71
0.821	39.899
0.823	40.424
0.822	40.381
0.88	54.942
0.879	54.928
0.852	48.718
0.851	48.71
0.871	54.098
0.733	32.083
0.824	40.612
0.834	43.863
0.889	59.363
0.906	65.313
0.89	59.561
0.868	53.888
