P=? [ F (x=9&y=9&crashed=0) ]	R{"cost"}=? [ C<=100 ]
0.726	32.939
0.908	65.423
0.726	32.939
0.908	65.423
0.802	39.754
0.852	49.222
0.866	54.328
0.886	59.884
0.9	60.863
0.848	45.837
0.865	50.467
0.883	55.608
0.767	36.85
0.798	39.134
0.812	43.535
0.745	36.691
0.746	36.773
0.786	38.04
0.745	36.691
0.77	37.309
0.817	44.105
0.899	60.223
0.829	44.157
0.9	60.863
0.781	37.394
0.812	43.535
0.89	60.2
0.87	54.447
0.878	54.812
0.859	49.411
0.841	44.601
0.8	39.543
0.87	54.447
0.836	44.449
0.829	44.157
0.834	44.257
0.883	55.608
0.815	43.701
0.785	37.77
0.881	55.0
0.863	49.96
0.889	60.005
0.878	54.812
0.886	59.884
0.844	44.983
0.782	37.48
0.801	39.728
0.86	49.462
0.844	44.983
0.842	44.649
0.882	55.283
0.88	54.857
0.785	37.77
0.782	37.48
0.882	55.283
0.845	45.264
0.864	50.193
0.813	43.63
0.864	50.193
0.847	45.607
0.816	43.928
0.842	44.649
0.862	49.811
0.768	37.054
0.861	49.607
0.847	45.607
0.846	45.413
0.859	49.411
0.816	43.928
0.769	37.215
0.768	37.054
0.836	44.449
0.862	49.811
0.846	45.413
0.845	45.264
0.861	49.607
0.835	44.304
0.889	60.005
0.834	44.257
0.769	37.215
0.781	37.394
0.746	36.773
0.813	43.63
0.817	44.105
0.835	44.304
0.88	54.857
0.899	60.223
0.89	60.2
0.908	65.423
0.726	32.939
0.745	36.691
0.9	60.863
0.87	54.447
0.829	44.157
0.883	55.608
0.886	59.884
0.844	44.983
0.782	37.48
0.882	55.283
0.864	50.193
