P=? [ F (x=9&y=9&crashed=0) ]	R{"cost"}=? [ C<=100 ]
0.856	49.864
0.856	49.864
0.679	26.853
0.84	48.738
0.792	35.38
0.824	43.647
0.736	31.193
0.801	37.997
0.839	45.098
0.823	40.591
0.756	31.248
0.698	27.331
0.853	49.202
0.72	29.57
0.736	31.193
0.683	26.982
0.72	29.57
0.761	31.857
0.807	39.086
0.817	39.419
0.833	44.205
0.77	32.174
0.787	34.208
0.71	28.44
0.783	33.54
0.778	33.536
0.705	28.105
0.775	33.293
0.819	39.87
0.791	34.838
0.802	38.021
0.822	40.188
0.818	39.448
0.761	31.857
0.713	28.738
0.803	38.457
0.758	31.294
0.833	44.205
0.824	43.647
0.702	27.63
0.772	32.735
0.771	32.224
0.837	44.507
0.789	34.553
0.71	28.44
0.84	48.738
0.774	32.835
0.786	33.893
0.717	29.321
0.789	34.553
0.823	40.591
0.702	27.63
0.683	26.982
0.704	27.895
0.705	28.105
0.817	39.419
0.807	39.086
0.821	40.137
0.77	32.174
0.839	45.098
0.838	44.788
0.855	49.558
0.806	38.781
0.715	29.042
0.758	31.294
0.699	27.365
0.712	28.732
0.805	38.624
0.791	34.838
0.838	44.788
0.716	29.052
0.682	26.976
0.704	27.895
0.699	27.365
0.778	33.536
0.784	33.662
0.775	33.293
0.834	44.314
0.786	33.893
0.784	33.662
0.773	32.768
0.836	44.422
0.718	29.361
0.855	49.558
0.854	49.363
0.757	31.253
0.718	29.361
0.805	38.624
0.803	38.457
0.854	49.363
0.806	38.781
0.82	39.991
0.715	29.042
0.712	28.732
0.682	26.976
0.82	39.991
0.836	44.422
0.834	44.314
0.774	32.835
0.771	32.224
