P=? [ F (x=9&y=9&crashed=0) ]	R{"cost"}=? [ C<=100 ]
0.879	55.49
0.752	32.892
0.879	55.49
0.752	32.892
0.851	48.623
0.862	50.194
0.846	45.665
0.865	53.974
0.825	43.407
0.77	32.974
0.824	40.636
0.778	33.839
0.794	37.172
0.788	34.956
0.792	35.65
0.807	38.706
0.815	38.982
0.867	54.346
0.788	34.956
0.778	33.839
0.857	49.102
0.835	44.046
0.873	54.381
0.831	43.691
0.842	44.531
0.796	37.562
0.843	44.91
0.878	55.343
0.773	33.007
0.799	38.328
0.802	38.344
0.817	39.025
0.794	37.172
0.798	38.147
0.797	37.584
0.866	54.118
0.833	43.712
0.865	53.974
0.857	49.102
0.805	38.645
0.791	35.462
0.789	34.991
0.831	43.691
0.815	38.982
0.807	38.706
0.776	33.621
0.774	33.179
0.77	32.974
0.823	40.444
0.822	40.016
0.805	38.645
0.861	50.051
0.86	49.635
0.877	54.929
0.818	39.416
0.802	38.344
0.845	45.473
0.844	45.105
0.792	35.65
0.791	35.462
0.821	39.863
0.819	39.5
0.774	33.179
0.821	39.863
0.839	44.453
0.838	44.13
0.825	43.407
0.819	39.5
0.776	33.621
0.875	54.629
0.874	54.413
0.859	49.462
0.858	49.247
0.789	34.991
0.837	44.105
0.84	44.477
0.833	43.712
0.844	45.105
0.823	40.444
0.824	40.636
0.845	45.473
0.798	38.147
0.777	33.661
0.86	49.635
0.859	49.462
0.822	40.016
0.876	54.781
0.875	54.629
0.877	54.929
0.876	54.781
0.858	49.247
0.861	50.051
0.818	39.416
0.837	44.105
0.84	44.477
0.817	39.025
0.777	33.661
0.873	54.381
0.867	54.346
0.874	54.413
