P=? [ F (x=9&y=9&crashed=0) ]	R{"cost"}=? [ C<=100 ]
0.899	55.195
0.718	28.138
0.899	55.195
0.745	29.325
0.84	38.661
0.882	52.736
0.881	49.933
0.759	32.495
0.821	38.179
0.745	29.325
0.773	33.4
0.852	39.442
0.856	42.825
0.855	40.046
0.79	33.869
0.871	44.947
0.897	54.714
0.872	47.442
0.897	54.714
0.82	37.727
0.806	37.007
0.805	34.918
0.882	52.736
0.759	32.495
0.793	34.514
0.808	37.266
0.803	34.685
0.879	49.217
0.873	47.663
0.772	32.944
0.764	32.919
0.857	43.455
0.873	47.663
0.869	44.756
0.863	44.155
0.879	49.217
0.869	44.756
0.88	49.24
0.856	42.825
0.863	44.155
0.861	43.995
0.857	43.455
0.854	39.873
0.821	38.179
0.861	43.995
0.79	33.869
0.773	33.4
0.82	37.727
0.808	37.266
0.763	32.782
0.76	32.511
0.763	32.782
0.76	32.511
0.791	34.122
0.853	39.68
0.804	34.916
0.872	47.442
0.792	34.299
0.853	39.68
0.871	44.947
0.792	34.299
0.791	34.122
0.855	40.046
0.803	34.685
0.862	44.016
0.807	37.136
0.807	37.136
0.806	37.007
0.772	32.944
0.764	32.919
0.88	49.24
0.862	44.016
0.805	34.918
0.804	34.916
0.899	55.195
0.745	29.325
0.897	54.714
0.882	52.736
0.759	32.495
0.873	47.663
0.879	49.217
0.869	44.756
0.856	42.825
0.863	44.155
0.821	38.179
0.861	43.995
0.82	37.727
0.808	37.266
0.76	32.511
0.872	47.442
0.853	39.68
0.871	44.947
0.792	34.299
0.791	34.122
0.803	34.685
0.855	40.046
0.807	37.136
0.806	37.007
0.772	32.944
0.88	49.24
