P=? [ F (x=9&y=9&crashed=0) ]	R{"cost"}=? [ C<=100 ]
0.756	46.314
0.622	23.302
0.756	46.314
0.622	23.302
0.634	27.03
0.721	37.801
0.747	45.554
0.742	42.678
0.725	40.573
0.645	27.268
0.675	31.26
0.672	28.931
0.702	35.874
0.7	33.589
0.634	27.03
0.733	41.078
0.727	40.839
0.748	45.805
0.651	27.456
0.754	46.063
0.747	45.554
0.742	42.678
0.668	27.935
0.709	36.382
0.734	41.349
0.658	27.723
0.684	31.875
0.663	27.862
0.704	35.994
0.69	32.194
0.656	27.506
0.717	36.954
0.678	31.566
0.713	36.917
0.661	27.741
0.738	41.926
0.672	28.931
0.738	41.926
0.734	41.349
0.687	31.894
0.694	32.348
0.725	40.573
0.682	31.693
0.649	27.324
0.7	33.589
0.695	32.363
0.671	28.686
0.67	28.222
0.711	36.546
0.689	32.014
0.657	27.507
0.709	36.382
0.704	35.994
0.683	31.706
0.675	31.26
0.71	36.503
0.72	37.469
0.699	33.275
0.676	31.268
0.65	27.325
0.698	33.115
0.697	32.819
0.688	31.908
0.696	32.649
0.702	35.874
0.754	46.063
0.748	45.805
0.726	40.586
0.741	42.43
0.741	42.43
0.74	42.184
0.671	28.686
0.712	36.791
0.733	41.078
0.727	40.839
0.72	37.469
0.719	37.249
0.718	37.126
0.697	32.819
0.696	32.649
0.677	31.4
0.67	28.222
0.669	28.062
0.699	33.275
0.698	33.115
0.755	46.157
0.74	42.184
0.739	42.029
0.694	32.348
0.69	32.194
0.677	31.4
0.682	31.693
0.669	28.062
0.678	31.566
0.712	36.791
0.719	37.249
0.718	37.126
0.703	35.981
0.662	27.846
0.739	42.029
