P=? [ F (x=9&y=9&crashed=0) ]	R{"cost"}=? [ C<=100 ]
0.766	51.57
0.766	51.57
0.639	27.334
0.758	50.858
0.749	45.922
0.757	46.658
0.742	42.645
0.65	27.381
0.703	35.969
0.699	33.129
0.676	31.475
0.672	28.683
0.726	40.459
0.721	37.942
0.749	45.922
0.742	42.645
0.756	46.408
0.716	37.069
0.721	37.942
0.681	31.72
0.727	40.718
0.726	40.459
0.736	41.994
0.69	32.125
0.695	32.363
0.705	36.314
0.657	27.575
0.732	41.127
0.662	27.753
0.712	36.776
0.683	31.884
0.699	33.129
0.759	51.077
0.655	27.42
0.688	31.927
0.74	42.246
0.672	28.683
0.663	27.862
0.718	37.189
0.677	31.534
0.676	31.475
0.763	51.361
0.765	51.394
0.741	42.375
0.709	36.48
0.703	35.969
0.667	27.939
0.669	27.959
0.756	46.408
0.763	51.361
0.72	37.523
0.735	41.578
0.732	41.127
0.727	40.718
0.704	35.976
0.67	28.289
0.735	41.578
0.734	41.274
0.712	36.776
0.759	51.077
0.671	28.57
0.67	28.289
0.711	36.508
0.74	42.246
0.736	41.994
0.757	46.658
0.695	32.363
0.69	32.125
0.698	32.908
0.668	27.94
0.697	32.715
0.696	32.519
0.689	31.929
0.698	32.908
0.697	32.715
0.72	37.523
0.719	37.331
0.677	31.534
0.662	27.753
0.657	27.575
0.709	36.48
0.705	36.314
0.696	32.519
0.719	37.331
0.656	27.441
0.682	31.85
0.733	41.24
0.671	28.57
0.667	27.939
0.663	27.862
0.688	31.927
0.683	31.884
0.655	27.42
0.734	41.274
0.733	41.24
0.682	31.85
0.656	27.441
0.711	36.508
0.71	36.494
0.71	36.494
