P=? [ F (x=9&y=9&crashed=0) ]	R{"cost"}=? [ C<=100 ]
0.794	56.395
0.611	33.769
0.611	33.769
0.794	56.395
0.627	35.552
0.691	35.656
0.783	54.962
0.78	51.656
0.767	49.178
0.765	47.29
0.71	39.302
0.701	37.67
0.744	44.143
0.743	42.945
0.789	55.825
0.71	39.302
0.695	36.154
0.701	37.67
0.767	49.178
0.696	37.02
0.768	50.014
0.714	39.62
0.734	41.843
0.737	42.083
0.622	34.093
0.784	55.182
0.617	33.875
0.727	40.572
0.693	35.821
0.719	39.681
0.753	45.719
0.752	45.042
0.784	55.182
0.617	33.875
0.792	56.081
0.699	37.357
0.75	44.738
0.731	41.445
0.748	44.554
0.73	41.019
0.722	40.066
0.748	44.554
0.773	50.777
0.77	50.256
0.727	40.572
0.722	40.066
0.612	33.78
0.721	40.02
0.783	54.962
0.756	46.295
0.739	42.375
0.742	42.871
0.751	44.872
0.744	44.143
0.626	35.261
0.625	34.866
0.697	37.281
0.769	50.234
0.79	55.869
0.762	46.772
0.759	46.454
0.791	56.059
0.72	39.685
0.755	45.968
0.732	41.457
0.728	40.768
0.777	51.137
0.775	51.009
0.779	51.637
0.778	51.328
0.764	47.274
0.763	46.971
0.623	34.385
0.773	50.777
0.626	35.261
0.694	36.098
0.625	34.866
0.624	34.59
0.77	50.256
0.78	51.656
0.696	37.02
0.7	37.617
0.73	41.019
0.728	40.768
0.741	42.623
0.761	46.738
0.712	39.598
0.754	45.956
0.753	45.719
0.74	42.608
0.691	35.656
0.768	50.014
0.622	34.093
0.624	34.59
0.623	34.385
0.733	41.641
0.763	46.971
0.738	42.281
0.76	46.65
0.778	51.328
