P=? [ F (x=9&y=9&crashed=0) ]	R{"cost"}=? [ C<=100 ]
0.811	62.816
0.593	30.322
0.811	62.816
0.624	34.694
0.654	35.366
0.654	35.366
0.807	62.443
0.796	58.953
0.676	35.422
0.781	52.931
0.607	33.437
0.785	55.584
0.796	58.953
0.594	30.634
0.607	33.437
0.689	35.783
0.71	39.538
0.677	35.616
0.594	30.634
0.718	40.382
0.751	44.619
0.742	42.814
0.707	38.085
0.795	57.577
0.807	62.443
0.751	44.619
0.729	40.651
0.742	42.814
0.611	34.036
0.696	36.191
0.76	46.578
0.793	56.463
0.794	57.437
0.772	50.412
0.779	52.445
0.778	51.243
0.767	48.816
0.765	47.655
0.769	49.345
0.698	36.953
0.618	34.366
0.617	34.067
0.69	36.08
0.703	37.135
0.707	38.085
0.758	46.208
0.737	41.856
0.716	39.908
0.785	55.584
0.777	51.235
0.756	45.985
0.71	39.538
0.755	45.548
0.789	55.882
0.704	37.467
0.704	37.467
0.769	49.345
0.763	46.917
0.765	47.655
0.81	62.675
0.808	62.578
0.772	50.412
0.611	34.036
0.697	36.492
0.732	41.399
0.731	40.939
0.741	42.51
0.789	55.882
0.73	40.743
0.764	47.224
0.78	52.876
0.779	52.445
0.717	39.951
0.752	45.039
0.775	50.819
0.775	50.819
0.774	50.597
0.791	56.067
0.716	39.908
0.767	48.816
0.735	41.673
0.763	46.917
0.735	41.673
0.754	45.467
0.753	45.136
0.618	34.366
0.768	49.028
0.738	42.168
0.764	47.224
0.739	42.325
0.697	36.492
0.729	40.651
0.718	40.382
0.733	41.482
0.792	56.288
0.768	49.028
0.731	40.939
0.733	41.482
0.791	56.067
0.774	50.597
