P=? [ F (x=9&y=9&crashed=0) ]	R{"cost"}=? [ C<=100 ]
0.812	67.17
0.649	31.856
0.812	67.17
0.649	31.856
0.69	35.795
0.711	39.964
0.667	35.442
0.762	46.913
0.672	35.766
0.811	66.886
0.805	63.166
0.764	50.472
0.653	31.897
0.775	54.894
0.667	35.442
0.774	52.021
0.653	31.897
0.743	44.677
0.74	42.551
0.796	61.109
0.793	60.553
0.79	58.251
0.704	37.688
0.75	46.427
0.759	46.449
0.721	40.575
0.699	36.629
0.711	39.964
0.69	35.795
0.704	37.688
0.79	58.251
0.789	57.079
0.736	41.886
0.811	66.886
0.805	63.166
0.73	41.885
0.8	61.962
0.785	55.868
0.787	56.283
0.783	55.615
0.702	37.175
0.8	61.962
0.699	36.629
0.721	40.575
0.77	51.294
0.773	51.493
0.671	35.679
0.703	37.335
0.769	50.816
0.652	31.871
0.788	56.958
0.74	42.551
0.725	41.389
0.802	62.184
0.745	44.861
0.76	46.871
0.771	51.4
0.786	56.19
0.743	44.677
0.777	55.093
0.793	60.553
0.749	46.145
0.747	45.548
0.774	52.021
0.781	55.535
0.765	50.476
0.749	46.145
0.747	45.548
0.78	55.523
0.767	50.564
0.803	62.619
0.724	40.954
0.78	55.523
0.777	55.093
0.746	45.288
0.737	42.3
0.7	36.824
0.723	40.77
0.794	60.72
0.794	60.72
0.7	36.824
0.804	62.902
0.803	62.619
0.804	62.902
0.746	45.288
0.762	46.913
0.727	41.641
0.725	41.389
0.671	35.679
0.738	42.319
0.738	42.319
0.727	41.641
0.802	62.184
0.768	50.785
0.764	50.472
0.729	41.866
0.728	41.652
0.723	40.77
0.745	44.861
0.724	40.954
