P=? [ F (x=9&y=9&crashed=0) ]	R{"cost"}=? [ C<=100 ]
0.619	26.511
0.827	57.981
0.811	53.109
0.69	27.865
0.65	27.046
0.825	57.645
0.8	52.126
0.693	31.034
0.795	48.676
0.783	46.928
0.779	43.569
0.715	31.222
0.757	40.567
0.63	26.712
0.648	27.022
0.756	38.084
0.692	30.673
0.691	28.223
0.825	57.645
0.63	26.712
0.742	35.905
0.72	31.978
0.751	36.93
0.621	26.672
0.795	48.676
0.775	42.499
0.738	35.118
0.734	33.993
0.728	32.77
0.751	36.93
0.742	35.905
0.802	52.363
0.65	27.046
0.728	32.77
0.762	41.892
0.808	52.438
0.769	42.416
0.779	43.569
0.8	52.126
0.76	41.401
0.757	40.567
0.734	33.993
0.69	27.865
0.72	31.978
0.767	42.103
0.755	37.77
0.787	47.589
0.81	52.894
0.738	35.118
0.791	47.764
0.783	46.928
0.794	48.107
0.718	31.415
0.776	42.647
0.786	47.316
0.826	57.775
0.76	41.401
0.74	35.385
0.768	42.278
0.648	27.022
0.778	43.172
0.785	47.242
0.752	37.115
0.73	32.798
0.732	33.392
0.731	33.025
0.733	33.626
0.692	30.673
0.691	28.223
0.719	31.636
0.715	31.222
0.793	47.929
0.791	47.764
0.717	31.242
0.756	38.084
0.778	43.172
0.777	42.858
0.754	37.474
0.753	37.161
0.809	52.581
0.761	41.585
0.754	37.474
0.741	35.613
0.733	33.626
0.732	33.392
0.741	35.613
0.731	33.025
0.802	52.363
0.719	31.636
0.767	42.103
0.777	42.858
0.762	41.892
0.621	26.672
0.693	31.034
0.761	41.585
0.794	48.107
0.739	35.296
0.787	47.589
0.784	47.073
0.793	47.929
