P=? [ F (x=9&y=9&crashed=0) ]	R{"cost"}=? [ C<=100 ]
0.775	47.66
0.616	23.449
0.616	23.449
0.775	47.66
0.774	43.291
0.674	27.592
0.768	41.95
0.759	38.732
0.689	31.006
0.653	26.862
0.709	31.019
0.646	26.462
0.617	26.246
0.629	26.445
0.628	26.434
0.759	38.732
0.618	26.277
0.768	41.95
0.686	30.724
0.681	29.348
0.745	36.892
0.675	27.832
0.647	26.667
0.75	36.983
0.736	34.615
0.681	29.348
0.773	43.228
0.68	29.187
0.674	27.592
0.653	26.862
0.733	33.739
0.744	36.189
0.678	28.37
0.652	26.833
0.738	35.251
0.686	30.724
0.731	33.151
0.752	37.102
0.722	32.553
0.772	42.681
0.678	28.37
0.73	33.019
0.735	34.493
0.734	34.021
0.754	37.494
0.77	42.348
0.728	32.764
0.679	28.756
0.718	31.406
0.687	30.739
0.729	32.799
0.679	28.756
0.72	32.01
0.719	31.667
0.757	38.134
0.756	37.81
0.713	31.197
0.711	31.035
0.758	38.418
0.721	32.321
0.72	32.01
0.732	33.459
0.744	36.189
0.743	35.897
0.758	38.418
0.757	38.134
0.734	34.021
0.732	33.459
0.719	31.667
0.688	30.984
0.726	32.672
0.772	42.681
0.771	42.44
0.726	32.672
0.724	32.589
0.753	37.261
0.721	32.321
0.756	37.81
0.755	37.579
0.769	42.126
0.724	32.589
0.716	31.237
0.715	31.213
0.769	42.126
0.74	35.441
0.739	35.268
0.738	35.251
0.718	31.406
0.716	31.237
0.711	31.035
0.713	31.197
0.652	26.833
0.709	31.019
0.753	37.261
0.618	26.277
0.741	35.597
0.74	35.441
0.742	35.748
0.741	35.597
0.743	35.897
