P=? [ F (x=9&y=9&crashed=0) ]	R{"cost"}=? [ C<=100 ]
0.628	26.437
0.812	53.19
0.812	53.19
0.628	26.437
0.686	30.574
0.664	28.192
0.807	52.39
0.797	48.737
0.783	46.916
0.759	40.663
0.781	43.784
0.758	38.596
0.708	31.039
0.647	26.799
0.631	26.675
0.692	30.889
0.654	27.212
0.745	36.55
0.797	48.737
0.768	41.923
0.807	52.39
0.659	28.127
0.731	33.149
0.768	41.923
0.759	40.663
0.653	26.853
0.71	31.122
0.811	52.883
0.728	32.758
0.718	31.499
0.796	48.34
0.775	42.532
0.723	32.757
0.715	31.215
0.647	26.799
0.735	34.544
0.755	37.558
0.787	47.406
0.751	37.063
0.744	36.194
0.78	43.347
0.738	35.245
0.735	34.544
0.734	34.016
0.659	28.127
0.783	46.916
0.732	33.612
0.691	30.878
0.781	43.784
0.795	47.98
0.771	42.408
0.629	26.66
0.79	47.429
0.769	42.302
0.752	37.067
0.753	37.437
0.751	37.063
0.808	52.579
0.787	47.406
0.721	32.324
0.72	31.87
0.757	38.143
0.739	35.268
0.742	35.75
0.734	34.016
0.732	33.612
0.791	47.498
0.715	31.215
0.756	37.932
0.792	47.676
0.738	35.245
0.808	52.579
0.691	30.878
0.708	31.039
0.728	32.758
0.722	32.603
0.721	32.324
0.631	26.675
0.771	42.408
0.794	47.934
0.792	47.676
0.74	35.512
0.777	42.949
0.776	42.713
0.743	35.976
0.719	31.718
0.743	35.976
0.757	38.143
0.756	37.932
0.741	35.71
0.74	35.512
0.794	47.934
0.776	42.713
0.779	43.218
0.778	43.037
0.722	32.603
0.72	31.87
0.719	31.718
0.692	30.889
0.779	43.218
