P=? [ F (x=9&y=9&crashed=0) ]	R{"cost"}=? [ C<=100 ]
0.764	51.124
0.646	27.392
0.646	27.392
0.764	51.124
0.758	46.799
0.677	31.462
0.704	36.113
0.748	45.71
0.743	42.841
0.7	33.565
0.726	40.663
0.722	38.188
0.673	29.09
0.756	46.307
0.717	36.89
0.727	40.923
0.733	41.118
0.75	46.206
0.656	27.527
0.668	27.957
0.758	46.799
0.69	32.241
0.65	27.506
0.748	45.71
0.662	27.928
0.743	42.841
0.722	38.188
0.712	36.743
0.721	37.768
0.704	36.113
0.726	40.663
0.7	33.565
0.673	29.09
0.694	32.398
0.708	36.395
0.739	42.003
0.684	31.891
0.736	41.807
0.65	27.506
0.671	28.458
0.688	32.071
0.658	27.699
0.741	42.44
0.679	31.809
0.682	31.836
0.661	27.897
0.658	27.699
0.672	28.853
0.684	31.891
0.757	46.671
0.709	36.478
0.699	33.324
0.698	32.99
0.67	28.437
0.669	28.105
0.698	32.99
0.697	32.673
0.749	46.02
0.708	36.395
0.72	37.487
0.74	42.269
0.735	41.576
0.734	41.311
0.699	33.324
0.672	28.853
0.735	41.576
0.682	31.836
0.656	27.527
0.72	37.487
0.719	37.265
0.742	42.622
0.678	31.665
0.661	27.897
0.739	42.003
0.736	41.807
0.727	40.923
0.733	41.118
0.734	41.311
0.719	37.265
0.718	37.075
0.749	46.02
0.718	37.075
0.742	42.622
0.688	32.071
0.74	42.269
0.689	32.076
0.711	36.579
0.694	32.398
0.669	28.105
0.712	36.743
0.678	31.665
0.695	32.528
0.757	46.671
0.697	32.673
0.696	32.546
0.756	46.307
0.75	46.206
0.71	36.538
0.711	36.579
0.71	36.538
