P=? [ F (x=9&y=9&crashed=0) ]	R{"cost"}=? [ C<=100 ]
0.788	56.271
0.673	32.132
0.788	56.271
0.786	55.705
0.699	36.176
0.686	33.051
0.733	41.172
0.747	45.713
0.774	52.317
0.774	52.317
0.769	50.58
0.759	47.358
0.722	38.169
0.743	42.789
0.716	36.977
0.722	38.169
0.759	47.358
0.685	32.949
0.674	32.181
0.707	36.797
0.769	50.58
0.701	36.49
0.737	41.886
0.74	42.225
0.707	36.797
0.773	51.366
0.749	46.048
0.743	42.789
0.754	46.074
0.685	32.949
0.674	32.181
0.758	46.708
0.77	50.633
0.755	46.086
0.721	37.728
0.773	51.366
0.772	50.994
0.787	56.076
0.718	37.317
0.734	41.493
0.756	46.395
0.771	50.942
0.735	41.58
0.735	41.58
0.758	46.708
0.757	46.415
0.741	42.514
0.718	37.317
0.748	45.973
0.742	42.548
0.72	37.589
0.719	37.39
0.787	56.076
0.7	36.333
0.7	36.333
0.721	37.728
0.72	37.589
0.734	41.493
0.748	45.973
0.719	37.39
0.772	50.994
0.771	50.942
0.742	42.548
0.741	42.514
0.754	46.074
0.749	46.048
0.757	46.415
0.756	46.395
0.788	56.271
0.774	52.317
0.722	38.169
0.769	50.58
0.707	36.797
0.743	42.789
0.685	32.949
0.773	51.366
0.758	46.708
0.718	37.317
0.787	56.076
0.7	36.333
0.721	37.728
0.735	41.58
0.734	41.493
0.719	37.39
0.772	50.994
0.771	50.942
0.742	42.548
0.754	46.074
0.757	46.415
0.756	46.395
0.788	56.271
0.774	52.317
0.722	38.169
0.769	50.58
0.743	42.789
0.685	32.949
0.773	51.366
0.758	46.708
0.787	56.076
0.721	37.728
