P=? [ F (x=9&y=9&crashed=0) ]	R{"cost"}=? [ C<=100 ]
0.821	57.39
0.618	26.291
0.821	57.39
0.618	26.291
0.681	30.892
0.646	26.81
0.818	57.124
0.71	31.068
0.811	52.691
0.796	48.061
0.799	51.517
0.782	46.753
0.78	43.437
0.76	41.647
0.759	38.698
0.666	28.748
0.68	30.63
0.68	30.63
0.666	28.748
0.712	31.238
0.718	31.527
0.658	28.106
0.818	57.124
0.753	37.452
0.745	36.387
0.654	27.058
0.74	35.536
0.811	52.691
0.731	33.179
0.726	33.169
0.664	28.223
0.746	37.138
0.788	47.432
0.808	52.336
0.776	42.722
0.793	47.655
0.736	34.67
0.763	41.911
0.772	42.681
0.803	52.093
0.736	34.67
0.787	47.076
0.74	35.536
0.748	37.275
0.742	35.829
0.768	41.955
0.725	32.984
0.732	33.565
0.81	52.604
0.654	27.058
0.653	26.874
0.77	42.343
0.786	46.82
0.799	51.517
0.744	36.19
0.769	42.091
0.724	32.626
0.784	46.778
0.66	28.136
0.658	28.106
0.649	26.839
0.723	32.598
0.754	37.669
0.791	47.515
0.721	32.115
0.719	31.682
0.755	37.763
0.734	34.13
0.733	33.715
0.808	52.336
0.777	42.945
0.78	43.437
0.779	43.223
0.721	32.115
0.758	38.486
0.757	38.15
0.748	37.275
0.735	34.343
0.665	28.43
0.719	31.682
0.722	32.305
0.801	51.783
0.795	47.926
0.779	43.223
0.777	42.945
0.795	47.926
0.801	51.783
0.803	52.093
0.66	28.136
0.791	47.515
0.735	34.343
0.734	34.13
0.761	41.706
0.759	38.698
0.758	38.486
0.743	35.979
0.757	38.15
0.756	37.942
0.665	28.43
0.761	41.706
