P=? [ F (x=9&y=9&crashed=0) ]	R{"cost"}=? [ C<=100 ]
0.788	47.864
0.625	23.291
0.788	47.864
0.625	23.291
0.684	27.316
0.653	26.857
0.783	47.148
0.773	43.301
0.759	40.92
0.627	23.317
0.646	26.459
0.646	26.459
0.692	28.667
0.711	31.046
0.627	23.317
0.711	31.046
0.692	28.667
0.758	38.571
0.773	43.301
0.769	41.976
0.783	47.148
0.745	36.936
0.769	41.976
0.759	40.92
0.737	35.128
0.735	34.128
0.689	28.045
0.744	36.221
0.786	47.466
0.771	42.603
0.647	26.676
0.653	26.857
0.75	36.983
0.742	35.794
0.687	27.482
0.734	34.072
0.691	28.61
0.69	28.08
0.651	26.819
0.786	47.466
0.684	27.316
0.751	36.989
0.727	32.692
0.772	42.885
0.725	32.669
0.77	42.345
0.716	31.447
0.755	37.714
0.754	37.353
0.722	32.304
0.757	38.301
0.756	37.943
0.72	32.033
0.719	31.681
0.732	33.495
0.731	33.144
0.733	33.737
0.729	33.105
0.728	32.791
0.724	32.61
0.722	32.304
0.752	37.285
0.714	31.108
0.651	26.819
0.74	35.425
0.738	35.138
0.772	42.885
0.686	27.372
0.758	38.571
0.757	38.301
0.74	35.425
0.687	27.482
0.77	42.345
0.741	35.544
0.733	33.737
0.732	33.495
0.744	36.221
0.743	35.989
0.756	37.943
0.755	37.714
0.753	37.302
0.715	31.235
0.724	32.61
0.721	32.096
0.685	27.356
0.735	34.128
0.719	31.681
0.743	35.989
0.718	31.486
0.712	31.087
0.73	33.118
0.717	31.45
0.713	31.09
0.738	35.138
0.737	35.128
0.647	26.676
0.715	31.235
0.741	35.544
0.728	32.791
0.721	32.096
