P=? [ F (x=9&y=9&crashed=0) ]	R{"cost"}=? [ C<=100 ]
0.661	28.797
0.851	51.331
0.851	51.331
0.661	28.797
0.704	30.861
0.83	47.089
0.837	50.129
0.689	30.079
0.712	33.286
0.799	44.039
0.798	42.066
0.678	29.808
0.769	38.425
0.764	36.646
0.704	30.861
0.738	34.441
0.728	34.329
0.748	35.557
0.784	40.403
0.848	50.924
0.758	35.777
0.815	45.623
0.712	33.286
0.841	50.794
0.72	34.283
0.779	40.398
0.79	40.415
0.687	30.035
0.83	47.089
0.727	34.325
0.807	45.115
0.795	41.074
0.815	45.623
0.8	44.396
0.837	50.129
0.668	29.606
0.665	29.439
0.821	45.631
0.826	46.332
0.805	44.902
0.769	38.425
0.673	29.695
0.792	40.556
0.673	29.695
0.796	41.626
0.825	46.028
0.764	36.646
0.778	40.007
0.777	39.465
0.838	50.214
0.807	45.115
0.823	45.767
0.805	44.902
0.8	44.396
0.759	35.817
0.773	39.096
0.772	38.761
0.84	50.427
0.747	35.407
0.763	36.574
0.794	40.903
0.77	38.549
0.665	29.439
0.716	33.68
0.797	42.03
0.796	41.626
0.775	39.133
0.778	40.007
0.761	36.043
0.717	33.716
0.714	33.541
0.848	50.924
0.799	44.039
0.743	34.771
0.718	33.938
0.718	33.938
0.771	38.729
0.742	34.696
0.828	46.827
0.827	46.636
0.776	39.404
0.762	36.305
0.762	36.305
0.828	46.827
0.745	35.191
0.744	34.932
0.714	33.541
0.742	34.696
0.739	34.449
0.739	34.449
0.687	30.035
0.761	36.043
0.667	29.503
0.758	35.777
0.748	35.557
0.84	50.427
0.746	35.212
0.827	46.636
0.806	45.092
0.793	40.743
