P=? [ F (x=9&y=9&crashed=0) ]	R{"cost"}=? [ C<=100 ]
0.851	50.942
0.668	28.913
0.668	28.913
0.851	50.942
0.69	32.941
0.845	50.16
0.828	46.431
0.669	30.125
0.669	30.125
0.799	44.299
0.798	41.575
0.69	32.941
0.712	33.148
0.763	36.526
0.814	44.95
0.828	46.431
0.764	38.572
0.759	35.827
0.845	50.16
0.725	34.052
0.801	44.77
0.747	35.625
0.791	40.425
0.782	39.986
0.735	34.057
0.742	34.693
0.717	33.54
0.725	34.052
0.816	45.297
0.782	39.986
0.763	36.526
0.775	39.568
0.771	38.664
0.74	34.4
0.765	38.624
0.821	45.526
0.774	38.994
0.759	35.827
0.791	40.425
0.746	35.623
0.717	33.54
0.778	39.694
0.847	50.176
0.827	46.303
0.74	34.4
0.745	35.187
0.8	44.722
0.799	44.299
0.778	39.694
0.736	34.071
0.744	35.062
0.773	38.901
0.793	40.752
0.825	45.919
0.816	45.297
0.736	34.071
0.793	40.752
0.716	33.413
0.744	35.062
0.715	33.403
0.794	40.996
0.713	33.159
0.85	50.749
0.849	50.514
0.821	45.526
0.826	46.083
0.848	50.394
0.712	33.148
0.747	35.625
0.85	50.749
0.798	41.575
0.797	41.387
0.801	44.77
0.824	45.852
0.823	45.674
0.826	46.083
0.797	41.387
0.796	41.231
0.772	38.748
0.796	41.231
0.795	41.09
0.713	33.159
0.715	33.403
0.745	35.187
0.776	39.57
0.776	39.57
0.849	50.514
0.848	50.394
0.795	41.09
0.794	40.996
0.774	38.994
0.822	45.619
0.772	38.748
0.824	45.852
0.823	45.674
0.822	45.619
0.764	38.572
0.8	44.722
0.771	38.664
0.765	38.624
