P=? [ F (x=9&y=9&crashed=0) ]	R{"cost"}=? [ C<=100 ]
0.802	57.371
0.646	32.791
0.646	32.791
0.802	57.371
0.791	52.239
0.794	52.718
0.786	48.579
0.769	47.082
0.764	44.28
0.68	34.67
0.676	33.4
0.657	32.915
0.733	38.886
0.665	33.346
0.738	41.64
0.737	39.847
0.692	34.677
0.794	52.718
0.755	43.43
0.702	36.562
0.696	35.33
0.754	42.975
0.777	47.532
0.657	32.915
0.764	44.28
0.786	48.579
0.76	43.479
0.716	37.508
0.664	33.314
0.71	37.433
0.702	36.562
0.736	39.235
0.678	33.949
0.727	38.643
0.694	34.732
0.696	35.33
0.739	42.072
0.771	47.249
0.678	33.949
0.769	47.082
0.776	47.475
0.709	37.256
0.782	47.757
0.737	39.847
0.695	35.329
0.793	52.287
0.75	42.958
0.784	47.994
0.742	42.24
0.745	42.457
0.742	42.24
0.738	41.64
0.763	43.861
0.785	48.161
0.725	38.6
0.727	38.643
0.664	33.314
0.783	47.774
0.72	37.982
0.707	37.061
0.736	39.235
0.747	42.777
0.723	38.389
0.718	37.731
0.721	38.112
0.723	38.389
0.721	38.112
0.748	42.799
0.705	37.004
0.716	37.508
0.776	47.475
0.771	47.249
0.782	47.757
0.718	37.731
0.745	42.457
0.707	37.061
0.676	33.4
0.761	43.676
0.704	36.927
0.703	36.731
0.703	36.731
0.746	42.626
0.739	42.072
0.785	48.161
0.724	38.554
0.68	34.67
0.719	37.886
0.746	42.626
0.763	43.861
0.762	43.718
0.77	47.152
0.719	37.886
0.749	42.863
0.704	36.927
0.71	37.433
0.77	47.152
0.749	42.863
0.705	37.004
0.693	34.683
0.793	52.287
