P=? [ F (x=9&y=9&crashed=0) ]	R{"cost"}=? [ C<=100 ]
0.879	54.469
0.613	22.615
0.879	54.469
0.613	22.615
0.677	27.933
0.743	28.379
0.871	53.314
0.863	49.413
0.836	43.242
0.853	48.346
0.642	23.231
0.828	39.606
0.846	44.687
0.754	29.709
0.755	32.507
0.794	37.233
0.792	35.065
0.65	26.694
0.646	24.418
0.677	27.933
0.663	27.456
0.777	32.7
0.822	38.571
0.764	32.652
0.828	39.606
0.812	38.538
0.854	48.598
0.799	37.489
0.651	26.847
0.846	44.687
0.659	26.852
0.646	24.418
0.854	48.598
0.786	34.021
0.825	39.076
0.788	34.033
0.839	43.404
0.825	39.076
0.782	33.356
0.744	28.521
0.759	32.651
0.748	29.306
0.645	23.953
0.764	32.652
0.841	43.918
0.789	34.546
0.65	26.694
0.792	35.065
0.782	33.356
0.803	37.899
0.747	28.826
0.663	27.456
0.844	44.116
0.743	28.379
0.842	44.084
0.78	33.022
0.643	23.54
0.808	38.129
0.751	29.415
0.645	23.953
0.643	23.54
0.79	34.677
0.786	34.021
0.801	37.655
0.662	27.213
0.759	32.651
0.811	38.429
0.806	38.122
0.803	37.899
0.845	44.449
0.751	29.415
0.662	27.213
0.66	26.882
0.78	33.022
0.811	38.429
0.777	32.7
0.801	37.655
0.841	43.918
0.839	43.404
0.746	28.798
0.822	38.571
0.79	34.677
0.808	38.129
0.806	38.122
0.845	44.449
0.781	33.219
0.66	26.882
0.746	28.798
0.781	33.219
0.749	29.322
0.789	34.546
0.749	29.322
0.844	44.116
0.747	28.826
0.659	26.852
0.613	22.615
0.677	27.933
0.839	43.404
0.646	24.418
0.764	32.652
