P=? [ F (x=9&y=9&crashed=0) ]	R{"cost"}=? [ C<=100 ]
0.844	44.122
0.739	27.741
0.739	27.741
0.844	44.122
0.836	43.165
0.827	39.664
0.794	37.329
0.756	29.988
0.762	32.495
0.792	35.01
0.823	38.734
0.777	32.626
0.827	39.664
0.765	32.523
0.812	38.639
0.804	37.971
0.801	37.687
0.808	38.121
0.779	33.406
0.756	29.988
0.762	32.495
0.825	39.151
0.753	29.726
0.742	28.329
0.778	32.831
0.825	39.151
0.794	37.329
0.791	35.006
0.79	34.5
0.809	38.575
0.744	28.362
0.785	33.894
0.783	33.488
0.782	33.41
0.754	29.949
0.747	28.788
0.745	28.425
0.801	37.687
0.788	34.42
0.787	34.064
0.802	37.819
0.752	29.449
0.765	32.523
0.749	29.061
0.748	28.806
0.823	38.734
0.812	38.639
0.741	28.093
0.783	33.488
0.745	28.425
0.74	27.956
0.778	32.831
0.785	33.894
0.751	29.366
0.75	29.181
0.747	28.788
0.763	32.509
0.81	38.587
0.792	35.01
0.802	37.819
0.808	38.121
0.741	28.093
0.74	27.956
0.787	34.064
0.786	33.937
0.75	29.181
0.749	29.061
0.777	32.626
0.752	29.449
0.751	29.366
0.81	38.587
0.789	34.468
0.788	34.42
0.786	33.937
0.754	29.949
0.79	34.5
0.789	34.468
0.748	28.806
0.763	32.509
0.809	38.575
0.782	33.41
0.791	35.006
0.779	33.406
0.844	44.122
0.827	39.664
0.756	29.988
0.762	32.495
0.825	39.151
0.794	37.329
0.801	37.687
0.765	32.523
0.823	38.734
0.812	38.639
0.783	33.488
0.745	28.425
0.778	32.831
0.785	33.894
0.747	28.788
0.792	35.01
0.802	37.819
