P=? [ F (x=9&y=9&crashed=0) ]	R{"cost"}=? [ C<=100 ]
0.855	56.967
0.659	29.119
0.855	56.967
0.659	29.119
0.854	56.83
0.853	51.615
0.829	49.967
0.701	33.296
0.828	46.137
0.824	45.563
0.718	33.345
0.85	51.188
0.832	50.175
0.687	31.605
0.673	29.121
0.687	31.605
0.809	44.161
0.701	33.296
0.796	41.688
0.749	36.107
0.678	30.862
0.768	39.006
0.758	38.201
0.742	35.435
0.676	29.732
0.809	44.161
0.768	39.006
0.736	35.369
0.796	41.688
0.8	42.82
0.753	36.907
0.72	33.97
0.682	30.987
0.85	51.188
0.832	50.175
0.755	37.857
0.758	38.201
0.773	39.431
0.784	40.573
0.751	36.739
0.676	29.732
0.791	40.948
0.79	40.935
0.682	30.987
0.802	43.332
0.735	35.067
0.791	40.948
0.772	39.279
0.805	43.906
0.8	42.82
0.724	34.308
0.784	40.573
0.729	34.833
0.72	33.97
0.779	39.871
0.745	35.881
0.725	34.387
0.744	35.862
0.776	39.668
0.808	44.037
0.801	42.945
0.79	40.935
0.726	34.595
0.724	34.308
0.728	34.642
0.731	34.85
0.78	40.189
0.782	40.492
0.753	36.907
0.751	36.739
0.827	46.003
0.825	45.697
0.732	34.868
0.804	43.617
0.673	29.121
0.825	45.697
0.777	39.802
0.827	46.003
0.772	39.279
0.831	50.048
0.756	37.982
0.755	37.857
0.678	30.862
0.776	39.668
0.745	35.881
0.756	37.982
0.735	35.067
0.732	34.868
0.804	43.617
0.803	43.42
0.718	33.345
0.781	40.323
0.744	35.862
0.852	51.48
0.851	51.322
0.854	56.83
0.853	51.615
0.852	51.48
0.828	46.137
0.781	40.323
