P=? [ F (x=9&y=9&crashed=0) ]	R{"cost"}=? [ C<=100 ]
0.824	45.421
0.67	28.855
0.67	28.855
0.824	45.421
0.805	43.44
0.711	33.256
0.707	31.374
0.822	45.118
0.794	42.943
0.822	45.118
0.733	34.345
0.76	37.162
0.801	43.059
0.761	38.504
0.678	29.702
0.773	39.223
0.774	40.067
0.79	41.726
0.688	29.826
0.694	30.549
0.703	30.639
0.707	31.374
0.737	34.76
0.717	33.382
0.766	38.84
0.725	34.19
0.782	40.254
0.755	36.063
0.704	30.746
0.779	40.073
0.79	41.726
0.677	29.406
0.751	35.641
0.739	34.95
0.757	36.787
0.766	38.84
0.749	35.62
0.711	33.256
0.794	42.943
0.755	36.063
0.764	38.641
0.743	35.502
0.742	35.305
0.673	29.156
0.673	29.156
0.756	36.382
0.787	41.219
0.789	41.438
0.784	40.397
0.773	39.223
0.692	30.292
0.692	30.292
0.751	35.641
0.704	30.746
0.746	35.606
0.756	36.382
0.759	36.971
0.675	29.346
0.786	40.924
0.785	40.673
0.723	33.982
0.69	30.028
0.786	40.924
0.785	40.673
0.764	38.641
0.741	35.201
0.746	35.606
0.779	40.073
0.789	41.438
0.787	41.219
0.74	35.169
0.721	33.755
0.72	33.543
0.694	30.549
0.722	33.946
0.721	33.755
0.738	34.762
0.759	36.971
0.757	36.787
0.675	29.346
0.689	29.988
0.725	34.19
0.69	30.028
0.784	40.397
0.761	38.504
0.724	34.11
0.688	29.826
0.743	35.502
0.703	30.639
0.724	34.11
0.718	33.457
0.719	33.51
0.718	33.457
0.689	29.988
0.722	33.946
0.72	33.543
0.719	33.51
0.74	35.169
0.738	34.762
0.824	45.421
