P=? [ F (x=9&y=9&crashed=0) ]	R{"cost"}=? [ C<=100 ]
0.935	55.537
0.768	27.691
0.935	55.537
0.81	32.146
0.782	28.738
0.92	50.865
0.782	28.738
0.92	50.865
0.905	47.914
0.885	42.806
0.883	40.155
0.77	28.037
0.902	45.311
0.78	28.506
0.824	32.279
0.851	36.786
0.85	34.942
0.868	38.832
0.877	39.007
0.832	33.516
0.838	33.598
0.91	48.754
0.897	44.088
0.842	33.874
0.919	50.095
0.914	49.122
0.902	45.311
0.84	33.794
0.88	39.499
0.892	43.746
0.886	42.935
0.888	43.034
0.898	44.414
0.861	37.938
0.849	34.74
0.846	34.196
0.826	32.754
0.849	34.74
0.907	48.028
0.881	39.649
0.899	44.474
0.864	38.295
0.894	44.072
0.89	43.414
0.908	48.107
0.863	38.016
0.865	38.359
0.883	40.155
0.918	49.794
0.828	33.055
0.905	47.914
0.918	49.794
0.916	49.362
0.831	33.341
0.909	48.36
0.867	38.802
0.914	49.122
0.91	48.754
0.854	37.254
0.825	32.396
0.852	36.977
0.846	34.196
0.845	34.173
0.856	37.618
0.882	39.849
0.919	50.095
0.901	45.01
0.845	34.173
0.885	42.806
0.9	44.76
0.827	32.77
0.854	37.254
0.852	36.977
0.879	39.229
0.909	48.36
0.889	43.161
0.891	43.495
0.866	38.61
0.901	45.01
0.9	44.76
0.838	33.598
0.83	33.263
0.915	49.344
0.83	33.263
0.828	33.055
0.85	34.942
0.882	39.849
0.855	37.449
0.879	39.229
0.866	38.61
0.878	39.037
0.851	36.786
0.916	49.362
0.859	37.758
0.858	37.744
0.859	37.758
0.877	39.007
0.868	38.832
0.893	43.903
0.855	37.449
