P=? [ F (x=9&y=9&crashed=0) ]	R{"cost"}=? [ C<=100 ]
0.899	48.674
0.637	23.161
0.637	23.161
0.899	48.674
0.64	23.368
0.758	27.585
0.64	23.368
0.898	44.425
0.758	27.585
0.85	34.972
0.885	42.858
0.883	40.249
0.808	32.453
0.86	37.525
0.801	30.068
0.784	28.558
0.779	27.951
0.891	44.109
0.793	28.733
0.88	39.341
0.86	37.525
0.897	44.135
0.761	27.783
0.819	32.506
0.77	27.858
0.77	27.858
0.865	38.142
0.881	39.774
0.89	43.418
0.811	32.461
0.798	29.771
0.801	30.068
0.824	32.708
0.833	33.551
0.875	38.742
0.808	32.453
0.848	34.68
0.796	29.235
0.837	33.58
0.889	43.16
0.869	38.731
0.779	27.951
0.846	34.44
0.819	32.506
0.867	38.572
0.843	34.021
0.824	32.708
0.829	33.088
0.883	40.249
0.796	29.235
0.795	28.982
0.798	29.771
0.83	33.234
0.841	33.817
0.844	34.176
0.837	33.58
0.83	33.234
0.842	33.862
0.898	44.425
0.882	39.969
0.878	39.062
0.793	28.733
0.89	43.418
0.868	38.713
0.878	39.062
0.795	28.982
0.8	30.019
0.827	32.948
0.811	32.461
0.867	38.572
0.828	32.949
0.841	33.817
0.833	33.551
0.827	32.948
0.882	39.969
0.845	34.25
0.759	27.677
0.638	23.18
0.761	27.783
0.877	38.907
0.876	38.743
0.847	34.603
0.888	42.999
0.864	37.987
0.877	38.907
0.864	37.987
0.863	37.836
0.863	37.836
0.862	37.687
0.8	30.019
0.887	42.997
0.886	42.859
0.862	37.687
0.861	37.55
0.638	23.18
0.759	27.677
0.885	42.858
0.847	34.603
0.845	34.25
0.861	37.55
