P=? [ F (x=9&y=9&crashed=0) ]	R{"cost"}=? [ C<=100 ]
0.758	27.461
0.917	59.045
0.917	59.045
0.758	27.461
0.916	49.891
0.787	31.928
0.914	49.473
0.9	45.003
0.809	32.003
0.884	43.544
0.848	34.552
0.783	28.573
0.883	40.228
0.853	37.621
0.914	49.473
0.774	27.487
0.9	45.003
0.809	32.003
0.823	32.231
0.896	44.047
0.887	44.009
0.855	37.765
0.861	37.779
0.875	38.732
0.868	38.624
0.831	33.461
0.837	33.563
0.778	27.861
0.848	34.552
0.783	28.573
0.782	28.279
0.886	43.862
0.778	27.861
0.853	37.621
0.844	34.414
0.787	31.928
0.827	32.593
0.864	38.108
0.84	33.706
0.899	44.691
0.876	38.817
0.841	33.984
0.866	38.556
0.782	28.279
0.775	27.507
0.861	37.779
0.898	44.68
0.897	44.272
0.843	34.22
0.882	39.953
0.881	39.561
0.828	32.975
0.775	27.507
0.864	38.108
0.825	32.559
0.824	32.248
0.868	38.624
0.883	40.228
0.882	39.953
0.865	38.31
0.843	34.22
0.841	33.984
0.823	32.231
0.877	39.043
0.897	44.272
0.881	39.561
0.88	39.353
0.865	38.31
0.83	33.289
0.829	33.088
0.88	39.353
0.879	39.17
0.83	33.289
0.854	37.624
0.844	34.414
0.829	33.088
0.828	32.975
0.877	39.043
0.878	39.153
0.839	33.597
0.875	38.732
0.837	33.563
0.831	33.461
0.866	38.556
0.896	44.047
0.887	44.009
0.838	33.595
0.774	27.487
0.826	32.572
0.879	39.17
0.878	39.153
0.824	32.248
0.826	32.572
0.825	32.559
0.898	44.68
0.854	37.624
0.839	33.597
0.838	33.595
0.758	27.461
0.914	49.473
