P=? [ F (x=9&y=9&crashed=0) ]	R{"cost"}=? [ C<=100 ]
0.725	27.269
0.936	60.176
0.725	27.269
0.786	29.342
0.935	54.827
0.758	27.423
0.926	53.415
0.918	49.804
0.808	31.788
0.885	40.798
0.808	31.788
0.812	32.015
0.886	42.997
0.772	27.915
0.854	37.219
0.851	35.106
0.907	48.034
0.902	45.964
0.759	27.524
0.824	32.056
0.902	45.964
0.927	53.749
0.926	53.415
0.916	49.241
0.837	33.414
0.918	49.804
0.778	28.311
0.909	48.43
0.778	28.311
0.776	28.163
0.867	38.62
0.875	38.835
0.831	33.381
0.935	54.827
0.927	53.749
0.901	45.093
0.772	27.915
0.916	49.241
0.909	48.43
0.865	38.548
0.864	38.14
0.907	48.034
0.917	49.655
0.842	33.987
0.9	45.002
0.849	34.812
0.88	39.502
0.839	33.628
0.881	39.673
0.856	37.673
0.877	38.888
0.908	48.167
0.848	34.586
0.896	44.03
0.887	43.01
0.891	43.667
0.894	44.019
0.845	34.368
0.897	44.226
0.898	44.361
0.899	44.551
0.85	35.103
0.827	32.392
0.854	37.219
0.889	43.199
0.859	37.789
0.759	27.524
0.875	38.835
0.867	38.62
0.862	38.08
0.891	43.667
0.844	34.174
0.83	33.266
0.829	32.922
0.855	37.331
0.884	40.615
0.883	40.281
0.879	39.17
0.809	31.803
0.894	44.019
0.851	35.106
0.882	39.982
0.883	40.281
0.882	39.982
0.825	32.199
0.828	32.685
0.857	37.785
0.89	43.466
0.829	32.922
0.828	32.685
0.86	37.869
0.841	33.769
0.848	34.586
0.845	34.368
0.862	38.08
0.809	31.803
0.878	39.099
0.86	37.869
0.89	43.466
0.827	32.392
