P=? [ F (x=9&y=9&crashed=0) ]	R{"cost"}=? [ C<=100 ]
0.935	54.962
0.78	32.898
0.78	32.898
0.935	54.962
0.922	53.694
0.918	49.792
0.827	34.757
0.783	33.172
0.804	33.273
0.905	47.3
0.9	44.788
0.874	38.806
0.884	42.582
0.883	40.188
0.835	37.079
0.851	37.321
0.828	36.573
0.861	38.413
0.814	34.64
0.811	34.411
0.931	53.88
0.905	47.3
0.807	33.493
0.9	44.788
0.91	48.603
0.922	53.694
0.917	49.33
0.906	47.72
0.934	54.423
0.807	33.493
0.831	36.755
0.882	39.842
0.891	43.462
0.917	49.33
0.933	54.353
0.915	48.857
0.856	38.006
0.83	36.672
0.889	43.151
0.875	38.971
0.914	48.849
0.88	39.558
0.876	39.106
0.897	44.134
0.861	38.413
0.887	43.051
0.86	38.218
0.909	48.252
0.883	40.188
0.899	44.549
0.898	44.205
0.892	43.805
0.886	43.049
0.885	42.714
0.931	53.88
0.834	37.02
0.88	39.558
0.891	43.462
0.859	38.195
0.893	43.957
0.782	33.032
0.882	39.842
0.895	44.095
0.878	39.388
0.908	48.017
0.907	47.756
0.833	36.907
0.813	34.534
0.914	48.849
0.91	48.603
0.804	33.273
0.889	43.151
0.851	37.321
0.835	37.079
0.806	33.394
0.899	44.549
0.909	48.252
0.908	48.017
0.853	37.545
0.852	37.33
0.933	54.353
0.859	38.195
0.856	38.006
0.855	37.821
0.895	44.095
0.878	39.388
0.855	37.821
0.854	37.656
0.892	43.805
0.833	36.907
0.915	48.857
0.877	39.253
0.893	43.957
0.877	39.253
0.885	42.714
0.884	42.582
0.781	33.028
0.813	34.534
0.806	33.394
0.827	34.757
