P=? [ F (x=9&y=9&crashed=0) ]	R{"cost"}=? [ C<=100 ]
0.656	29.936
0.865	55.53
0.865	55.53
0.656	29.936
0.696	33.725
0.696	33.725
0.856	54.738
0.83	49.771
0.744	38.405
0.829	47.082
0.854	51.887
0.736	38.19
0.735	36.246
0.798	41.56
0.79	40.304
0.762	38.432
0.799	43.77
0.777	39.835
0.864	54.967
0.72	35.248
0.712	35.168
0.771	38.623
0.807	44.81
0.839	49.995
0.762	38.432
0.822	45.498
0.8	43.979
0.815	45.424
0.726	35.741
0.807	44.81
0.8	43.979
0.808	45.126
0.733	35.99
0.701	33.92
0.728	35.962
0.845	50.309
0.72	35.248
0.726	35.741
0.702	34.161
0.828	46.971
0.827	46.416
0.812	45.127
0.814	45.309
0.84	50.036
0.706	34.442
0.706	34.442
0.793	40.821
0.709	34.598
0.85	50.775
0.777	39.835
0.847	50.528
0.711	34.834
0.792	40.531
0.776	39.435
0.772	38.823
0.845	50.309
0.847	50.528
0.856	54.738
0.854	51.887
0.774	39.237
0.773	38.898
0.852	51.336
0.851	51.0
0.853	51.661
0.852	51.336
0.775	39.392
0.827	46.416
0.826	46.099
0.796	41.462
0.795	41.167
0.702	34.161
0.709	34.598
0.84	50.036
0.795	41.167
0.794	40.904
0.85	50.775
0.711	34.834
0.864	54.967
0.853	51.661
0.851	51.0
0.839	49.995
0.83	49.771
0.797	41.559
0.791	40.52
0.736	38.19
0.823	45.712
0.799	43.77
0.701	33.92
0.771	38.623
0.825	46.004
0.824	45.818
0.774	39.237
0.733	35.99
0.728	35.962
0.812	45.127
0.828	46.971
0.824	45.818
0.823	45.712
0.796	41.462
0.826	46.099
