P=? [ F (x=9&y=9&crashed=0) ]	R{"cost"}=? [ C<=100 ]
0.887	65.259
0.72	33.344
0.887	65.259
0.72	33.344
0.885	60.826
0.83	50.025
0.826	46.102
0.85	51.129
0.869	60.369
0.868	56.079
0.886	65.095
0.851	55.267
0.798	43.944
0.794	40.898
0.747	35.368
0.793	40.717
0.725	34.063
0.78	40.646
0.76	35.928
0.736	34.145
0.865	55.487
0.853	55.43
0.811	45.622
0.77	38.637
0.764	36.636
0.737	34.506
0.821	45.801
0.81	45.228
0.876	60.684
0.831	50.164
0.744	34.783
0.839	50.303
0.802	44.947
0.798	43.944
0.764	36.636
0.77	38.637
0.799	44.692
0.87	60.516
0.876	60.684
0.777	40.289
0.776	39.359
0.724	33.824
0.847	50.713
0.794	40.898
0.771	38.805
0.775	39.262
0.867	55.601
0.843	50.523
0.76	35.928
0.747	35.368
0.842	50.454
0.745	35.065
0.724	33.824
0.868	56.079
0.763	36.355
0.775	39.262
0.771	38.805
0.763	36.355
0.761	35.966
0.847	50.713
0.849	50.945
0.81	45.228
0.802	44.947
0.744	34.783
0.746	35.095
0.801	44.897
0.865	55.487
0.84	50.359
0.849	50.945
0.761	35.966
0.843	50.523
0.821	45.801
0.8	44.871
0.811	45.622
0.87	60.516
0.886	65.095
0.779	40.571
0.778	40.41
0.869	60.369
0.885	60.826
0.839	50.303
0.831	50.164
0.825	45.98
0.778	40.41
0.777	40.289
0.867	55.601
0.851	55.267
0.852	55.367
0.776	39.359
0.84	50.359
0.736	34.145
0.779	40.571
0.793	40.717
0.78	40.646
0.823	45.913
0.822	45.846
0.852	55.367
0.825	45.98
0.824	45.92
0.853	55.43
