P=? [ F (x=9&y=9&crashed=0) ]	R{"cost"}=? [ C<=100 ]
0.864	49.263
0.864	49.263
0.668	27.195
0.668	27.195
0.768	32.069
0.737	32.057
0.698	27.378
0.715	31.552
0.862	48.411
0.858	45.076
0.705	28.888
0.81	37.422
0.809	35.109
0.835	42.474
0.834	40.332
0.787	32.302
0.704	28.871
0.734	31.631
0.699	27.495
0.723	31.59
0.8	33.593
0.715	31.552
0.705	28.888
0.85	43.429
0.821	37.903
0.863	48.56
0.831	39.132
0.722	31.572
0.816	37.791
0.843	43.334
0.851	43.782
0.806	34.346
0.794	33.362
0.699	27.495
0.833	40.219
0.832	39.662
0.858	45.076
0.832	39.662
0.862	48.411
0.824	38.32
0.805	34.022
0.803	33.677
0.827	38.989
0.804	33.985
0.826	38.675
0.853	43.825
0.857	44.883
0.856	44.498
0.814	37.51
0.841	43.1
0.735	31.746
0.825	38.656
0.808	34.832
0.807	34.51
0.828	39.022
0.854	44.141
0.822	38.183
0.809	35.109
0.808	34.832
0.791	32.888
0.79	32.632
0.789	32.56
0.788	32.317
0.793	33.341
0.792	33.1
0.815	37.55
0.787	32.302
0.794	33.362
0.842	43.322
0.792	33.1
0.791	32.888
0.855	44.34
0.854	44.141
0.857	44.883
0.839	42.946
0.838	42.755
0.698	27.378
0.836	42.656
0.835	42.474
0.736	31.882
0.807	34.51
0.83	39.081
0.856	44.498
0.855	44.34
0.802	33.635
0.863	48.56
0.736	31.882
0.84	43.069
0.839	42.946
0.834	40.332
0.833	40.219
0.816	37.791
0.823	38.284
0.822	38.183
0.85	43.429
0.843	43.334
0.814	37.51
0.81	37.422
0.79	32.632
0.789	32.56
