P=? [ F (x=9&y=9&crashed=0) ]	R{"cost"}=? [ C<=100 ]
0.71	27.483
0.879	49.103
0.71	27.483
0.879	49.103
0.723	31.696
0.767	31.87
0.722	31.694
0.714	27.987
0.867	47.861
0.854	44.312
0.831	42.053
0.83	39.366
0.811	36.748
0.804	34.097
0.787	32.142
0.767	31.87
0.791	33.031
0.854	44.312
0.867	47.861
0.84	42.781
0.817	38.072
0.849	43.026
0.801	33.44
0.804	34.097
0.824	38.218
0.811	36.748
0.714	27.987
0.803	33.668
0.87	48.485
0.837	42.278
0.839	42.424
0.877	48.652
0.876	48.613
0.801	33.44
0.79	32.603
0.816	37.65
0.789	32.358
0.713	27.946
0.712	27.546
0.828	38.837
0.827	38.448
0.85	43.415
0.853	43.925
0.815	37.583
0.814	37.209
0.83	39.366
0.829	38.999
0.826	38.22
0.837	42.278
0.868	48.148
0.814	37.209
0.813	36.931
0.787	32.142
0.849	43.026
0.79	32.603
0.852	43.709
0.851	43.472
0.827	38.448
0.831	42.053
0.853	43.925
0.852	43.709
0.788	32.326
0.812	36.93
0.869	48.307
0.829	38.999
0.828	38.837
0.869	48.307
0.868	48.148
0.876	48.613
0.87	48.485
0.816	37.65
0.815	37.583
0.851	43.472
0.85	43.415
0.712	27.546
0.711	27.503
0.713	27.946
0.788	32.326
0.711	27.503
0.826	38.22
0.813	36.931
0.812	36.93
0.71	27.483
0.879	49.103
0.767	31.87
0.854	44.312
0.867	47.861
0.804	34.097
0.714	27.987
0.811	36.748
0.801	33.44
0.83	39.366
0.837	42.278
0.814	37.209
0.849	43.026
0.79	32.603
0.827	38.448
0.831	42.053
0.853	43.925
0.852	43.709
