P=? [ F (x=9&y=9&crashed=0) ]	R{"cost"}=? [ C<=100 ]
0.89	53.918
0.658	31.978
0.658	31.978
0.89	53.918
0.722	32.295
0.867	48.123
0.827	41.634
0.888	53.368
0.881	49.44
0.857	44.401
0.818	38.43
0.763	36.634
0.76	33.711
0.793	36.763
0.764	36.705
0.753	33.096
0.73	33.034
0.878	48.426
0.857	44.401
0.867	48.123
0.888	53.368
0.841	42.338
0.851	43.24
0.881	49.44
0.841	42.338
0.818	38.43
0.828	41.826
0.851	43.24
0.837	41.878
0.811	37.433
0.8	36.896
0.853	43.599
0.804	37.369
0.793	36.763
0.756	33.697
0.755	33.263
0.855	43.973
0.88	48.968
0.879	48.896
0.855	43.973
0.815	37.883
0.812	37.64
0.817	38.193
0.722	32.295
0.802	37.091
0.727	32.874
0.726	32.587
0.816	38.148
0.763	36.634
0.839	42.085
0.815	37.883
0.812	37.64
0.8	36.896
0.803	37.304
0.839	42.085
0.725	32.539
0.723	32.339
0.802	37.091
0.852	43.435
0.76	33.711
0.759	33.71
0.755	33.263
0.852	43.435
0.753	33.096
0.725	32.539
0.723	32.339
0.838	41.974
0.838	41.974
0.728	32.961
0.727	32.874
0.88	48.968
0.879	48.896
0.803	37.304
0.811	37.433
0.804	37.369
0.73	33.034
0.764	36.705
0.837	41.878
0.828	41.826
0.726	32.587
0.729	32.989
0.816	38.148
0.729	32.989
0.728	32.961
0.759	33.71
0.756	33.697
0.658	31.978
0.89	53.918
0.867	48.123
0.888	53.368
0.881	49.44
0.841	42.338
0.818	38.43
0.851	43.24
0.793	36.763
0.855	43.973
0.722	32.295
0.763	36.634
0.815	37.883
0.812	37.64
