P=? [ F (x=9&y=9&crashed=0) ]	R{"cost"}=? [ C<=100 ]
0.934	55.187
0.751	32.264
0.934	55.187
0.842	34.474
0.782	34.348
0.9	45.51
0.913	49.557
0.932	54.85
0.918	50.752
0.843	38.272
0.775	33.088
0.932	54.85
0.76	32.812
0.918	50.752
0.871	42.736
0.892	44.267
0.869	41.072
0.879	44.05
0.752	32.671
0.848	38.659
0.858	38.831
0.76	32.812
0.779	34.104
0.776	33.357
0.867	40.837
0.865	40.151
0.876	43.609
0.776	33.357
0.877	43.837
0.779	34.104
0.861	39.28
0.859	38.9
0.873	42.936
0.899	45.361
0.868	40.903
0.865	40.151
0.844	38.476
0.892	44.267
0.894	44.443
0.917	50.514
0.916	50.174
0.915	50.046
0.914	49.706
0.878	43.951
0.78	34.314
0.897	45.144
0.896	44.809
0.861	39.28
0.871	42.736
0.869	41.072
0.775	33.088
0.847	38.519
0.863	39.74
0.862	39.481
0.782	34.348
0.874	43.182
0.917	50.514
0.864	39.923
0.875	43.382
0.879	44.05
0.895	44.659
0.843	38.272
0.862	39.481
0.873	42.936
0.875	43.382
0.874	43.182
0.859	38.9
0.867	40.837
0.864	39.923
0.863	39.74
0.894	44.443
0.858	38.831
0.848	38.659
0.896	44.809
0.895	44.659
0.914	49.706
0.845	38.492
0.752	32.671
0.898	45.274
0.897	45.144
0.916	50.174
0.915	50.046
0.898	45.274
0.78	34.314
0.847	38.519
0.845	38.492
0.76	32.812
0.776	33.357
0.779	34.104
0.865	40.151
0.861	39.28
0.869	41.072
0.775	33.088
0.917	50.514
0.879	44.05
0.873	42.936
0.875	43.382
0.859	38.9
0.867	40.837
0.864	39.923
