P=? [ F (x=9&y=9&crashed=0) ]	R{"cost"}=? [ C<=100 ]
0.882	44.996
0.882	44.996
0.676	26.961
0.676	26.961
0.881	40.556
0.782	30.391
0.855	38.137
0.848	35.289
0.814	32.406
0.694	27.933
0.718	28.012
0.814	32.406
0.782	30.391
0.718	28.012
0.735	28.121
0.765	28.374
0.751	28.354
0.876	39.597
0.863	39.262
0.737	28.144
0.78	29.746
0.773	29.2
0.681	27.063
0.848	35.289
0.771	28.566
0.746	28.167
0.855	38.137
0.685	27.478
0.776	29.341
0.824	33.417
0.769	28.455
0.78	29.746
0.862	39.221
0.843	34.335
0.69	27.73
0.846	34.943
0.845	34.528
0.776	29.341
0.832	33.481
0.681	27.063
0.689	27.489
0.876	39.597
0.863	39.262
0.831	33.46
0.861	38.911
0.879	40.227
0.878	39.925
0.828	33.423
0.836	33.505
0.822	32.96
0.82	32.665
0.839	33.578
0.82	32.665
0.859	38.825
0.823	33.135
0.685	27.478
0.822	32.96
0.773	29.2
0.842	34.107
0.766	28.414
0.847	35.078
0.819	32.463
0.748	28.295
0.858	38.657
0.857	38.457
0.771	28.566
0.735	28.121
0.693	27.922
0.69	27.73
0.881	40.556
0.88	40.366
0.878	39.925
0.877	39.736
0.841	33.927
0.84	33.74
0.693	27.922
0.816	32.407
0.688	27.481
0.828	33.423
0.842	34.107
0.841	33.927
0.823	33.135
0.86	38.856
0.856	38.31
0.858	38.657
0.84	33.74
0.857	38.457
0.856	38.31
0.88	40.366
0.879	40.227
0.877	39.736
0.847	35.078
0.846	34.943
0.818	32.43
0.838	33.538
0.844	34.452
0.747	28.181
0.836	33.505
0.817	32.416
0.75	28.35
