P=? [ F (x=9&y=9&crashed=0) ]	R{"cost"}=? [ C<=100 ]
0.72	27.671
0.863	45.336
0.72	27.671
0.863	45.336
0.769	31.657
0.725	29.187
0.817	37.709
0.846	40.462
0.848	42.812
0.725	29.187
0.812	35.589
0.83	38.052
0.818	37.996
0.796	33.033
0.784	32.595
0.775	32.254
0.808	34.245
0.782	32.333
0.773	31.918
0.792	32.717
0.812	35.589
0.799	34.001
0.811	34.904
0.724	28.353
0.833	39.0
0.839	39.022
0.848	42.812
0.797	33.736
0.721	28.313
0.852	43.64
0.855	44.287
0.831	38.424
0.859	44.326
0.844	39.944
0.862	44.811
0.841	39.42
0.792	32.717
0.852	43.64
0.81	34.588
0.798	33.833
0.843	39.68
0.841	39.42
0.808	34.245
0.81	34.588
0.832	38.683
0.845	40.25
0.854	44.02
0.853	43.745
0.854	44.02
0.843	39.68
