P=? [ F (x=9&y=9&crashed=0) ]	R{"cost"}=? [ C<=100 ]
0.872	54.65
0.735	29.686
0.872	54.65
0.745	33.229
0.847	48.377
0.846	44.504
0.864	53.504
0.863	49.805
0.738	29.819
0.793	37.515
0.835	42.877
0.83	40.276
0.792	35.027
0.757	33.322
0.758	33.34
0.77	33.357
0.809	38.5
0.818	38.591
0.745	33.229
0.738	29.819
0.871	54.444
0.774	33.466
0.865	53.606
0.856	48.941
0.852	48.394
0.838	43.376
0.843	43.823
0.861	49.501
0.871	54.444
0.865	53.606
0.83	40.276
0.828	39.622
0.835	42.877
0.796	37.78
0.79	34.798
0.809	38.5
0.801	38.297
0.78	34.296
0.788	34.48
0.799	37.82
0.784	34.346
0.829	40.199
0.821	38.615
0.77	33.357
0.861	49.501
0.856	48.941
0.805	38.453
0.776	34.019
0.836	42.884
0.825	39.083
0.818	38.591
0.843	43.823
0.838	43.376
0.827	39.595
0.783	34.315
0.778	34.242
0.804	38.445
0.794	37.519
0.846	44.504
0.845	44.186
0.823	38.95
0.837	43.177
0.774	33.466
0.826	39.361
0.789	34.534
0.8	38.041
0.855	48.697
0.826	39.361
0.791	35.025
0.736	29.726
0.8	38.041
0.822	38.827
0.777	34.039
0.776	34.019
0.845	44.186
0.844	43.984
0.837	43.177
0.844	43.984
0.862	49.658
0.854	48.554
0.853	48.405
0.804	38.445
0.801	38.297
0.863	49.805
0.795	37.666
0.862	49.658
0.855	48.697
0.854	48.554
0.788	34.48
0.784	34.346
0.825	39.083
0.823	38.95
0.822	38.827
0.795	37.666
0.864	53.504
0.736	29.726
0.829	40.199
0.789	34.534
0.779	34.249
0.805	38.453
