P=? [ F (x=9&y=9&crashed=0) ]	R{"cost"}=? [ C<=100 ]
0.652	23.258
0.862	49.055
0.862	49.055
0.652	23.258
0.744	28.462
0.685	28.006
0.776	32.603
0.662	27.577
0.656	24.143
0.754	29.728
0.852	47.573
0.846	44.824
0.834	42.83
0.83	40.123
0.794	37.502
0.754	29.728
0.792	35.018
0.674	27.943
0.685	28.006
0.821	38.593
0.81	38.472
0.846	44.824
0.86	48.65
0.854	47.966
0.656	24.143
0.668	27.733
0.86	48.65
0.668	27.733
0.662	27.577
0.654	23.885
0.852	47.573
0.854	47.966
0.805	38.348
0.829	39.984
0.845	44.191
0.8	37.58
0.828	39.578
0.745	28.795
0.788	34.257
0.778	33.009
0.836	42.937
0.853	47.671
0.83	40.123
0.791	34.925
0.785	34.001
0.839	43.431
0.744	28.462
0.749	29.086
0.839	43.431
0.837	43.235
0.804	37.936
0.797	37.563
0.654	23.885
0.834	42.83
0.801	37.825
0.749	29.086
0.747	28.842
0.81	38.472
0.803	37.935
0.751	29.415
0.842	43.775
0.751	29.415
0.787	34.052
0.784	33.825
0.783	33.514
0.796	37.541
0.824	39.044
0.823	38.748
0.825	39.19
0.827	39.479
0.826	39.206
0.807	38.367
0.79	34.661
0.78	33.066
0.845	44.191
0.844	43.932
0.842	43.775
0.789	34.508
0.752	29.645
0.807	38.367
0.792	35.018
0.837	43.235
0.778	33.009
0.784	33.825
0.747	28.842
0.782	33.374
0.781	33.206
0.794	37.502
0.79	34.661
0.789	34.508
0.844	43.932
0.843	43.784
0.823	38.748
0.822	38.602
0.824	39.044
0.783	33.514
0.781	33.206
0.782	33.374
0.801	37.825
0.827	39.479
