P=? [ F (x=9&y=9&crashed=0) ]	R{"cost"}=? [ C<=100 ]
0.739	29.375
0.899	60.685
0.739	29.375
0.754	29.978
0.882	58.805
0.755	33.35
0.792	37.913
0.865	53.165
0.881	55.082
0.805	38.658
0.864	49.738
0.741	29.972
0.82	38.739
0.8	37.933
0.834	42.88
0.829	39.895
0.791	35.029
0.852	47.614
0.847	44.983
0.762	33.441
0.767	33.69
0.871	53.308
0.897	59.99
0.89	59.916
0.889	59.547
0.77	34.097
0.879	54.505
0.852	47.614
0.834	42.88
0.781	34.268
0.847	44.983
0.781	34.268
0.787	34.433
0.861	49.008
0.874	54.171
0.775	34.139
0.775	34.139
0.835	43.259
0.857	48.996
0.805	38.658
0.843	44.134
0.829	39.895
0.84	44.068
0.88	54.959
0.826	39.638
0.822	39.239
0.889	59.547
0.882	58.805
0.839	43.939
0.837	43.366
0.854	48.049
0.846	44.635
0.825	39.492
0.863	49.502
0.845	44.586
0.79	34.79
0.855	48.482
0.863	49.502
0.769	33.864
0.898	60.394
0.853	48.001
0.838	43.558
0.821	38.887
0.873	53.93
0.872	53.583
0.879	54.505
0.874	54.171
0.788	34.553
0.898	60.394
0.856	48.711
0.872	53.583
0.843	44.134
0.825	39.492
0.822	39.239
0.828	39.845
0.845	44.586
0.873	53.93
0.791	35.029
0.79	34.79
0.788	34.553
0.864	49.738
0.856	48.711
0.855	48.482
0.861	49.008
0.828	39.845
0.838	43.558
0.769	33.864
0.787	34.433
0.821	38.887
0.865	53.165
0.755	33.35
0.897	59.99
0.89	59.916
0.853	48.001
0.857	48.996
0.739	29.375
0.852	47.614
0.781	34.268
0.775	34.139
0.805	38.658
