P=? [ F (x=9&y=9&crashed=0) ]	R{"cost"}=? [ C<=100 ]
0.668	28.775
0.889	57.21
0.668	28.775
0.889	57.21
0.723	29.05
0.739	32.942
0.727	29.35
0.872	54.794
0.871	51.652
0.828	43.687
0.743	33.272
0.855	48.879
0.854	46.562
0.789	39.198
0.805	39.322
0.786	38.843
0.761	33.351
0.784	36.86
0.739	32.942
0.727	29.35
0.824	42.182
0.807	39.566
0.769	35.132
0.838	44.128
0.818	40.894
0.807	39.566
0.818	40.894
0.88	56.296
0.869	51.114
0.769	35.132
0.886	56.334
0.777	35.752
0.858	49.984
0.856	49.057
0.862	50.387
0.851	46.041
0.828	43.687
0.845	45.602
0.764	34.509
0.763	33.722
0.824	42.182
0.841	45.035
0.839	44.303
0.783	36.421
0.869	51.114
0.862	50.387
0.723	29.05
0.879	55.641
0.844	45.421
0.842	45.215
0.781	36.387
0.777	35.752
0.876	55.161
0.784	36.86
0.765	34.582
0.888	57.019
0.887	56.527
0.786	38.843
0.78	36.043
0.743	33.272
0.765	34.582
0.823	41.813
0.822	41.364
0.838	44.128
0.851	46.041
0.845	45.602
0.877	55.383
0.82	41.122
0.789	39.198
0.823	41.813
0.876	55.161
0.872	54.794
0.819	40.925
0.763	33.722
0.762	33.371
0.87	51.461
0.861	50.299
0.859	49.987
0.841	45.035
0.856	49.057
0.839	44.303
0.861	50.299
0.778	35.839
0.78	36.043
0.778	35.839
0.887	56.527
0.853	46.419
0.852	46.227
0.871	51.652
0.888	57.019
0.87	51.461
0.879	55.641
0.878	55.454
0.852	46.227
0.822	41.364
0.821	41.179
0.806	39.382
0.855	48.879
0.854	46.562
0.853	46.419
