P=? [ F (x=9&y=9&crashed=0) ]	R{"cost"}=? [ C<=100 ]
0.692	29.559
0.854	47.226
0.854	47.226
0.692	29.559
0.707	31.378
0.74	32.911
0.849	45.63
0.836	43.651
0.74	32.911
0.834	43.397
0.824	41.79
0.757	33.769
0.849	45.63
0.836	43.651
0.796	39.172
0.795	37.942
0.824	41.79
0.834	43.397
0.743	33.305
0.851	46.817
0.85	45.806
0.75	33.66
0.758	34.671
0.77	35.7
0.776	35.762
0.75	33.66
0.814	40.434
0.786	37.056
0.822	41.423
0.793	37.662
0.785	37.045
0.782	36.437
0.793	37.662
0.786	37.056
0.743	33.305
0.81	40.349
0.765	35.388
0.77	35.7
0.809	40.323
0.804	40.225
0.782	36.437
0.794	37.666
0.82	41.164
0.765	35.388
0.779	36.187
0.803	40.203
0.802	40.049
0.801	39.77
0.795	37.942
0.82	41.164
0.8	39.652
0.799	39.414
0.785	37.045
0.763	35.244
0.762	35.017
0.781	36.217
0.819	40.947
0.853	47.194
0.852	46.994
0.823	41.61
0.778	36.005
0.819	40.947
0.823	41.61
0.818	40.767
0.852	46.994
0.851	46.817
0.85	45.806
0.778	36.005
0.777	35.833
0.799	39.414
0.798	39.245
0.835	43.488
0.815	40.593
0.802	40.049
0.761	35.004
0.76	34.866
0.816	40.714
0.815	40.593
0.801	39.77
0.8	39.652
0.759	34.782
0.758	34.671
0.757	33.769
0.809	40.323
0.804	40.225
0.835	43.488
0.76	34.866
0.759	34.782
0.764	35.307
0.777	35.833
0.764	35.307
0.763	35.244
0.798	39.245
0.797	39.207
0.797	39.207
0.796	39.172
0.818	40.767
0.817	40.734
0.853	47.194
0.781	36.217
