P=? [ F (x=9&y=9&crashed=0) ]	R{"cost"}=? [ C<=100 ]
0.888	62.181
0.682	33.528
0.682	33.528
0.888	62.181
0.78	36.405
0.726	34.868
0.887	56.585
0.872	54.994
0.871	51.775
0.717	34.588
0.695	33.979
0.785	39.162
0.784	36.784
0.855	48.876
0.854	46.571
0.824	42.044
0.825	44.003
0.78	36.405
0.878	55.435
0.717	34.588
0.726	34.868
0.691	33.628
0.813	41.297
0.861	50.247
0.878	55.435
0.826	44.045
0.856	48.97
0.863	50.963
0.861	50.247
0.836	44.118
0.886	56.398
0.821	41.572
0.725	34.797
0.786	39.195
0.794	39.289
0.886	56.398
0.801	40.293
0.868	51.11
0.809	40.978
0.8	39.685
0.808	40.889
0.856	48.97
0.843	45.336
0.841	44.715
0.695	33.979
0.845	45.807
0.872	54.994
0.85	46.082
0.846	45.809
0.871	51.775
0.87	51.37
0.691	33.628
0.783	36.772
0.804	40.649
0.801	40.293
0.694	33.973
0.824	42.044
0.822	41.703
0.844	45.476
0.812	41.262
0.853	46.528
0.852	46.233
0.783	36.772
0.805	40.66
0.804	40.649
0.863	50.963
0.694	33.973
0.812	41.262
0.843	45.336
0.821	41.572
0.85	46.082
0.846	45.809
0.822	41.703
0.84	44.66
0.839	44.396
0.87	51.37
0.869	51.12
0.805	40.66
0.839	44.396
0.838	44.171
0.725	34.797
0.797	39.626
0.796	39.426
0.841	44.715
0.837	44.122
0.887	56.585
0.798	39.633
0.852	46.233
0.851	46.091
0.844	45.476
0.796	39.426
0.795	39.29
0.794	39.289
0.855	48.876
0.786	39.195
0.836	44.118
0.826	44.045
0.84	44.66
0.8	39.685
0.798	39.633
