P=? [ F (x=9&y=9&crashed=0) ]	R{"cost"}=? [ C<=100 ]
0.846	44.361
0.675	26.944
0.846	44.361
0.675	26.944
0.756	31.861
0.694	27.221
0.714	27.224
0.755	29.977
0.693	27.16
0.828	41.854
0.824	40.134
0.744	28.345
0.844	43.886
0.802	36.718
0.8	35.402
0.717	27.489
0.732	28.22
0.833	42.879
0.777	33.337
0.726	27.514
0.844	43.886
0.833	42.879
0.809	38.071
0.796	34.299
0.817	38.437
0.789	33.459
0.797	34.837
0.783	33.437
0.772	32.629
0.759	32.073
0.832	42.74
0.729	27.964
0.804	37.037
0.793	34.018
0.765	32.327
0.824	40.134
0.794	34.282
0.77	32.364
0.747	28.719
0.823	39.929
0.822	39.472
0.775	32.989
0.79	33.524
0.769	32.348
0.782	33.403
0.763	32.109
0.746	28.614
0.8	35.402
0.803	36.848
0.828	41.854
0.829	41.941
0.751	29.198
0.749	28.886
0.745	28.39
0.727	27.593
0.817	38.437
0.809	38.071
0.754	29.717
0.798	34.865
0.821	39.282
0.82	38.937
0.831	42.4
0.752	29.426
0.845	44.215
0.808	37.93
0.807	37.606
0.764	32.243
0.799	35.083
0.792	33.869
0.773	32.827
0.758	31.883
0.754	29.717
0.752	29.426
0.819	38.76
0.818	38.478
0.791	33.803
0.831	42.4
0.83	42.126
0.75	29.156
0.775	32.989
0.755	29.977
0.715	27.241
0.802	36.718
0.805	37.267
0.799	35.083
0.693	27.16
0.823	39.929
0.731	28.123
0.822	39.472
0.821	39.282
0.728	27.779
0.728	27.779
0.83	42.126
0.82	38.937
0.819	38.76
0.807	37.606
0.806	37.435
0.806	37.435
0.805	37.267
0.749	28.886
