P=? [ F (x=9&y=9&crashed=0) ]	R{"cost"}=? [ C<=100 ]
0.881	65.712
0.676	27.042
0.676	27.042
0.881	65.712
0.879	64.972
0.872	55.221
0.87	54.838
0.864	50.367
0.848	45.054
0.86	49.142
0.789	33.662
0.844	43.934
0.754	29.975
0.848	45.054
0.755	31.918
0.688	27.516
0.801	37.016
0.778	33.473
0.707	27.907
0.815	38.386
0.86	49.142
0.739	29.083
0.749	29.217
0.835	43.719
0.828	42.157
0.824	40.141
0.709	28.163
0.696	27.697
0.798	34.841
0.879	64.972
0.678	27.114
0.808	38.065
0.789	33.662
0.8	35.415
0.718	28.185
0.872	55.221
0.864	50.367
0.87	54.838
0.831	42.443
0.822	39.588
0.798	34.841
0.761	32.25
0.736	29.005
0.833	43.202
0.845	44.661
0.75	29.244
0.804	37.153
0.806	37.454
0.863	49.9
0.768	33.041
0.807	38.005
0.82	39.2
0.818	38.535
0.846	44.666
0.799	35.22
0.833	43.202
0.752	29.745
0.771	33.088
0.694	27.622
0.824	40.141
0.819	38.599
0.828	42.157
0.678	27.114
0.69	27.577
0.862	49.733
0.861	49.146
0.722	28.282
0.757	31.95
0.823	40.091
0.758	32.063
0.805	37.353
0.763	32.306
0.726	28.471
0.775	33.398
0.765	32.572
0.738	29.055
0.764	32.346
0.731	28.774
0.724	28.412
0.72	28.215
0.83	42.261
0.775	33.398
0.733	28.823
0.731	28.774
0.766	32.618
0.752	29.745
0.772	33.116
0.835	43.719
0.696	27.697
0.82	39.2
0.728	28.508
0.733	28.823
0.723	28.394
0.772	33.116
0.728	28.508
0.708	27.908
0.689	27.554
0.768	33.041
0.766	32.618
0.694	27.622
