P=? [ F (x=9&y=9&crashed=0) ]	R{"cost"}=? [ C<=100 ]
0.712	28.244
0.879	54.683
0.712	28.244
0.879	54.683
0.862	49.489
0.875	54.008
0.731	28.83
0.847	47.229
0.754	32.058
0.753	29.742
0.748	29.367
0.825	41.794
0.846	44.742
0.822	39.408
0.875	54.008
0.731	28.83
0.799	35.432
0.801	36.968
0.849	47.874
0.721	28.3
0.857	48.567
0.834	43.5
0.809	38.213
0.783	33.484
0.766	33.019
0.719	28.265
0.795	34.504
0.857	48.567
0.818	38.568
0.878	54.23
0.84	43.545
0.777	33.465
0.83	42.287
0.848	47.548
0.827	41.842
0.788	33.768
0.829	42.092
0.792	34.034
0.787	33.519
0.806	37.888
0.748	29.367
0.814	38.378
0.849	47.874
0.816	38.44
0.75	29.397
0.765	32.562
0.833	43.106
0.797	35.245
0.859	48.665
0.769	33.067
0.876	54.154
0.791	33.814
0.793	34.412
0.721	28.3
0.758	32.183
0.805	37.371
0.843	43.647
0.784	33.497
0.796	34.992
0.822	39.408
0.751	29.709
0.845	44.437
0.844	43.971
0.831	42.744
0.808	38.034
0.774	33.374
0.82	39.139
0.775	33.446
0.77	33.123
0.819	38.969
0.764	32.542
0.762	32.314
0.763	32.321
0.825	41.794
0.802	37.108
0.798	35.425
0.861	49.155
0.844	43.971
0.814	38.378
0.832	43.064
0.831	42.744
0.861	49.155
0.86	48.841
0.846	44.742
0.845	44.437
0.801	36.968
0.796	34.992
0.841	43.579
0.803	37.166
0.842	43.618
0.759	32.234
0.72	28.295
0.805	37.371
0.804	37.18
0.771	33.311
0.772	33.333
0.777	33.465
0.86	48.841
0.819	38.969
0.821	39.239
