P=? [ F (x=9&y=9&crashed=0) ]	R{"cost"}=? [ C<=100 ]
0.855	69.089
0.676	31.395
0.676	31.395
0.855	69.089
0.718	31.52
0.851	68.675
0.846	63.773
0.834	62.701
0.829	57.969
0.762	42.105
0.824	57.229
0.813	53.251
0.722	32.454
0.8	51.668
0.732	33.69
0.785	47.067
0.797	48.561
0.759	38.892
0.781	44.146
0.813	53.251
0.824	57.229
0.744	36.648
0.753	37.631
0.768	42.237
0.781	44.146
0.77	42.502
0.829	57.969
0.851	68.675
0.842	63.151
0.846	63.773
0.834	62.701
0.837	63.111
0.753	37.631
0.744	36.648
0.78	43.579
0.741	35.55
0.785	47.067
0.733	33.728
0.804	52.066
0.742	35.759
0.776	43.026
0.797	48.561
0.791	47.63
0.788	47.331
0.825	57.42
0.788	47.331
0.8	51.668
0.828	57.654
0.808	52.576
0.827	57.496
0.759	38.892
0.738	35.255
0.736	34.666
0.72	32.093
0.735	34.323
0.734	34.3
0.845	63.56
0.854	68.948
0.773	42.915
0.803	51.931
0.736	34.666
0.762	42.105
0.743	36.099
0.812	53.023
0.808	52.576
0.804	52.066
0.791	47.63
0.81	52.844
0.794	47.989
0.758	38.683
0.757	38.185
0.809	52.624
0.795	48.242
0.756	37.948
0.779	43.392
0.835	62.913
0.811	52.923
0.719	31.741
0.844	63.421
0.772	42.779
0.721	32.108
0.768	42.237
0.743	36.099
0.778	43.348
0.776	43.026
0.795	48.242
0.793	47.949
0.756	37.948
0.754	37.666
0.772	42.779
0.854	68.948
0.739	35.277
0.844	63.421
0.803	51.931
0.778	43.348
0.842	63.151
0.837	63.111
0.793	47.949
0.754	37.666
0.757	38.185
