P=? [ F (x=9&y=9&crashed=0) ]	R{"cost"}=? [ C<=100 ]
0.629	26.438
0.797	52.537
0.629	26.438
0.797	52.537
0.715	31.229
0.648	27.104
0.693	29.041
0.684	27.241
0.765	41.661
0.792	51.477
0.789	48.197
0.776	46.259
0.774	43.315
0.759	38.726
0.647	26.817
0.631	26.81
0.745	36.475
0.749	36.947
0.779	46.662
0.759	38.726
0.789	48.197
0.731	33.176
0.689	28.061
0.777	46.522
0.72	32.157
0.772	42.535
0.754	37.532
0.691	28.486
0.792	51.477
0.689	28.061
0.686	27.397
0.796	52.142
0.785	47.198
0.737	35.136
0.69	28.467
0.755	37.849
0.77	42.248
0.727	32.783
0.718	31.514
0.788	47.667
0.63	26.699
0.752	37.304
0.774	43.315
0.692	28.995
0.751	36.953
0.727	32.783
0.786	47.366
0.795	52.054
0.724	32.611
0.686	27.397
0.756	37.945
0.771	42.428
0.721	32.279
0.784	46.926
0.736	34.71
0.773	42.96
0.776	46.259
0.782	46.925
0.719	31.739
0.735	34.518
0.734	34.113
0.758	38.54
0.757	38.14
0.731	33.176
0.753	37.317
0.794	51.835
0.732	33.543
0.794	51.835
0.773	42.96
0.734	34.113
0.733	33.761
0.768	41.84
0.724	32.611
0.721	32.279
0.782	46.925
0.685	27.251
0.725	32.761
0.744	36.183
0.741	35.693
0.74	35.404
0.718	31.514
0.769	42.017
0.719	31.739
0.733	33.761
0.732	33.543
0.739	35.346
0.738	35.139
0.742	35.898
0.741	35.693
0.757	38.14
0.736	34.71
0.744	36.183
0.735	34.518
0.743	35.991
0.758	38.54
0.769	42.017
0.767	41.836
0.767	41.836
0.788	47.667
0.787	47.509
