P=? [ F (x=9&y=9&crashed=0) ]	R{"cost"}=? [ C<=100 ]
0.796	48.326
0.627	23.4
0.796	48.326
0.627	23.4
0.711	31.065
0.76	41.613
0.791	47.269
0.782	44.11
0.646	26.462
0.646	26.462
0.759	38.675
0.675	27.572
0.693	29.1
0.658	27.559
0.69	28.166
0.678	28.044
0.693	29.1
0.745	36.94
0.782	44.11
0.791	47.269
0.692	28.787
0.767	41.717
0.771	42.198
0.795	48.067
0.794	47.584
0.78	43.419
0.744	36.176
0.775	42.54
0.729	32.789
0.755	37.551
0.721	32.084
0.656	27.523
0.777	43.055
0.75	37.053
0.738	35.244
0.736	34.649
0.712	31.211
0.731	33.148
0.736	34.649
0.73	33.144
0.654	27.044
0.722	32.558
0.77	42.023
0.65	26.821
0.741	35.541
0.74	35.474
0.678	28.044
0.779	43.154
0.718	31.499
0.732	33.553
0.767	41.717
0.735	34.255
0.734	34.098
0.733	33.705
0.653	26.854
0.716	31.241
0.756	37.908
0.781	43.774
0.758	38.468
0.757	38.116
0.72	32.029
0.719	31.68
0.775	42.54
0.781	43.774
0.647	26.797
0.727	32.749
0.655	27.194
0.715	31.212
0.754	37.375
0.648	26.818
0.794	47.584
0.675	27.572
0.754	37.375
0.752	37.068
0.77	42.023
0.724	32.622
0.776	42.831
0.727	32.749
0.69	28.166
0.776	42.831
0.743	35.963
0.742	35.748
0.744	36.176
0.743	35.963
0.723	32.617
0.757	38.116
0.756	37.908
0.742	35.748
0.759	38.675
0.739	35.267
0.758	38.468
0.719	31.68
0.717	31.422
0.738	35.244
0.652	26.831
0.751	37.06
0.658	27.559
0.735	34.255
0.734	34.098
0.752	37.068
