P=? [ F (x=9&y=9&crashed=0) ]	R{"cost"}=? [ C<=100 ]
0.819	57.604
0.619	26.544
0.819	57.604
0.709	31.069
0.812	53.501
0.683	31.059
0.8	52.017
0.796	48.77
0.631	26.882
0.759	39.568
0.783	46.735
0.65	26.996
0.781	43.999
0.659	28.135
0.665	28.632
0.68	30.622
0.665	28.632
0.68	30.622
0.76	41.297
0.761	41.88
0.629	26.715
0.621	26.709
0.652	27.006
0.796	48.77
0.793	47.627
0.745	36.54
0.812	53.501
0.752	37.35
0.736	35.053
0.755	37.75
0.786	47.227
0.758	38.541
0.807	52.637
0.751	37.116
0.727	32.795
0.803	52.423
0.663	28.608
0.795	47.983
0.791	47.306
0.652	27.006
0.734	34.117
0.78	43.425
0.767	42.009
0.771	42.457
0.81	52.957
0.732	33.566
0.715	31.239
0.8	52.017
0.781	43.999
0.77	42.328
0.718	31.52
0.775	42.52
0.724	32.605
0.808	52.82
0.661	28.147
0.74	35.531
0.682	31.043
0.76	41.297
0.681	30.629
0.751	37.116
0.745	36.54
0.776	42.707
0.779	43.237
0.756	37.962
0.743	35.996
0.725	32.791
0.722	32.456
0.734	34.117
0.711	31.079
0.777	42.929
0.783	46.735
0.715	31.239
0.778	43.025
0.741	35.562
0.718	31.52
0.738	35.265
0.731	33.161
0.758	38.541
0.757	38.137
0.72	31.868
0.738	35.265
0.736	35.053
0.795	47.983
0.73	33.149
0.811	53.311
0.744	36.189
0.72	31.868
0.721	32.113
0.785	47.052
0.733	33.792
0.73	33.149
0.785	47.052
0.711	31.079
0.802	52.285
0.65	26.996
0.631	26.882
0.802	52.285
0.742	35.828
0.768	42.108
0.721	32.113
