P=? [ F (x=9&y=9&crashed=0) ]	R{"cost"}=? [ C<=100 ]
0.916	49.984
0.74	28.682
0.916	49.984
0.74	28.682
0.909	48.817
0.85	37.968
0.898	44.806
0.754	28.896
0.783	29.216
0.89	43.469
0.881	40.362
0.84	35.137
0.799	32.923
0.797	30.76
0.791	29.614
0.881	40.362
0.898	44.806
0.84	35.137
0.752	28.822
0.862	38.703
0.741	28.684
0.89	43.469
0.871	38.823
0.826	33.672
0.794	30.494
0.784	29.258
0.819	33.596
0.803	33.05
0.856	38.474
0.809	33.103
0.791	29.614
0.879	39.768
0.911	49.027
0.804	33.098
0.818	33.558
0.854	38.112
0.913	49.474
0.812	33.224
0.814	33.554
0.754	28.896
0.83	33.955
0.838	34.836
0.834	34.429
0.873	38.998
0.859	38.514
0.829	33.698
0.876	39.308
0.784	29.258
0.897	44.455
0.797	30.76
0.838	34.836
0.783	29.216
0.861	38.663
0.872	38.837
0.875	39.231
0.912	49.319
0.832	34.101
0.794	30.494
0.879	39.768
0.892	43.57
0.894	43.995
0.893	43.722
0.836	34.619
0.86	38.516
0.831	34.0
0.833	34.169
0.752	28.822
0.813	33.474
0.799	32.923
0.809	33.103
0.914	49.7
0.795	30.534
0.836	34.619
0.855	38.259
0.91	48.85
0.896	44.306
0.895	44.139
0.795	30.534
0.915	49.824
0.877	39.466
0.878	39.613
0.912	49.319
0.893	43.722
0.835	34.468
0.897	44.455
0.896	44.306
0.855	38.259
0.878	39.613
0.877	39.466
0.895	44.139
0.894	43.995
0.854	38.112
0.741	28.684
0.874	39.134
0.827	33.684
0.915	49.824
0.914	49.7
0.812	33.224
0.871	38.823
0.892	43.57
