P=? [ F (x=9&y=9&crashed=0) ]	R{"cost"}=? [ C<=100 ]
0.691	27.116
0.845	44.469
0.691	27.116
0.714	27.217
0.753	29.712
0.757	31.895
0.828	41.933
0.823	39.76
0.799	35.143
0.8	36.75
0.731	28.284
0.817	38.285
0.843	43.71
0.831	42.696
0.744	28.415
0.808	38.047
0.843	43.71
0.831	42.696
0.77	32.375
0.719	27.345
0.823	39.76
0.794	34.317
0.822	39.455
0.726	27.552
0.719	27.345
0.82	39.01
0.753	29.712
0.79	33.544
0.764	32.227
0.784	33.54
0.729	27.832
0.791	33.605
0.714	27.217
0.819	38.629
0.828	41.933
0.778	33.487
0.83	42.454
0.829	41.995
0.783	33.539
0.747	28.912
0.746	28.461
0.803	36.812
0.844	44.021
0.73	28.251
0.798	34.843
0.751	29.414
0.796	34.552
0.775	33.152
0.774	33.087
0.773	32.692
0.792	33.985
0.748	28.922
0.771	32.639
0.749	29.178
0.727	27.579
0.757	31.895
0.751	29.414
0.796	34.552
0.758	31.911
0.804	37.144
0.818	38.607
0.844	44.021
0.807	37.74
0.821	39.162
0.798	34.843
0.802	36.807
0.806	37.594
0.805	37.325
0.761	32.188
0.793	34.062
0.83	42.454
0.808	38.047
0.749	29.178
0.776	33.376
0.777	33.432
0.728	27.8
0.726	27.552
0.759	32.115
0.76	32.187
0.805	37.325
0.804	37.144
0.821	39.162
0.77	32.375
0.764	32.227
0.807	37.74
0.806	37.594
0.744	28.415
0.763	32.222
0.793	34.062
0.792	33.985
0.759	32.115
0.774	33.087
0.829	41.995
0.8	36.75
0.776	33.376
0.773	32.692
0.783	33.539
0.778	33.487
0.772	32.64
0.746	28.461
