P=? [ F (x=9&y=9&crashed=0) ]	R{"cost"}=? [ C<=100 ]
0.846	44.511
0.664	23.626
0.664	23.626
0.846	44.511
0.693	27.104
0.693	27.104
0.719	27.363
0.694	27.11
0.844	43.883
0.755	29.981
0.824	40.358
0.757	32.09
0.8	35.435
0.808	37.95
0.803	36.985
0.744	28.355
0.828	41.859
0.732	28.234
0.833	42.886
0.833	42.886
0.817	38.434
0.719	27.363
0.778	33.382
0.759	32.139
0.753	29.957
0.726	27.521
0.785	33.456
0.752	29.437
0.807	37.728
0.73	28.114
0.796	34.295
0.832	42.681
0.831	42.4
0.764	32.267
0.817	38.434
0.764	32.267
0.829	41.931
0.773	32.704
0.818	38.467
0.823	39.924
0.822	39.71
0.821	39.279
0.828	41.859
0.805	37.252
0.788	33.497
0.751	29.419
0.793	34.014
0.799	35.247
0.798	34.862
0.797	34.677
0.804	37.126
0.75	29.156
0.728	27.782
0.745	28.382
0.803	36.985
0.768	32.323
0.791	33.604
0.772	32.631
0.821	39.279
0.82	38.936
0.777	33.331
0.775	32.989
0.789	33.518
0.845	44.18
0.806	37.424
0.785	33.456
0.845	44.18
0.819	38.758
0.748	28.879
0.771	32.461
0.83	42.214
0.796	34.295
0.793	34.014
0.75	29.156
0.748	28.879
0.729	27.846
0.774	32.957
0.694	27.11
0.792	33.853
0.732	28.234
0.746	28.613
0.823	39.924
0.822	39.71
0.727	27.586
0.799	35.247
0.83	42.214
0.798	34.862
0.797	34.677
0.82	38.936
0.819	38.758
0.806	37.424
0.747	28.708
0.777	33.331
0.757	32.09
0.792	33.853
0.726	27.521
0.775	32.989
0.769	32.349
0.771	32.461
0.769	32.349
