P=? [ F (x=9&y=9&crashed=0) ]	R{"cost"}=? [ C<=100 ]
0.881	60.369
0.688	27.556
0.688	27.556
0.881	60.369
0.867	54.009
0.879	59.164
0.864	50.026
0.873	55.252
0.849	48.585
0.848	45.011
0.712	28.444
0.73	29.11
0.759	32.232
0.825	42.037
0.802	37.054
0.754	29.982
0.749	29.568
0.706	28.017
0.693	27.951
0.736	29.161
0.879	59.164
0.824	40.145
0.853	49.166
0.8	35.371
0.841	43.831
0.831	42.8
0.873	55.252
0.841	43.831
0.86	49.23
0.807	37.99
0.814	38.445
0.736	29.161
0.69	27.891
0.844	43.939
0.831	42.8
0.872	54.667
0.754	29.982
0.829	42.176
0.765	32.858
0.749	29.568
0.731	29.123
0.852	48.73
0.769	33.248
0.79	33.659
0.753	29.672
0.785	33.526
0.83	42.759
0.823	39.67
0.864	50.026
0.774	33.409
0.818	38.527
0.763	32.303
0.861	49.314
0.785	33.526
0.794	34.237
0.792	34.162
0.78	33.485
0.759	32.232
0.791	33.864
0.73	29.11
0.712	28.444
0.822	39.541
0.827	42.122
0.804	37.159
0.863	49.614
0.761	32.247
0.797	34.781
0.806	37.771
0.869	54.112
0.85	48.617
0.871	54.429
0.805	37.636
0.824	40.145
0.708	28.083
0.814	38.445
0.807	37.99
0.82	39.138
0.845	44.376
0.794	34.237
0.848	45.011
0.847	44.601
0.708	28.083
0.693	27.951
0.799	35.199
0.798	34.796
0.777	33.467
0.711	28.387
0.819	38.919
0.768	33.029
0.78	33.485
0.777	33.467
0.797	34.781
0.821	39.186
0.816	38.521
0.772	33.406
0.8	35.371
0.772	33.406
0.711	28.387
0.863	49.614
0.868	54.018
