P=? [ F (x=9&y=9&crashed=0) ]	R{"cost"}=? [ C<=100 ]
0.854	49.046
0.719	31.02
0.854	49.046
0.719	31.02
0.849	48.314
0.846	44.427
0.822	42.431
0.815	41.55
0.806	38.683
0.84	43.371
0.795	37.945
0.782	37.266
0.743	33.19
0.761	34.079
0.728	31.122
0.738	32.537
0.752	33.303
0.77	35.352
0.77	35.352
0.762	34.128
0.753	33.546
0.797	38.303
0.815	41.55
0.806	38.683
0.762	34.128
0.84	43.371
0.804	38.67
0.795	37.945
0.851	48.903
0.817	41.572
0.782	37.266
0.735	32.067
0.743	33.19
0.846	44.427
0.842	43.734
0.821	42.181
0.85	48.318
0.753	33.546
0.773	35.769
0.804	38.67
0.797	38.303
0.771	35.674
0.732	31.732
0.736	32.471
0.778	36.703
0.777	36.301
0.775	36.143
0.844	44.065
0.735	32.067
0.732	31.732
0.781	37.1
0.78	36.779
0.731	31.587
0.729	31.283
0.729	31.283
0.731	31.587
0.775	36.143
0.843	44.012
0.819	41.844
0.819	41.844
0.773	35.769
0.853	48.965
0.82	41.974
0.737	32.491
0.841	43.54
0.844	44.065
0.841	43.54
0.781	37.1
0.776	36.288
0.82	41.974
0.752	33.303
0.771	35.674
0.853	48.965
0.851	48.903
0.843	44.012
0.78	36.779
0.779	36.74
0.779	36.74
0.778	36.703
0.736	32.471
0.777	36.301
0.776	36.288
0.85	48.318
0.854	49.046
0.719	31.02
0.804	38.67
0.815	41.55
0.77	35.352
0.762	34.128
0.84	43.371
0.782	37.266
0.743	33.19
0.846	44.427
0.753	33.546
0.797	38.303
0.735	32.067
0.732	31.732
0.729	31.283
0.731	31.587
0.819	41.844
