P=? [ F (x=9&y=9&crashed=0) ]	R{"cost"}=? [ C<=100 ]
0.841	43.512
0.652	26.574
0.841	43.512
0.652	26.574
0.653	26.938
0.839	43.228
0.707	26.963
0.785	37.057
0.827	39.839
0.782	35.18
0.803	37.654
0.806	38.511
0.823	38.898
0.753	31.697
0.739	30.048
0.827	39.839
0.753	31.697
0.716	27.951
0.73	29.051
0.739	30.048
0.73	29.051
0.775	33.758
0.716	27.951
0.762	33.705
0.758	32.588
0.735	29.255
0.759	33.452
0.777	34.017
0.756	32.008
0.825	39.26
0.805	37.97
0.779	34.418
0.758	32.588
0.736	29.721
0.71	27.048
0.715	27.874
0.754	31.883
0.781	34.698
0.712	27.261
0.823	38.898
0.713	27.629
0.825	39.26
0.806	38.511
0.78	34.434
0.76	33.465
0.805	37.97
0.738	30.028
0.736	29.721
0.732	29.056
0.781	34.698
0.713	27.629
0.761	33.692
0.756	32.008
0.707	26.963
0.711	27.237
0.732	29.056
0.776	33.851
0.738	30.028
0.776	33.851
0.775	33.758
0.762	33.705
0.653	26.938
0.711	27.237
0.759	33.452
0.761	33.692
0.652	26.574
0.841	43.512
0.827	39.839
0.753	31.697
0.739	30.048
0.73	29.051
0.716	27.951
0.823	38.898
0.825	39.26
0.806	38.511
0.805	37.97
0.736	29.721
0.781	34.698
0.756	32.008
0.732	29.056
0.711	27.237
0.738	30.028
0.776	33.851
0.775	33.758
0.762	33.705
0.653	26.938
0.759	33.452
0.761	33.692
0.841	43.512
0.652	26.574
0.827	39.839
0.753	31.697
0.739	30.048
0.73	29.051
0.716	27.951
0.823	38.898
0.825	39.26
0.806	38.511
0.736	29.721
0.781	34.698
