P=? [ F (x=9&y=9&crashed=0) ]	R{"cost"}=? [ C<=100 ]
0.863	54.487
0.689	27.004
0.863	54.487
0.689	27.004
0.854	54.213
0.846	49.221
0.823	38.909
0.832	44.181
0.828	39.758
0.845	49.077
0.844	44.995
0.711	27.062
0.802	37.685
0.783	34.994
0.775	33.83
0.725	30.724
0.715	27.924
0.783	34.994
0.754	31.713
0.759	33.31
0.799	37.339
0.738	31.598
0.799	37.339
0.715	27.924
0.843	44.788
0.725	30.724
0.862	54.342
0.846	49.221
0.757	32.171
0.854	54.213
0.802	37.685
0.732	31.556
0.835	44.721
0.758	33.178
0.775	33.83
0.832	44.181
0.713	27.416
0.738	31.598
0.828	39.758
0.78	34.425
0.779	34.372
0.779	34.372
0.759	33.31
0.834	44.673
0.801	37.49
0.826	39.552
0.824	39.12
0.729	31.074
0.726	30.809
0.73	31.167
0.824	39.12
0.78	34.425
0.729	31.074
0.726	30.809
0.714	27.676
0.73	31.167
0.714	27.676
0.756	32.1
0.755	31.857
0.711	27.062
0.844	44.995
0.826	39.552
0.834	44.673
0.732	31.556
0.827	39.6
0.755	31.857
0.845	49.077
0.758	33.178
0.862	54.342
0.754	31.713
0.8	37.404
0.756	32.1
0.835	44.721
0.8	37.404
0.827	39.6
0.863	54.487
0.689	27.004
0.783	34.994
0.799	37.339
0.802	37.685
0.846	49.221
0.854	54.213
0.775	33.83
0.832	44.181
0.738	31.598
0.828	39.758
0.714	27.676
0.759	33.31
0.78	34.425
0.824	39.12
0.729	31.074
0.726	30.809
0.73	31.167
0.844	44.995
0.826	39.552
0.732	31.556
0.755	31.857
0.845	49.077
0.758	33.178
0.862	54.342
