P=? [ F (x=9&y=9&crashed=0) ]	R{"cost"}=? [ C<=100 ]
0.742	28.502
0.862	49.19
0.862	49.19
0.742	28.502
0.847	44.942
0.763	32.567
0.755	29.699
0.834	42.947
0.83	40.109
0.852	47.692
0.793	37.306
0.792	34.996
0.776	32.809
0.765	32.583
0.855	48.093
0.812	38.688
0.821	38.73
0.755	29.699
0.763	32.567
0.748	29.11
0.83	40.109
0.754	29.672
0.844	43.977
0.86	48.821
0.86	48.821
0.852	47.692
0.79	34.741
0.789	34.217
0.778	32.831
0.747	28.83
0.785	33.639
0.786	34.061
0.845	44.385
0.826	39.241
0.829	39.715
0.796	37.638
0.754	29.672
0.748	29.11
0.846	44.391
0.861	48.839
0.834	42.947
0.825	39.224
0.779	33.151
0.795	37.606
0.745	28.814
0.805	38.086
0.794	37.325
0.781	33.193
0.802	37.853
0.836	42.979
0.799	37.655
0.805	38.086
0.802	37.853
0.776	32.809
0.765	32.583
0.827	39.638
0.839	43.559
0.84	43.59
0.842	43.958
0.823	38.764
0.824	38.916
0.744	28.508
0.782	33.483
0.837	43.247
0.854	47.97
0.853	47.707
0.8	37.736
0.792	34.996
0.791	34.746
0.821	38.73
0.841	43.763
0.807	38.217
0.838	43.369
0.787	34.075
0.743	28.505
0.841	43.763
0.81	38.567
0.809	38.396
0.809	38.396
0.808	38.239
0.824	38.916
0.789	34.217
0.787	34.075
0.807	38.217
0.854	47.97
0.838	43.369
0.837	43.247
0.8	37.736
0.784	33.608
0.783	33.527
0.811	38.608
0.828	39.709
0.827	39.638
0.783	33.527
0.782	33.483
0.781	33.193
0.812	38.688
0.779	33.151
0.811	38.608
0.81	38.567
