P=? [ F (x=9&y=9&crashed=0) ]	R{"cost"}=? [ C<=100 ]
0.87	53.909
0.663	26.99
0.663	26.99
0.87	53.909
0.665	27.52
0.732	27.627
0.862	49.305
0.854	47.961
0.761	32.256
0.837	43.238
0.83	39.972
0.847	44.813
0.794	37.331
0.793	35.034
0.755	29.699
0.854	47.961
0.811	38.667
0.823	38.75
0.772	32.571
0.797	37.635
0.861	49.071
0.778	32.756
0.861	49.071
0.83	39.972
0.847	44.813
0.837	43.238
0.772	32.571
0.761	32.256
0.755	29.699
0.732	27.627
0.829	39.743
0.829	39.743
0.825	39.152
0.737	27.777
0.79	34.5
0.825	39.152
0.747	28.845
0.793	35.034
0.79	34.5
0.803	38.113
0.801	37.975
0.842	43.984
0.781	33.206
0.742	28.288
0.738	27.817
0.801	37.975
0.754	29.695
0.751	29.24
0.781	33.206
0.778	32.756
0.807	38.384
0.751	29.24
0.75	29.068
0.738	27.817
0.789	34.202
0.742	28.288
0.746	28.569
0.807	38.384
0.803	38.113
0.84	43.594
0.787	34.071
0.809	38.427
0.844	44.211
0.842	43.984
0.785	33.649
0.794	37.331
0.754	29.695
0.839	43.574
0.782	33.462
0.783	33.577
0.786	33.826
0.665	27.52
0.824	38.986
0.845	44.441
0.846	44.584
0.844	44.211
0.75	29.068
0.747	28.845
0.838	43.461
0.746	28.569
0.744	28.349
0.811	38.667
0.786	33.826
0.809	38.427
0.744	28.349
0.824	38.986
0.84	43.594
0.737	27.777
0.846	44.584
0.845	44.441
0.789	34.202
0.787	34.071
0.782	33.462
0.838	43.461
0.823	38.75
0.785	33.649
0.783	33.577
0.743	28.306
0.743	28.306
0.87	53.909
