P=? [ F (x=9&y=9&crashed=0) ]	R{"cost"}=? [ C<=100 ]
0.642	23.083
0.861	49.256
0.642	23.083
0.861	49.256
0.853	48.235
0.685	28.005
0.728	28.006
0.836	43.273
0.844	44.354
0.827	39.676
0.754	32.497
0.753	29.707
0.66	26.653
0.652	23.256
0.656	24.228
0.793	37.21
0.791	34.997
0.775	32.64
0.836	43.273
0.762	32.602
0.827	39.676
0.739	28.017
0.674	27.946
0.844	44.354
0.728	28.006
0.685	28.005
0.668	27.784
0.843	44.109
0.811	38.535
0.778	32.931
0.655	24.172
0.818	38.955
0.843	44.109
0.798	37.853
0.755	32.592
0.663	27.011
0.672	27.867
0.762	32.602
0.817	38.807
0.785	33.814
0.787	34.511
0.825	39.194
0.803	37.882
0.66	26.653
0.79	34.666
0.668	27.784
0.777	32.721
0.811	38.535
0.663	27.011
0.786	34.027
0.826	39.206
0.752	29.607
0.749	29.154
0.791	34.997
0.807	38.113
0.656	24.228
0.789	34.523
0.803	37.882
0.781	33.302
0.743	28.458
0.808	38.175
0.743	28.458
0.74	28.099
0.752	29.607
0.662	26.992
0.74	28.099
0.795	37.569
0.783	33.529
0.797	37.659
0.808	38.175
0.655	24.172
0.748	29.122
0.747	28.837
0.783	33.529
0.793	37.21
0.817	38.807
0.781	33.302
0.749	29.154
0.825	39.194
0.818	38.955
0.807	38.113
0.786	34.027
0.794	37.372
0.782	33.334
0.674	27.946
0.745	28.765
0.744	28.589
0.794	37.372
0.662	26.992
0.744	28.589
0.753	29.707
0.754	32.497
0.797	37.659
0.795	37.569
0.747	28.837
0.746	28.799
0.746	28.799
0.745	28.765
0.782	33.334
0.748	29.122
