P=? [ F (x=9&y=9&crashed=0) ]	R{"cost"}=? [ C<=100 ]
0.854	43.862
0.64	25.44
0.64	25.44
0.854	43.862
0.685	26.809
0.808	31.674
0.765	31.373
0.846	39.087
0.847	42.539
0.832	37.216
0.757	28.784
0.732	27.367
0.83	34.593
0.748	27.612
0.758	30.995
0.72	27.159
0.701	27.034
0.685	26.809
0.701	27.034
0.686	26.85
0.757	28.784
0.72	27.159
0.842	38.949
0.841	38.056
0.748	27.612
0.851	43.588
0.838	37.695
0.827	34.002
0.85	42.887
0.838	37.695
0.816	32.895
0.832	37.216
0.815	32.41
0.824	33.765
0.83	34.593
0.823	33.487
0.828	34.279
0.841	38.056
0.828	34.279
0.808	31.674
0.765	31.373
0.811	31.97
0.812	32.25
0.764	31.327
0.762	31.051
0.851	43.588
0.849	42.812
0.847	42.539
0.82	33.318
0.819	33.079
0.824	33.765
0.761	31.005
0.845	39.075
0.686	26.85
0.813	32.262
0.849	42.812
0.818	33.044
0.816	32.895
0.821	33.374
0.762	31.051
0.764	31.327
0.809	31.801
0.845	39.075
0.842	38.949
0.818	33.044
0.823	33.487
0.821	33.374
0.81	31.904
0.809	31.801
0.815	32.41
0.814	32.326
0.85	42.887
0.811	31.97
0.81	31.904
0.814	32.326
0.82	33.318
0.819	33.079
0.812	32.25
0.761	31.005
0.758	30.995
0.854	43.862
0.685	26.809
0.701	27.034
0.757	28.784
0.748	27.612
0.838	37.695
0.72	27.159
0.83	34.593
0.808	31.674
0.765	31.373
0.851	43.588
0.847	42.539
0.824	33.765
0.686	26.85
0.849	42.812
0.816	32.895
0.762	31.051
0.845	39.075
0.842	38.949
0.818	33.044
