P=? [ F (x=9&y=9&crashed=0) ]	R{"cost"}=? [ C<=100 ]
0.609	21.605
0.853	48.061
0.609	21.605
0.682	25.594
0.847	47.497
0.845	43.069
0.642	25.428
0.838	38.719
0.639	25.271
0.844	42.499
0.832	37.788
0.639	25.271
0.83	34.591
0.764	31.402
0.789	31.411
0.706	27.008
0.724	27.109
0.702	26.784
0.79	31.449
0.806	31.667
0.759	30.548
0.687	26.582
0.749	29.181
0.759	30.548
0.844	42.499
0.848	47.79
0.749	29.181
0.684	25.768
0.838	38.719
0.74	27.988
0.686	26.544
0.735	27.774
0.762	30.887
0.845	43.069
0.763	31.36
0.742	28.647
0.741	28.027
0.748	29.051
0.82	33.044
0.824	33.614
0.832	37.788
0.702	26.784
0.818	33.017
0.743	28.651
0.724	27.109
0.706	27.008
0.835	38.213
0.734	27.474
0.847	47.497
0.748	29.051
0.743	28.651
0.816	32.619
0.835	38.213
0.642	25.428
0.728	27.147
0.81	31.705
0.83	34.591
0.732	27.427
0.762	30.887
0.836	38.386
0.806	31.667
0.821	33.363
0.816	32.619
0.684	25.768
0.836	38.386
0.828	34.257
0.827	33.98
0.825	33.884
0.732	27.427
0.729	27.189
0.811	31.963
0.829	34.34
0.814	32.314
0.813	32.066
0.729	27.189
0.79	31.449
0.735	27.774
0.815	32.41
0.687	26.582
0.823	33.435
0.686	26.544
0.818	33.017
0.808	31.684
0.808	31.684
0.815	32.41
0.814	32.314
0.811	31.963
0.812	32.049
0.829	34.34
0.828	34.257
0.826	33.954
0.825	33.884
0.822	33.427
0.821	33.363
0.734	27.474
0.741	28.027
0.728	27.147
0.827	33.98
0.826	33.954
0.81	31.705
