P=? [ F (x=9&y=9&crashed=0) ]	R{"cost"}=? [ C<=100 ]
0.863	49.786
0.679	22.927
0.863	49.786
0.705	27.397
0.691	26.997
0.688	23.704
0.823	39.994
0.847	47.625
0.846	44.401
0.86	49.14
0.758	31.917
0.745	28.408
0.732	28.211
0.848	47.914
0.693	27.265
0.754	30.059
0.828	41.829
0.717	27.422
0.778	33.43
0.802	36.703
0.799	35.303
0.788	33.496
0.686	23.235
0.834	43.24
0.822	39.311
0.808	37.95
0.816	38.146
0.848	47.914
0.726	27.523
0.842	43.58
0.828	41.829
0.764	32.23
0.752	29.511
0.72	27.461
0.754	30.059
0.763	32.11
0.805	37.326
0.799	35.303
0.796	34.349
0.861	49.167
0.79	33.528
0.845	44.084
0.819	38.811
0.758	31.917
0.844	43.91
0.773	32.956
0.775	32.985
0.798	34.92
0.77	32.38
0.818	38.503
0.802	36.703
0.691	26.997
0.728	27.817
0.807	37.683
0.776	33.281
0.768	32.305
0.751	29.167
0.817	38.361
0.806	37.549
0.791	33.842
0.831	42.279
0.797	34.835
0.804	37.02
0.772	32.659
0.843	43.609
0.862	49.641
0.833	42.952
0.832	42.488
0.829	42.115
0.687	23.687
0.794	34.055
0.795	34.31
0.75	29.148
0.746	28.611
0.771	32.619
0.749	28.88
0.73	27.99
0.732	28.211
0.842	43.58
0.834	43.24
0.718	27.441
0.82	38.994
0.792	33.874
0.73	27.99
0.846	44.401
0.82	38.994
0.83	42.142
0.688	23.704
0.686	23.235
0.777	33.358
0.847	47.625
0.833	42.952
0.803	36.988
0.753	29.775
0.693	27.265
0.753	29.775
0.747	28.695
0.768	32.305
0.788	33.496
0.832	42.488
