P=? [ F (x=9&y=9&crashed=0) ]	R{"cost"}=? [ C<=100 ]
0.652	23.23
0.848	47.671
0.848	47.671
0.652	23.23
0.67	23.568
0.674	26.9
0.847	44.693
0.714	27.189
0.691	27.001
0.754	29.693
0.758	31.899
0.691	27.001
0.799	35.068
0.675	26.919
0.828	41.942
0.824	40.072
0.843	43.712
0.803	36.836
0.808	38.032
0.83	42.27
0.732	28.224
0.843	43.712
0.83	42.27
0.744	28.373
0.772	33.269
0.817	38.285
0.77	32.351
0.79	33.525
0.726	27.487
0.719	27.344
0.822	39.45
0.783	33.486
0.771	32.504
0.76	32.244
0.823	39.76
0.714	27.189
0.824	40.072
0.796	34.866
0.778	33.453
0.751	29.465
0.774	33.374
0.828	41.942
0.719	27.344
0.729	28.051
0.764	32.25
0.754	29.693
0.799	35.068
0.783	33.486
0.75	29.402
0.749	29.055
0.764	32.25
0.758	31.899
0.777	33.432
0.803	36.836
0.795	34.431
0.844	44.002
0.846	44.403
0.805	37.319
0.804	36.909
0.819	38.765
0.818	38.364
0.846	44.403
0.844	44.002
0.732	28.224
0.674	26.9
0.821	39.063
0.727	27.67
0.794	34.185
0.794	34.185
0.792	33.846
0.746	28.691
0.745	28.374
0.807	37.716
0.727	27.67
0.729	28.051
0.847	44.693
0.829	42.216
0.807	37.716
0.806	37.445
0.748	29.027
0.747	28.763
0.817	38.285
0.759	31.998
0.795	34.431
0.82	39.002
0.819	38.765
0.792	33.846
0.791	33.739
0.796	34.866
0.771	32.504
0.744	28.373
0.726	27.487
0.806	37.445
0.805	37.319
0.791	33.739
0.759	31.998
0.675	26.919
0.818	38.364
0.804	36.909
0.747	28.763
