P=? [ F (x=9&y=9&crashed=0) ]	R{"cost"}=? [ C<=100 ]
0.674	26.906
0.848	47.814
0.674	26.906
0.847	47.674
0.846	44.399
0.706	27.407
0.726	27.524
0.8	37.046
0.843	43.607
0.755	30.017
0.799	35.063
0.758	31.935
0.745	28.409
0.706	27.407
0.731	28.12
0.691	27.057
0.689	27.025
0.828	41.846
0.824	40.144
0.833	42.957
0.811	38.549
0.823	39.926
0.806	37.491
0.832	42.486
0.817	38.579
0.783	33.467
0.759	32.179
0.83	42.351
0.785	33.518
0.833	42.957
0.804	37.232
0.822	39.308
0.824	40.144
0.763	32.241
0.778	33.449
0.789	33.53
0.776	33.182
0.828	41.846
0.758	31.935
0.752	29.57
0.691	27.057
0.728	27.796
0.746	28.695
0.809	38.117
0.755	30.017
0.773	32.856
0.749	29.016
0.791	33.757
0.795	34.331
0.751	29.464
0.75	29.053
0.731	28.12
0.748	28.755
0.727	27.593
0.753	29.828
0.808	37.93
0.803	37.101
0.807	37.862
0.829	41.983
0.818	38.666
0.79	33.556
0.796	34.355
0.77	32.374
0.775	32.991
0.793	33.906
0.844	43.936
0.798	34.869
0.797	34.55
0.846	44.399
0.845	44.085
0.809	38.117
0.745	28.409
0.765	32.3
0.792	33.849
0.794	34.062
0.774	32.964
0.729	27.926
0.768	32.366
0.689	27.025
0.772	32.661
0.771	32.464
0.777	33.377
0.797	34.55
0.772	32.661
0.799	35.063
0.798	34.869
0.729	27.926
0.753	29.828
0.768	32.366
0.82	38.996
0.819	38.814
0.747	28.73
0.764	32.256
0.822	39.308
0.821	39.131
0.794	34.062
0.845	44.085
0.844	43.936
0.819	38.814
0.847	47.674
