P=? [ F (x=9&y=9&crashed=0) ]	R{"cost"}=? [ C<=100 ]
0.871	55.231
0.655	22.801
0.871	55.231
0.656	23.024
0.703	27.226
0.703	27.226
0.862	49.848
0.868	54.301
0.851	48.947
0.846	44.538
0.656	23.024
0.75	29.228
0.757	32.181
0.745	28.419
0.828	41.905
0.821	39.27
0.719	27.359
0.799	36.713
0.736	27.762
0.796	34.773
0.726	27.571
0.736	27.762
0.795	34.447
0.821	39.27
0.859	48.98
0.828	41.905
0.781	33.144
0.852	48.967
0.784	33.537
0.791	33.781
0.774	32.921
0.771	32.586
0.726	27.571
0.842	43.654
0.835	43.624
0.757	32.181
0.833	43.607
0.747	29.129
0.72	27.454
0.809	38.084
0.766	32.556
0.815	38.181
0.869	54.352
0.782	33.373
0.846	44.538
0.796	34.773
0.851	48.947
0.832	43.03
0.843	43.683
0.83	42.177
0.86	49.348
0.792	33.937
0.804	36.935
0.86	49.348
0.87	54.845
0.832	43.03
0.831	42.559
0.845	44.508
0.844	44.045
0.792	33.937
0.764	32.257
0.784	33.537
0.87	54.845
0.82	38.885
0.831	42.559
0.844	44.045
0.799	36.713
0.761	32.218
0.76	32.201
0.758	32.196
0.819	38.694
0.818	38.385
0.808	38.02
0.807	37.712
0.773	32.846
0.803	36.816
0.806	37.452
0.805	37.166
0.83	42.177
0.765	32.526
0.807	37.712
0.806	37.452
0.791	33.781
0.805	37.166
0.816	38.233
0.781	33.144
0.774	32.921
0.802	36.799
0.747	29.129
0.749	29.181
0.801	36.754
0.82	38.885
0.819	38.694
0.772	32.775
0.835	43.624
0.763	32.228
0.719	27.359
0.818	38.385
0.817	38.258
0.72	27.454
