P=? [ F (x=9&y=9&crashed=0) ]	R{"cost"}=? [ C<=100 ]
0.622	22.787
0.871	48.787
0.622	22.787
0.866	48.087
0.723	31.557
0.764	31.824
0.854	44.023
0.638	27.121
0.675	27.169
0.71	27.446
0.636	26.884
0.626	23.514
0.83	39.444
0.68	27.435
0.831	42.178
0.721	31.502
0.717	28.714
0.81	37.103
0.807	34.944
0.77	32.277
0.783	32.408
0.866	48.087
0.854	44.023
0.626	23.514
0.818	38.421
0.636	26.884
0.839	42.512
0.717	28.714
0.829	38.958
0.796	33.278
0.716	28.128
0.834	42.45
0.625	23.451
0.869	48.335
0.85	43.574
0.852	44.015
0.802	33.916
0.815	37.855
0.791	33.243
0.851	43.601
0.823	38.431
0.803	34.352
0.826	38.688
0.789	33.106
0.716	28.128
0.713	27.629
0.815	37.855
0.845	43.488
0.842	43.093
0.84	42.848
0.805	34.493
0.81	37.103
0.766	31.838
0.799	33.665
0.677	27.387
0.764	31.824
0.812	37.32
0.869	48.335
0.842	43.093
0.844	43.437
0.637	26.92
0.783	32.408
0.806	34.823
0.807	34.944
0.721	31.502
0.8	33.723
0.788	32.926
0.787	32.645
0.831	42.178
0.814	37.583
0.625	23.451
0.834	42.45
0.723	31.557
0.799	33.665
0.813	37.572
0.824	38.442
0.84	42.848
0.796	33.278
0.713	27.629
0.77	32.277
0.786	32.624
0.768	32.056
0.68	27.435
0.818	38.421
0.812	37.32
0.786	32.624
0.676	27.367
0.767	32.035
0.827	38.773
0.827	38.773
0.788	32.926
0.722	31.511
0.844	43.437
0.801	33.877
0.712	27.598
0.805	34.493
0.803	34.352
0.791	33.243
0.712	27.598
0.768	32.056
