P=? [ F (x=9&y=9&crashed=0) ]	R{"cost"}=? [ C<=100 ]
0.874	58.861
0.617	24.171
0.617	24.171
0.874	58.861
0.869	57.713
0.864	49.318
0.62	26.957
0.859	48.121
0.854	44.078
0.766	31.839
0.735	31.669
0.842	42.707
0.831	39.11
0.644	27.131
0.642	26.991
0.668	27.17
0.714	31.416
0.711	30.404
0.767	31.892
0.786	32.117
0.73	31.476
0.701	27.904
0.687	27.356
0.811	36.573
0.808	34.815
0.676	27.26
0.842	42.707
0.831	39.11
0.851	43.436
0.704	28.369
0.69	27.579
0.859	48.121
0.675	27.181
0.707	29.373
0.864	49.318
0.872	58.141
0.869	57.713
0.845	43.198
0.707	29.373
0.668	27.17
0.854	44.078
0.826	38.223
0.705	28.922
0.803	33.963
0.83	38.836
0.828	38.695
0.79	32.848
0.701	27.904
0.706	28.929
0.872	58.141
0.852	43.851
0.811	36.573
0.806	34.528
0.808	34.815
0.805	34.156
0.862	48.619
0.795	33.137
0.862	48.619
0.863	48.842
0.823	37.727
0.69	27.579
0.798	33.139
0.817	37.543
0.731	31.501
0.843	42.985
0.821	37.721
0.787	32.148
0.845	43.198
0.792	32.914
0.799	33.163
0.813	37.051
0.688	27.562
0.792	32.914
0.824	37.926
0.714	31.416
0.821	37.721
0.824	37.926
0.812	36.847
0.827	38.422
0.795	33.137
0.789	32.583
0.815	37.319
0.814	37.056
0.807	34.562
0.801	33.606
0.8	33.36
0.802	33.733
0.852	43.851
0.786	32.117
0.767	31.892
0.863	48.842
0.788	32.366
0.789	32.583
0.788	32.366
0.843	42.985
0.816	37.526
0.815	37.319
0.812	36.847
0.827	38.422
0.8	33.36
