P=? [ F (x=9&y=9&crashed=0) ]	R{"cost"}=? [ C<=100 ]
0.862	47.332
0.677	27.31
0.862	47.332
0.717	28.576
0.767	31.847
0.767	31.847
0.717	28.576
0.86	47.091
0.854	44.111
0.835	41.635
0.685	27.462
0.711	27.471
0.831	39.152
0.811	36.7
0.808	34.644
0.784	32.071
0.842	43.058
0.854	44.111
0.83	38.904
0.792	33.044
0.853	43.705
0.817	37.834
0.823	37.918
0.86	47.091
0.685	27.462
0.716	28.12
0.714	28.086
0.802	33.66
0.712	27.5
0.805	33.962
0.848	43.117
0.828	38.438
0.831	39.152
0.791	32.623
0.825	38.166
0.84	42.546
0.813	36.939
0.796	33.081
0.807	34.437
0.838	41.877
0.811	36.7
0.808	34.644
0.788	32.544
0.787	32.124
0.84	42.546
0.814	37.341
0.799	33.143
0.803	33.922
0.839	42.241
0.851	43.365
0.784	32.071
0.828	38.438
0.85	43.155
0.807	34.437
0.839	42.241
0.852	43.405
0.789	32.59
0.8	33.415
0.816	37.578
0.838	41.877
0.836	41.638
0.813	36.939
0.826	38.218
0.801	33.443
0.823	37.918
0.816	37.578
0.815	37.388
0.848	43.117
0.826	38.218
0.805	33.962
0.714	28.086
0.797	33.111
0.712	27.5
0.786	32.1
0.836	41.638
0.817	37.834
0.815	37.388
0.814	37.341
0.788	32.544
0.803	33.922
0.852	43.405
0.85	43.155
0.791	32.623
0.799	33.143
0.797	33.111
0.786	32.1
0.801	33.443
0.8	33.415
0.787	32.124
0.711	27.471
0.767	31.847
0.717	28.576
0.854	44.111
0.685	27.462
0.831	39.152
0.811	36.7
0.808	34.644
0.784	32.071
0.807	34.437
0.839	42.241
