P=? [ F (x=9&y=9&crashed=0) ]	R{"cost"}=? [ C<=100 ]
0.871	48.942
0.631	26.945
0.871	48.942
0.631	26.945
0.857	44.573
0.858	48.426
0.721	31.679
0.717	28.393
0.749	32.028
0.785	32.076
0.637	27.127
0.667	27.158
0.835	42.59
0.833	40.174
0.812	36.85
0.809	34.993
0.667	27.158
0.687	27.328
0.71	27.537
0.749	32.028
0.698	27.342
0.736	31.869
0.687	27.328
0.723	31.701
0.698	27.342
0.735	31.86
0.833	40.174
0.83	38.853
0.869	48.685
0.841	43.076
0.861	48.614
0.832	39.358
0.717	28.393
0.792	32.917
0.824	38.044
0.818	38.032
0.805	34.035
0.715	27.925
0.712	27.56
0.849	43.313
0.831	39.322
0.808	34.985
0.789	32.45
0.803	33.794
0.714	27.919
0.789	32.45
0.84	42.828
0.814	37.094
0.637	27.127
0.807	34.525
0.787	32.096
0.812	36.85
0.801	33.438
0.815	37.509
0.799	33.422
0.798	33.103
0.855	44.179
0.836	42.692
0.855	44.179
0.854	43.897
0.86	48.429
0.792	32.917
0.85	43.325
0.854	43.897
0.852	43.579
0.828	38.6
0.796	33.092
0.796	33.092
0.806	34.297
0.826	38.297
0.828	38.6
0.817	37.779
0.723	31.701
0.814	37.094
0.851	43.567
0.816	37.751
0.815	37.509
0.849	43.313
0.841	43.076
0.807	34.525
0.806	34.297
0.802	33.665
0.827	38.374
0.835	42.59
0.809	34.993
0.826	38.297
0.869	48.685
0.735	31.86
0.736	31.869
0.785	32.076
0.84	42.828
0.836	42.692
0.802	33.665
0.787	32.096
0.824	38.044
0.852	43.579
0.827	38.374
0.861	48.614
0.832	39.358
0.817	37.779
