P=? [ F (x=9&y=9&crashed=0) ]	R{"cost"}=? [ C<=100 ]
0.699	31.362
0.88	49.192
0.869	48.098
0.856	44.711
0.711	32.354
0.771	35.922
0.753	33.757
0.797	36.44
0.776	36.385
0.856	44.711
0.753	33.757
0.826	41.383
0.771	35.922
0.728	32.713
0.728	32.713
0.819	39.783
0.869	48.098
0.742	32.808
0.855	43.975
0.704	31.915
0.837	41.951
0.879	48.772
0.853	43.601
0.812	38.681
0.871	48.53
0.841	42.697
0.839	42.587
0.843	43.419
0.826	41.383
0.845	43.497
0.819	39.783
0.811	38.03
0.808	37.414
0.748	33.069
0.813	38.826
0.831	41.76
0.752	33.598
0.809	37.921
0.703	31.913
0.702	31.407
0.748	33.069
0.746	32.866
0.817	39.297
0.752	33.598
0.799	36.505
0.742	32.808
0.803	36.91
0.818	39.671
0.815	39.08
0.815	39.08
0.87	48.391
0.837	41.951
0.829	41.556
0.879	48.772
0.871	48.53
0.804	37.151
0.817	39.297
0.775	36.359
0.774	36.149
0.841	42.697
0.839	42.587
0.773	36.14
0.772	35.937
0.853	43.601
0.831	41.76
0.844	43.481
0.807	37.377
0.805	37.206
0.843	43.419
0.746	32.866
0.797	36.44
0.805	37.206
0.802	36.868
0.801	36.716
0.828	41.507
0.8	36.651
0.701	31.364
0.87	48.391
0.807	37.377
0.828	41.507
0.818	39.671
0.83	41.666
0.845	43.497
0.83	41.666
0.801	36.716
0.8	36.651
0.811	38.03
0.81	37.971
0.804	37.151
0.776	36.385
0.81	37.971
0.809	37.921
0.702	31.407
0.802	36.868
0.775	36.359
0.772	35.937
0.774	36.149
0.773	36.14
0.701	31.364
0.703	31.913
