P=? [ F (x=9&y=9&crashed=0) ]	R{"cost"}=? [ C<=100 ]
0.889	59.894
0.739	32.751
0.739	32.751
0.889	59.894
0.88	55.052
0.864	53.432
0.863	49.769
0.763	33.904
0.847	47.963
0.846	44.496
0.782	34.15
0.834	42.819
0.825	39.708
0.755	33.159
0.803	38.378
0.79	37.204
0.787	34.748
0.817	38.522
0.825	39.708
0.88	55.052
0.834	42.819
0.879	54.901
0.872	54.535
0.871	54.396
0.848	48.256
0.799	38.203
0.865	53.475
0.871	54.396
0.865	53.475
0.86	49.246
0.853	48.309
0.855	48.613
0.839	43.676
0.796	37.745
0.843	43.766
0.803	38.378
0.824	39.26
0.86	49.246
0.855	48.613
0.79	37.204
0.758	33.402
0.796	37.745
0.761	33.423
0.783	34.312
0.799	38.203
0.791	37.471
0.757	33.36
0.755	33.159
0.793	37.522
0.787	34.748
0.756	33.162
0.879	54.901
0.872	54.535
0.785	34.697
0.818	38.534
0.846	44.496
0.838	43.383
0.847	47.963
0.845	44.203
0.762	33.632
0.82	38.955
0.819	38.684
0.845	44.203
0.844	43.935
0.837	43.24
0.836	42.986
0.782	34.15
0.763	33.904
0.786	34.722
0.784	34.538
0.793	37.522
0.762	33.632
0.863	49.769
0.862	49.57
0.844	43.935
0.861	49.413
0.854	48.473
0.836	42.986
0.835	42.822
0.784	34.538
0.862	49.57
0.861	49.413
0.819	38.684
0.817	38.522
0.838	43.383
0.837	43.24
0.854	48.473
0.822	39.116
0.821	39.005
0.823	39.212
0.822	39.116
0.843	43.766
0.839	43.676
0.853	48.309
0.848	48.256
0.821	39.005
0.82	38.955
0.823	39.212
0.792	37.48
0.761	33.423
