P=? [ F (x=9&y=9&crashed=0) ]	R{"cost"}=? [ C<=100 ]
0.655	28.831
0.853	51.464
0.853	51.464
0.655	28.831
0.704	30.772
0.822	45.145
0.828	48.965
0.827	46.077
0.713	33.276
0.757	37.904
0.808	44.188
0.755	36.341
0.833	50.449
0.693	30.348
0.848	50.534
0.678	29.494
0.671	28.892
0.83	49.266
0.801	42.998
0.796	41.476
0.759	38.467
0.704	30.772
0.713	33.276
0.685	29.591
0.808	44.188
0.768	38.541
0.832	50.316
0.806	43.563
0.782	40.462
0.689	29.999
0.789	40.468
0.725	33.916
0.801	42.998
0.824	45.501
0.732	34.438
0.74	35.033
0.673	28.948
0.745	35.724
0.796	41.476
0.778	40.027
0.772	39.121
0.852	51.173
0.691	30.22
0.736	34.912
0.851	51.036
0.673	28.948
0.85	50.769
0.72	33.733
0.744	35.456
0.719	33.498
0.75	36.263
0.727	34.321
0.748	36.237
0.747	35.887
0.777	39.699
0.685	29.591
0.735	34.734
0.726	34.302
0.717	33.467
0.803	43.369
0.741	35.174
0.779	40.16
0.849	50.638
0.732	34.438
0.69	30.035
0.793	41.082
0.792	40.886
0.717	33.467
0.779	40.16
0.828	48.965
0.79	40.654
0.735	34.734
0.771	38.978
0.769	38.683
0.744	35.456
0.741	35.174
0.722	33.775
0.795	41.321
0.777	39.699
0.775	39.434
0.771	38.978
0.769	38.683
0.775	39.434
0.722	33.775
0.774	39.293
0.832	50.316
0.804	43.494
0.803	43.369
0.795	41.321
0.793	41.082
0.782	40.462
0.792	40.886
0.79	40.654
0.826	45.895
0.825	45.688
0.755	36.341
0.75	36.263
0.759	38.467
0.825	45.688
0.827	46.077
