P=? [ F (x=9&y=9&crashed=0) ]	R{"cost"}=? [ C<=100 ]
0.833	50.423
0.833	50.423
0.671	28.871
0.821	49.658
0.797	43.647
0.82	46.732
0.705	33.261
0.693	30.627
0.796	41.466
0.693	30.627
0.689	29.986
0.677	29.776
0.76	38.346
0.758	36.842
0.779	40.005
0.705	33.261
0.79	40.855
0.801	44.917
0.718	33.348
0.772	39.11
0.709	33.282
0.765	38.92
0.79	40.855
0.747	35.857
0.754	36.038
0.735	34.735
0.774	39.411
0.728	34.321
0.779	40.005
0.808	45.131
0.802	45.033
0.821	49.658
0.728	34.321
0.81	45.426
0.725	34.264
0.692	30.228
0.814	45.96
0.81	45.426
0.801	44.917
0.756	36.419
0.814	45.96
0.764	38.714
0.709	33.282
0.758	36.842
0.792	40.923
0.819	46.494
0.745	35.749
0.743	35.452
0.796	41.466
0.793	41.04
0.775	39.7
0.735	34.735
0.777	39.79
0.674	29.35
0.739	34.925
0.736	34.823
0.673	29.095
0.793	41.04
0.817	46.192
0.761	38.454
0.738	34.862
0.676	29.713
0.675	29.356
0.778	39.836
0.689	29.986
0.743	35.452
0.757	36.513
0.772	39.11
0.747	35.857
0.755	36.132
0.724	34.163
0.722	33.877
0.741	35.251
0.764	38.714
0.761	38.454
0.722	33.877
0.818	46.434
0.76	38.346
0.815	46.068
0.745	35.749
0.724	34.163
0.691	30.219
0.673	29.095
0.677	29.776
0.741	35.251
0.74	35.123
0.765	38.92
0.754	36.038
0.809	45.249
0.72	33.663
0.719	33.493
0.719	33.493
0.691	30.219
0.74	35.123
0.817	46.192
0.815	46.068
0.721	33.758
0.809	45.249
0.808	45.131
0.802	45.033
