P=? [ F (x=9&y=9&crashed=0) ]	R{"cost"}=? [ C<=100 ]
0.666	29.323
0.846	52.044
0.666	29.323
0.846	52.044
0.836	51.339
0.822	47.194
0.798	44.25
0.797	41.888
0.704	33.191
0.689	31.275
0.689	31.275
0.74	36.564
0.822	47.194
0.756	36.658
0.677	30.492
0.811	46.026
0.704	33.191
0.836	51.339
0.798	44.25
0.811	46.026
0.728	33.972
0.715	33.963
0.775	39.74
0.761	38.563
0.677	30.492
0.772	39.072
0.684	30.677
0.821	46.726
0.76	37.214
0.78	41.014
0.837	51.52
0.775	39.74
0.813	46.205
0.711	33.31
0.765	38.954
0.738	36.231
0.782	41.355
0.737	35.41
0.791	41.881
0.736	34.81
0.684	30.677
0.788	41.45
0.813	46.205
0.78	41.014
0.737	35.41
0.837	51.52
0.821	46.726
0.79	41.723
0.789	41.505
0.772	39.072
0.731	34.005
0.738	36.231
0.76	37.214
0.759	36.889
0.735	34.756
0.734	34.458
0.733	34.39
0.732	34.1
0.728	33.972
0.756	36.658
0.74	36.564
0.712	33.526
0.781	41.141
0.714	33.934
0.713	33.724
0.763	38.677
0.764	38.754
0.713	33.724
0.712	33.526
0.758	36.842
0.758	36.842
0.781	41.141
0.711	33.31
0.765	38.954
0.763	38.677
0.761	38.563
0.788	41.45
0.782	41.355
0.732	34.1
0.764	38.754
0.734	34.458
0.733	34.39
0.735	34.756
0.759	36.889
0.731	34.005
0.714	33.934
0.715	33.963
0.797	41.888
0.791	41.881
0.666	29.323
0.689	31.275
0.822	47.194
0.704	33.191
0.798	44.25
0.811	46.026
0.677	30.492
0.775	39.74
0.684	30.677
0.813	46.205
0.837	51.52
