P=? [ F (x=9&y=9&crashed=0) ]	R{"cost"}=? [ C<=100 ]
0.718	33.703
0.863	56.867
0.718	33.703
0.863	56.867
0.749	36.136
0.852	51.401
0.786	42.681
0.826	45.945
0.725	34.445
0.855	55.179
0.83	49.853
0.827	48.288
0.846	50.292
0.784	40.449
0.781	40.231
0.767	39.031
0.799	42.697
0.815	45.343
0.756	37.975
0.725	34.445
0.829	49.175
0.781	40.231
0.813	45.03
0.756	37.975
0.813	45.03
0.763	38.483
0.806	43.802
0.757	38.383
0.767	39.031
0.806	43.802
0.828	48.457
0.724	34.267
0.86	55.913
0.815	45.343
0.849	50.887
0.826	45.945
0.724	34.267
0.85	51.176
0.846	50.292
0.83	49.853
0.855	55.179
0.86	55.913
0.784	40.449
0.766	38.829
0.764	38.677
0.857	55.61
0.856	55.258
0.802	43.032
0.8	42.819
0.859	55.839
0.858	55.611
0.85	51.176
0.848	50.701
0.847	50.477
0.805	43.588
0.802	43.032
0.8	42.819
0.804	43.415
0.803	43.205
0.848	50.701
0.847	50.477
0.786	42.681
0.805	43.588
0.803	43.205
0.804	43.415
0.766	38.829
0.764	38.677
0.757	38.383
0.856	55.258
0.859	55.839
0.858	55.611
0.857	55.61
0.863	56.867
0.718	33.703
0.756	37.975
0.725	34.445
0.813	45.03
0.767	39.031
0.806	43.802
0.815	45.343
0.724	34.267
0.846	50.292
0.83	49.853
0.855	55.179
0.86	55.913
0.784	40.449
0.8	42.819
0.786	42.681
0.85	51.176
0.802	43.032
0.847	50.477
0.805	43.588
0.803	43.205
0.804	43.415
0.766	38.829
0.764	38.677
0.757	38.383
0.856	55.258
0.859	55.839
0.858	55.611
