P=? [ F (x=9&y=9&crashed=0) ]	R{"cost"}=? [ C<=100 ]
-0.0	0.0
-0.0	0.0
0.87	49.503
0.87	49.503
0.708	27.391
0.708	27.391
0.864	48.568
0.862	45.056
0.852	43.573
0.845	40.239
0.759	32.092
0.816	37.706
0.735	29.805
0.813	35.458
0.831	38.294
0.759	32.092
0.735	29.805
0.818	38.056
0.813	35.458
0.812	34.567
0.867	48.855
0.774	32.198
0.726	29.577
0.725	28.93
0.795	32.846
0.804	34.057
0.858	44.067
0.845	40.239
0.803	33.682
0.798	33.533
0.711	27.634
0.723	28.447
0.789	32.253
0.725	28.93
0.835	38.72
0.816	37.706
0.862	45.056
0.797	33.196
0.714	28.082
0.774	32.198
0.81	34.198
0.84	39.284
0.868	49.266
0.796	33.141
0.721	28.27
0.781	32.203
0.861	44.654
0.794	32.545
0.781	32.203
0.812	34.567
0.711	27.634
0.852	43.573
0.792	32.494
0.864	48.568
0.839	38.998
0.859	44.402
0.716	28.252
0.854	43.588
0.837	38.73
0.844	39.934
0.818	38.056
0.843	39.848
0.842	39.576
0.839	38.998
0.808	34.105
0.714	28.082
0.723	28.447
0.79	32.262
0.715	28.22
0.842	39.576
0.841	39.363
0.855	43.789
0.856	43.867
0.733	29.716
0.835	38.72
0.86	44.574
0.859	44.402
0.73	29.692
0.81	34.198
0.803	33.682
0.798	33.533
0.734	29.719
0.869	49.411
0.868	49.266
0.856	43.867
0.728	29.641
0.728	29.641
0.808	34.105
0.869	49.411
0.844	39.934
0.843	39.848
0.73	29.692
0.861	44.654
0.86	44.574
0.841	39.363
0.855	43.789
0.721	28.27
0.837	38.73
0.79	32.262
0.726	29.577
