P=? [ F (x=9&y=9&crashed=0) ]	R{"cost"}=? [ C<=100 ]
0.797	41.448
0.747	29.011
0.797	41.448
0.79	39.729
0.757	30.368
0.776	33.453
0.789	35.415
0.757	30.368
0.776	33.453
0.794	40.944
0.79	39.729
0.783	34.569
0.786	34.926
0.755	30.016
0.778	33.777
0.755	30.016
0.784	34.732
0.752	29.722
0.749	29.333
0.796	41.234
0.788	35.207
0.781	34.13
0.752	29.722
0.749	29.333
0.781	34.13
0.748	29.321
0.796	41.234
0.788	35.207
0.753	29.735
0.753	29.735
0.777	33.548
0.789	35.415
0.78	34.015
0.779	33.84
0.785	34.849
0.78	34.015
0.777	33.548
0.785	34.849
0.779	33.84
0.748	29.321
0.797	41.448
0.757	30.368
0.776	33.453
0.79	39.729
0.781	34.13
0.755	30.016
0.749	29.333
0.796	41.234
0.788	35.207
0.753	29.735
0.789	35.415
0.777	33.548
0.785	34.849
0.779	33.84
0.797	41.448
0.757	30.368
0.776	33.453
0.79	39.729
0.781	34.13
0.779	33.84
0.777	33.548
0.796	41.234
0.788	35.207
0.749	29.333
0.789	35.415
0.785	34.849
0.797	41.448
0.757	30.368
0.776	33.453
0.79	39.729
0.781	34.13
0.779	33.84
0.777	33.548
0.796	41.234
0.788	35.207
0.749	29.333
0.789	35.415
0.797	41.448
0.757	30.368
0.776	33.453
0.79	39.729
0.781	34.13
0.779	33.84
0.777	33.548
0.796	41.234
0.788	35.207
0.749	29.333
0.789	35.415
0.797	41.448
0.757	30.368
0.776	33.453
0.749	29.333
0.779	33.84
0.777	33.548
0.796	41.234
0.788	35.207
0.789	35.415
0.797	41.448
0.776	33.453
0.749	29.333
