P=? [ F (x=9&y=9&crashed=0) ]	R{"cost"}=? [ C<=100 ]
0.928	60.006
0.778	28.936
0.928	60.006
0.778	28.936
0.816	33.155
0.927	55.188
0.925	54.749
0.918	50.267
0.886	43.982
0.845	38.218
0.797	30.509
0.903	48.851
0.9	45.274
0.883	40.854
0.797	30.509
0.841	35.548
0.853	38.227
0.832	34.037
0.824	34.013
0.894	43.992
0.916	49.877
0.925	54.749
0.858	38.401
0.918	50.267
0.867	39.225
0.908	49.723
0.875	39.339
0.792	29.65
0.782	29.17
0.841	35.548
0.9	45.274
0.883	40.854
0.785	29.24
0.79	29.574
0.863	38.532
0.837	34.786
0.822	33.552
0.794	30.328
0.906	49.289
0.907	49.708
0.845	38.218
0.905	49.269
0.897	44.4
0.865	38.816
0.833	34.376
0.785	29.24
0.861	38.449
0.899	44.805
0.88	40.195
0.882	40.402
0.879	39.743
0.82	33.456
0.818	33.215
0.84	35.104
0.927	55.188
0.903	48.851
0.886	43.982
0.896	44.389
0.898	44.797
0.904	48.872
0.866	39.182
0.916	49.877
0.79	29.574
0.795	30.438
0.794	30.328
0.82	33.456
0.877	39.644
0.876	39.354
0.823	33.727
0.834	34.4
0.864	38.81
0.818	33.215
0.839	35.044
0.839	35.044
0.861	38.449
0.836	34.708
0.835	34.454
0.783	29.21
0.896	44.389
0.894	43.992
0.823	33.727
0.908	49.723
0.881	40.349
0.88	40.195
0.875	39.339
0.867	39.225
0.836	34.708
0.878	39.715
0.877	39.644
0.795	30.438
0.791	29.589
0.84	35.104
0.835	34.454
0.882	40.402
0.881	40.349
0.866	39.182
0.783	29.21
0.879	39.743
0.878	39.715
0.904	48.872
