P=? [ F (x=9&y=9&crashed=0) ]	R{"cost"}=? [ C<=100 ]
0.9	53.505
0.728	27.078
0.9	53.505
0.728	27.078
0.899	44.719
0.892	43.859
0.882	40.402
0.796	30.423
0.84	35.101
0.8	32.338
0.759	27.882
0.841	36.996
0.773	28.077
0.747	27.817
0.865	38.961
0.759	27.882
0.875	39.163
0.791	29.523
0.849	37.796
0.882	40.402
0.814	32.867
0.796	30.423
0.807	32.772
0.736	27.166
0.856	38.169
0.826	33.877
0.861	38.349
0.832	34.028
0.857	38.203
0.864	38.797
0.862	38.497
0.898	44.574
0.782	28.857
0.816	33.032
0.778	28.297
0.88	40.063
0.803	32.413
0.787	29.41
0.823	33.621
0.825	33.717
0.736	27.166
0.8	32.338
0.781	28.488
0.836	34.602
0.774	28.118
0.848	37.582
0.74	27.248
0.743	27.272
0.847	37.452
0.895	44.152
0.82	33.228
0.74	27.248
0.822	33.459
0.856	38.169
0.845	37.146
0.785	29.129
0.784	28.919
0.79	29.48
0.779	28.465
0.744	27.445
0.835	34.43
0.879	39.738
0.835	34.43
0.833	34.107
0.746	27.764
0.744	27.445
0.893	43.862
0.896	44.279
0.785	29.129
0.896	44.279
0.838	34.825
0.844	37.069
0.806	32.656
0.833	34.107
0.787	29.41
0.804	32.481
0.746	27.764
0.818	33.085
0.773	28.077
0.843	37.028
0.881	40.211
0.838	34.825
0.837	34.788
0.778	28.297
0.774	28.118
0.878	39.582
0.877	39.404
0.78	28.476
0.806	32.656
0.804	32.481
0.846	37.281
0.821	33.393
0.877	39.404
0.876	39.246
0.879	39.738
0.878	39.582
0.832	34.028
0.894	44.013
0.826	33.877
0.881	40.211
