P=? [ F (x=9&y=9&crashed=0) ]	R{"cost"}=? [ C<=100 ]
0.74	28.662
0.901	48.721
0.74	28.662
0.901	48.721
0.785	32.813
0.9	44.925
0.761	29.336
0.839	35.129
0.785	32.813
0.846	38.06
0.761	29.336
0.891	43.499
0.883	40.786
0.797	32.902
0.818	33.412
0.883	40.786
0.807	33.351
0.839	35.129
0.891	43.499
0.827	33.711
0.804	32.938
0.833	34.099
0.846	38.06
0.743	28.672
0.751	28.812
0.797	32.902
0.871	38.847
0.865	38.813
0.821	33.689
0.76	29.309
0.754	28.842
0.847	38.209
0.827	33.711
0.852	38.29
0.855	38.424
0.833	34.099
0.76	29.309
0.754	28.842
0.835	34.422
0.878	39.578
0.86	38.518
0.856	38.458
0.881	40.25
0.88	39.858
0.743	28.672
0.882	40.397
0.893	43.887
0.836	34.758
0.852	38.29
0.835	34.422
0.837	34.835
0.872	39.009
0.876	39.239
0.753	28.816
0.894	43.892
0.863	38.664
0.751	28.812
0.896	44.299
0.895	44.038
0.892	43.651
0.863	38.664
0.805	33.159
0.874	39.221
0.872	39.009
0.898	44.65
0.897	44.445
0.837	34.835
0.806	33.348
0.805	33.159
0.877	39.397
0.861	38.558
0.82	33.606
0.819	33.446
0.865	38.813
0.877	39.397
0.88	39.858
0.879	39.703
0.892	43.651
0.882	40.397
0.881	40.25
0.897	44.445
0.899	44.796
0.898	44.65
0.896	44.299
0.895	44.038
0.874	39.221
0.9	44.925
0.899	44.796
0.879	39.703
0.861	38.558
0.82	33.606
0.847	38.209
0.836	34.758
0.818	33.412
0.807	33.351
0.86	38.518
0.856	38.458
0.804	32.938
0.871	38.847
0.819	33.446
