P=? [ F (x=9&y=9&crashed=0) ]	R{"cost"}=? [ C<=100 ]
0.692	35.668
0.692	35.668
0.78	52.483
0.76	46.469
0.765	47.553
0.75	44.591
0.75	44.591
0.766	50.525
0.728	40.628
0.738	42.135
0.77	51.361
0.743	43.217
0.697	37.347
0.778	51.969
0.728	40.628
0.705	37.4
0.743	43.217
0.709	38.511
0.738	42.135
0.721	40.622
0.77	51.361
0.741	42.469
0.712	39.448
0.716	40.173
0.72	40.367
0.778	51.969
0.715	39.891
0.765	47.553
0.763	46.813
0.696	36.811
0.695	36.155
0.767	50.797
0.693	35.807
0.767	50.797
0.696	36.811
0.712	39.448
0.739	42.405
0.707	38.166
0.706	37.731
0.706	37.731
0.708	38.484
0.707	38.166
0.694	36.109
0.714	39.598
0.761	46.749
0.766	50.525
0.741	42.469
0.763	46.813
0.72	40.367
0.716	40.173
0.713	39.589
0.739	42.405
0.705	37.4
0.697	37.347
0.762	46.765
0.695	36.155
0.694	36.109
0.708	38.484
0.762	46.765
0.761	46.749
0.714	39.598
0.713	39.589
0.721	40.622
0.692	35.668
0.728	40.628
0.743	43.217
0.738	42.135
0.77	51.361
0.765	47.553
0.712	39.448
0.706	37.731
0.707	38.166
0.766	50.525
0.741	42.469
0.697	37.347
0.763	46.813
0.72	40.367
0.739	42.405
0.705	37.4
0.694	36.109
0.708	38.484
0.762	46.765
0.761	46.749
0.714	39.598
0.713	39.589
0.721	40.622
0.692	35.668
0.728	40.628
0.743	43.217
0.738	42.135
0.77	51.361
0.765	47.553
0.712	39.448
0.72	40.367
0.706	37.731
0.707	38.166
0.766	50.525
0.741	42.469
0.697	37.347
0.763	46.813
