P=? [ F (x=9&y=9&crashed=0) ]	R{"cost"}=? [ C<=100 ]
0.757	30.807
0.829	56.397
0.757	30.807
0.821	50.748
0.813	45.216
0.805	39.907
0.824	55.543
0.816	49.906
0.808	44.384
0.774	35.143
0.769	34.538
0.786	35.344
0.758	30.823
0.769	34.538
0.758	30.823
0.8	39.078
0.79	35.954
0.8	39.078
0.79	35.954
0.805	39.907
0.821	50.748
0.81	45.043
0.826	55.604
0.774	35.143
0.771	34.59
0.813	45.216
0.818	50.072
0.826	55.604
0.824	55.543
0.808	44.384
0.771	34.59
0.816	49.906
0.802	39.156
0.802	39.156
0.818	50.072
0.809	44.444
0.788	35.804
0.787	35.354
0.801	39.137
0.786	35.344
0.81	45.043
0.817	49.956
0.789	35.906
0.788	35.804
0.809	44.444
0.817	49.956
0.789	35.906
0.787	35.354
0.757	30.807
0.769	34.538
0.758	30.823
0.8	39.078
0.79	35.954
0.805	39.907
0.821	50.748
0.774	35.143
0.813	45.216
0.826	55.604
0.824	55.543
0.808	44.384
0.771	34.59
0.816	49.906
0.818	50.072
0.786	35.344
0.81	45.043
0.788	35.804
0.809	44.444
0.817	49.956
0.789	35.906
0.787	35.354
0.757	30.807
0.769	34.538
0.758	30.823
0.8	39.078
0.79	35.954
0.805	39.907
0.821	50.748
0.774	35.143
0.813	45.216
0.826	55.604
0.824	55.543
0.808	44.384
0.771	34.59
0.816	49.906
0.818	50.072
0.786	35.344
0.81	45.043
0.788	35.804
0.809	44.444
0.817	49.956
0.789	35.906
0.757	30.807
0.769	34.538
0.758	30.823
0.8	39.078
0.79	35.954
0.805	39.907
0.821	50.748
0.813	45.216
0.826	55.604
