P=? [ F (x=9&y=9&crashed=0) ]	R{"cost"}=? [ C<=100 ]
0.669	28.854
0.807	39.088
0.807	39.088
0.669	28.854
0.746	28.949
0.766	33.764
0.757	30.387
0.788	35.351
0.796	38.227
0.757	30.387
0.788	35.351
0.774	33.972
0.766	33.764
0.796	38.227
0.785	34.999
0.798	38.3
0.798	38.3
0.75	29.237
0.777	34.253
0.785	34.999
0.753	30.019
0.752	29.615
0.768	33.789
0.804	38.692
0.804	38.692
0.805	38.705
0.755	30.044
0.783	34.667
0.774	33.972
0.751	29.521
0.768	33.789
0.75	29.237
0.747	28.982
0.782	34.568
0.781	34.316
0.747	28.982
0.777	34.253
0.78	34.285
0.783	34.667
0.782	34.568
0.746	28.949
0.752	29.615
0.751	29.521
0.805	38.705
0.755	30.044
0.78	34.285
0.781	34.316
0.754	30.037
0.753	30.019
0.754	30.037
0.807	39.088
0.669	28.854
0.757	30.387
0.788	35.351
0.766	33.764
0.796	38.227
0.798	38.3
0.785	34.999
0.804	38.692
0.774	33.972
0.768	33.789
0.75	29.237
0.747	28.982
0.777	34.253
0.783	34.667
0.782	34.568
0.746	28.949
0.752	29.615
0.751	29.521
0.805	38.705
0.755	30.044
0.78	34.285
0.781	34.316
0.753	30.019
0.754	30.037
0.669	28.854
0.807	39.088
0.757	30.387
0.788	35.351
0.766	33.764
0.796	38.227
0.798	38.3
0.785	34.999
0.804	38.692
0.774	33.972
0.768	33.789
0.75	29.237
0.747	28.982
0.777	34.253
0.783	34.667
0.782	34.568
0.746	28.949
0.752	29.615
0.751	29.521
0.805	38.705
0.755	30.044
0.78	34.285
0.781	34.316
0.753	30.019
0.754	30.037
