P=? [ F (x=9&y=9&crashed=0) ]	R{"cost"}=? [ C<=100 ]
0.745	28.948
0.803	39.218
0.803	39.218
0.745	28.948
0.761	33.342
0.754	30.294
0.791	37.742
0.787	35.201
0.762	33.411
0.772	33.489
0.754	30.294
0.8	38.979
0.793	37.845
0.8	38.979
0.793	37.845
0.761	33.342
0.749	29.366
0.787	35.201
0.784	34.618
0.791	37.742
0.749	29.366
0.751	29.91
0.786	34.872
0.775	33.492
0.772	33.489
0.782	34.483
0.78	34.056
0.78	34.056
0.753	29.942
0.776	33.596
0.786	34.872
0.778	33.771
0.779	33.841
0.802	39.181
0.802	39.181
0.751	29.91
0.782	34.483
0.778	33.771
0.776	33.596
0.783	34.495
0.762	33.411
0.779	33.841
0.752	29.93
0.753	29.942
0.783	34.495
0.752	29.93
0.775	33.492
0.803	39.218
0.745	28.948
0.754	30.294
0.8	38.979
0.793	37.845
0.761	33.342
0.787	35.201
0.791	37.742
0.749	29.366
0.772	33.489
0.78	34.056
0.802	39.181
0.751	29.91
0.782	34.483
0.778	33.771
0.776	33.596
0.762	33.411
0.779	33.841
0.786	34.872
0.753	29.942
0.752	29.93
0.775	33.492
0.803	39.218
0.745	28.948
0.754	30.294
0.8	38.979
0.793	37.845
0.761	33.342
0.787	35.201
0.791	37.742
0.749	29.366
0.772	33.489
0.78	34.056
0.802	39.181
0.751	29.91
0.782	34.483
0.778	33.771
0.776	33.596
0.762	33.411
0.779	33.841
0.786	34.872
0.753	29.942
0.752	29.93
0.775	33.492
0.745	28.948
0.803	39.218
0.754	30.294
0.8	38.979
0.793	37.845
0.761	33.342
0.787	35.201
0.791	37.742
0.749	29.366
