P=? [ F (x=9&y=9&crashed=0) ]	R{"cost"}=? [ C<=100 ]
0.87	53.93
0.87	53.93
0.737	32.465
0.868	53.678
0.778	36.653
0.763	33.873
0.82	42.125
0.84	43.488
0.861	49.292
0.738	32.491
0.85	48.357
0.844	44.157
0.798	37.874
0.758	33.578
0.781	37.182
0.819	41.878
0.758	33.578
0.815	40.584
0.861	49.292
0.844	44.157
0.85	48.357
0.762	33.847
0.857	48.789
0.78	36.66
0.815	40.584
0.804	38.577
0.852	48.685
0.781	37.182
0.807	39.234
0.804	38.577
0.843	43.813
0.81	39.636
0.86	49.041
0.803	38.154
0.859	48.983
0.807	39.234
0.8	37.898
0.813	40.248
0.81	39.636
0.808	39.302
0.811	39.947
0.842	43.796
0.841	43.501
0.851	48.598
0.813	40.248
0.811	39.947
0.812	40.178
0.808	39.302
0.858	48.801
0.801	38.076
0.852	48.685
0.851	48.598
0.812	40.178
0.803	38.154
0.802	38.093
0.8	37.898
0.802	38.093
0.842	43.796
0.801	38.076
0.841	43.501
0.858	48.801
0.87	53.93
0.758	33.578
0.861	49.292
0.844	44.157
0.85	48.357
0.815	40.584
0.8	37.898
0.781	37.182
0.807	39.234
0.81	39.636
0.813	40.248
0.811	39.947
0.808	39.302
0.852	48.685
0.851	48.598
0.812	40.178
0.803	38.154
0.802	38.093
0.801	38.076
0.842	43.796
0.858	48.801
0.841	43.501
0.87	53.93
0.758	33.578
0.861	49.292
0.844	44.157
0.85	48.357
0.815	40.584
0.8	37.898
0.81	39.636
0.813	40.248
0.811	39.947
0.808	39.302
0.852	48.685
0.851	48.598
0.812	40.178
0.803	38.154
0.802	38.093
0.801	38.076
