P=? [ F (x=9&y=9&crashed=0) ]	R{"cost"}=? [ C<=100 ]
0.652	26.6
0.652	26.6
0.853	49.403
0.688	26.849
0.735	29.002
0.85	48.958
0.844	44.167
0.753	31.53
0.653	26.676
0.841	43.707
0.828	40.086
0.802	37.845
0.781	34.325
0.76	33.538
0.823	38.878
0.781	34.325
0.802	37.845
0.709	26.872
0.714	27.676
0.805	38.622
0.775	33.737
0.729	28.708
0.828	40.086
0.841	43.707
0.714	27.676
0.729	28.708
0.757	32.544
0.756	32.405
0.844	44.167
0.85	48.958
0.755	31.763
0.73	28.873
0.711	27.06
0.827	39.937
0.826	39.334
0.777	34.018
0.804	38.481
0.803	37.994
0.843	44.02
0.76	33.538
0.78	34.162
0.757	32.544
0.711	27.06
0.71	26.964
0.776	34.0
0.805	38.622
0.775	33.737
0.653	26.676
0.842	43.852
0.826	39.334
0.825	39.174
0.824	39.037
0.852	49.258
0.851	49.103
0.803	37.994
0.827	39.937
0.851	49.103
0.842	43.852
0.852	49.258
0.78	34.162
0.804	38.481
0.825	39.174
0.824	39.037
0.73	28.873
0.754	31.655
0.755	31.763
0.754	31.655
0.709	26.872
0.776	34.0
0.652	26.6
0.802	37.845
0.828	40.086
0.841	43.707
0.714	27.676
0.729	28.708
0.844	44.167
0.85	48.958
0.76	33.538
0.757	32.544
0.711	27.06
0.805	38.622
0.775	33.737
0.653	26.676
0.826	39.334
0.803	37.994
0.827	39.937
0.851	49.103
0.842	43.852
0.804	38.481
0.825	39.174
0.824	39.037
0.755	31.763
0.754	31.655
0.776	34.0
0.709	26.872
0.652	26.6
0.729	28.708
0.802	37.845
0.841	43.707
0.714	27.676
