P=? [ F (x=9&y=9&crashed=0) ]	R{"cost"}=? [ C<=100 ]
0.652	26.608
0.843	49.251
0.652	26.608
0.842	43.878
0.704	26.839
0.826	43.782
0.825	39.599
0.799	37.316
0.726	31.143
0.804	38.229
0.823	38.969
0.718	28.272
0.781	34.624
0.775	33.677
0.781	34.624
0.761	33.461
0.733	31.486
0.749	31.591
0.759	33.227
0.718	28.272
0.758	32.169
0.779	34.346
0.824	38.978
0.706	26.943
0.711	27.232
0.801	37.462
0.777	34.038
0.803	37.76
0.777	34.038
0.706	26.943
0.714	27.684
0.713	27.314
0.704	26.839
0.752	31.742
0.711	27.232
0.717	27.999
0.755	32.002
0.752	31.742
0.755	32.002
0.728	31.309
0.731	31.393
0.759	33.227
0.802	37.696
0.715	27.907
0.714	27.684
0.727	31.305
0.8	37.324
0.749	31.591
0.733	31.486
0.751	31.643
0.826	43.782
0.757	32.103
0.756	32.011
0.732	31.397
0.731	31.393
0.728	31.309
0.716	27.989
0.715	27.907
0.758	32.169
0.757	32.103
0.803	37.76
0.802	37.696
0.713	27.314
0.712	27.253
0.75	31.626
0.712	27.253
0.751	31.643
0.75	31.626
0.717	27.999
0.716	27.989
0.824	38.978
0.756	32.011
0.8	37.324
0.727	31.305
0.732	31.397
0.652	26.608
0.781	34.624
0.8	37.324
0.718	28.272
0.704	26.839
0.711	27.232
0.752	31.742
0.755	32.002
0.759	33.227
0.714	27.684
0.749	31.591
0.733	31.486
0.826	43.782
0.731	31.393
0.728	31.309
0.715	27.907
0.758	32.169
0.757	32.103
0.802	37.696
0.713	27.314
0.712	27.253
0.751	31.643
0.75	31.626
0.717	27.999
0.716	27.989
