P=? [ F (x=9&y=9&crashed=0) ]	R{"cost"}=? [ C<=100 ]
0.828	44.303
0.652	26.57
0.652	26.57
0.828	44.303
0.704	26.826
0.827	39.987
0.782	35.408
0.807	38.651
0.762	33.712
0.716	27.961
0.825	39.171
0.799	37.211
0.782	35.408
0.729	28.709
0.799	37.211
0.749	31.474
0.739	30.13
0.775	33.89
0.735	29.283
0.729	28.709
0.712	27.264
0.715	27.918
0.758	32.724
0.749	31.474
0.758	32.724
0.739	30.13
0.737	30.077
0.78	34.438
0.781	34.603
0.735	29.283
0.757	32.062
0.827	39.987
0.826	39.331
0.806	38.036
0.712	27.264
0.707	26.867
0.777	34.016
0.825	39.171
0.807	38.651
0.805	37.887
0.801	37.374
0.762	33.712
0.704	26.826
0.801	37.374
0.805	37.887
0.707	26.867
0.753	31.685
0.752	31.532
0.756	31.91
0.777	34.016
0.775	33.89
0.756	31.91
0.753	31.685
0.781	34.603
0.826	39.331
0.737	30.077
0.757	32.062
0.806	38.036
0.8	37.225
0.752	31.532
0.8	37.225
0.652	26.57
0.828	44.303
0.782	35.408
0.799	37.211
0.729	28.709
0.749	31.474
0.758	32.724
0.739	30.13
0.735	29.283
0.827	39.987
0.712	27.264
0.825	39.171
0.807	38.651
0.801	37.374
0.805	37.887
0.707	26.867
0.777	34.016
0.775	33.89
0.753	31.685
0.781	34.603
0.826	39.331
0.737	30.077
0.757	32.062
0.752	31.532
0.8	37.225
0.652	26.57
0.828	44.303
0.782	35.408
0.799	37.211
0.729	28.709
0.749	31.474
0.758	32.724
0.739	30.13
0.735	29.283
0.827	39.987
0.712	27.264
0.825	39.171
0.807	38.651
0.801	37.374
