P=? [ F (x=9&y=9&crashed=0) ]	R{"cost"}=? [ C<=100 ]
0.872	54.83
0.872	54.83
0.728	31.191
0.869	53.99
0.863	49.848
0.848	48.101
0.846	44.599
0.734	32.181
0.752	33.56
0.823	42.623
0.838	43.288
0.734	32.181
0.766	35.253
0.779	36.884
0.752	33.56
0.761	34.804
0.788	37.547
0.806	39.938
0.812	41.159
0.858	48.953
0.863	49.848
0.806	39.938
0.777	36.384
0.869	53.99
0.871	54.291
0.853	48.831
0.812	41.159
0.838	43.288
0.772	35.835
0.774	36.309
0.769	35.306
0.862	49.665
0.823	42.623
0.804	39.526
0.778	36.754
0.788	37.547
0.779	36.884
0.799	38.872
0.861	49.346
0.758	34.455
0.754	33.821
0.797	38.357
0.84	43.375
0.843	43.814
0.801	38.95
0.758	34.455
0.754	33.821
0.792	37.844
0.796	38.175
0.731	31.687
0.795	38.023
0.819	41.995
0.851	48.59
0.87	54.093
0.77	35.443
0.76	34.718
0.789	37.581
0.759	34.514
0.753	33.79
0.859	49.054
0.851	48.59
0.73	31.667
0.817	41.651
0.791	37.654
0.846	44.599
0.731	31.687
0.849	48.283
0.773	36.18
0.813	41.184
0.816	41.507
0.845	44.411
0.844	44.098
0.849	48.283
0.822	42.333
0.853	48.831
0.844	44.098
0.798	38.641
0.818	41.714
0.729	31.463
0.805	39.797
0.771	35.596
0.798	38.641
0.803	39.297
0.729	31.463
0.803	39.297
0.802	39.097
0.845	44.411
0.795	38.023
0.792	37.844
0.842	43.696
0.841	43.527
0.821	42.191
0.82	42.027
0.815	41.491
0.814	41.328
0.771	35.596
0.841	43.527
0.86	49.195
0.802	39.097
0.814	41.328
