P=? [ F (x=9&y=9&crashed=0) ]	R{"cost"}=? [ C<=100 ]
0.842	43.954
0.708	26.865
0.842	43.954
0.792	37.513
0.752	31.518
0.84	43.438
0.826	39.921
0.802	39.07
0.824	39.106
0.736	30.042
0.715	27.942
0.826	39.921
0.781	35.287
0.771	33.575
0.756	32.023
0.781	35.287
0.84	43.438
0.728	28.654
0.736	30.042
0.771	33.575
0.756	32.023
0.733	29.212
0.724	28.432
0.796	38.228
0.711	27.238
0.825	39.266
0.78	34.671
0.724	28.432
0.733	29.212
0.711	27.238
0.795	37.865
0.753	31.667
0.774	33.795
0.776	33.962
0.799	38.672
0.799	38.672
0.841	43.588
0.778	34.327
0.772	33.751
0.776	33.962
0.778	34.327
0.755	31.877
0.755	31.877
0.779	34.488
0.801	38.891
0.779	34.488
0.841	43.588
0.8	38.82
0.793	37.66
0.794	37.719
0.801	38.891
0.8	38.82
0.794	37.719
0.793	37.66
0.772	33.751
0.824	39.106
0.802	39.07
0.842	43.954
0.826	39.921
0.724	28.432
0.771	33.575
0.756	32.023
0.711	27.238
0.733	29.212
0.799	38.672
0.776	33.962
0.778	34.327
0.755	31.877
0.779	34.488
0.841	43.588
0.8	38.82
0.794	37.719
0.793	37.66
0.772	33.751
0.802	39.07
0.842	43.954
0.724	28.432
0.771	33.575
0.733	29.212
0.799	38.672
0.776	33.962
0.778	34.327
0.755	31.877
0.779	34.488
0.8	38.82
0.793	37.66
0.772	33.751
0.802	39.07
0.842	43.954
0.771	33.575
0.733	29.212
0.799	38.672
0.776	33.962
0.778	34.327
0.755	31.877
0.779	34.488
0.8	38.82
0.793	37.66
0.772	33.751
0.733	29.212
