P=? [ F (x=9&y=9&crashed=0) ]	R{"cost"}=? [ C<=100 ]
0.82	60.552
0.592	24.588
0.592	24.588
0.82	60.552
0.649	29.16
0.804	55.237
0.612	25.986
0.813	56.051
0.797	51.038
0.637	26.114
0.729	35.787
0.764	44.13
0.734	39.123
0.701	34.246
0.788	48.823
0.782	46.128
0.697	31.47
0.759	41.551
0.64	26.73
0.664	29.194
0.611	25.447
0.665	29.268
0.603	25.126
0.603	25.126
0.788	48.823
0.675	29.515
0.812	55.66
0.79	49.63
0.64	26.73
0.804	55.237
0.813	56.051
0.797	51.038
0.693	30.734
0.79	49.63
0.782	46.128
0.706	34.426
0.759	41.551
0.795	50.656
0.719	34.639
0.682	29.78
0.735	39.361
0.772	44.276
0.747	39.531
0.734	39.123
0.713	34.522
0.712	34.442
0.676	29.593
0.78	45.745
0.687	30.538
0.776	45.377
0.77	44.244
0.729	35.787
0.697	31.47
0.726	35.337
0.764	44.13
0.639	26.6
0.795	50.656
0.753	40.678
0.748	39.55
0.756	40.762
0.638	26.173
0.742	39.446
0.705	34.286
0.723	35.317
0.684	30.16
0.758	41.144
0.773	44.833
0.752	40.286
0.796	50.737
0.696	31.144
0.683	29.924
0.75	39.92
0.78	45.745
0.75	39.92
0.701	34.246
0.695	31.089
0.739	39.414
0.812	55.66
0.727	35.601
0.758	41.144
0.776	45.377
0.752	40.286
0.686	30.475
0.775	45.028
0.74	39.437
0.721	35.02
0.721	35.02
0.694	30.797
0.77	44.244
0.675	29.515
0.742	39.446
0.756	40.762
0.687	30.538
0.72	34.832
0.775	45.028
0.774	44.837
0.72	34.832
0.682	29.78
0.676	29.593
0.727	35.601
