P=? [ F (x=9&y=9&crashed=0) ]	R{"cost"}=? [ C<=100 ]
0.644	29.247
0.821	59.495
0.821	59.495
0.644	29.247
0.812	55.654
0.645	29.309
0.69	33.682
0.664	29.343
0.733	38.659
0.804	54.349
0.798	51.17
0.688	30.747
0.812	55.654
0.73	36.325
0.702	34.205
0.764	43.822
0.76	42.051
0.676	29.702
0.666	29.49
0.691	33.72
0.787	48.482
0.783	46.883
0.712	34.272
0.765	44.162
0.798	51.17
0.699	33.957
0.791	49.596
0.805	54.456
0.772	44.498
0.805	54.456
0.748	39.429
0.735	38.88
0.759	41.554
0.76	42.051
0.72	34.674
0.714	34.454
0.794	50.011
0.742	39.303
0.741	39.179
0.68	30.284
0.804	54.349
0.75	39.667
0.79	49.244
0.729	36.21
0.728	35.576
0.779	45.824
0.764	43.822
0.775	45.134
0.783	46.883
0.781	45.994
0.684	30.337
0.757	40.659
0.775	45.134
0.779	45.824
0.787	48.482
0.722	34.996
0.782	46.592
0.701	34.085
0.752	40.278
0.679	30.047
0.727	35.461
0.686	30.659
0.758	41.187
0.755	40.499
0.685	30.355
0.773	44.647
0.797	50.693
0.735	38.88
0.726	35.165
0.73	36.325
0.797	50.693
0.796	50.258
0.795	50.084
0.789	48.831
0.699	33.957
0.676	29.702
0.758	41.187
0.751	40.034
0.713	34.305
0.678	29.87
0.772	44.498
0.765	44.162
0.756	40.654
0.774	44.81
0.741	39.179
0.748	39.429
0.782	46.592
0.724	35.097
0.687	30.735
0.751	40.034
0.724	35.097
0.755	40.499
0.752	40.278
0.72	34.674
0.714	34.454
0.666	29.49
0.789	48.831
0.788	48.631
0.688	30.747
0.796	50.258
