P=? [ F (x=9&y=9&crashed=0) ]	R{"cost"}=? [ C<=100 ]
0.862	49.757
0.729	27.95
0.862	49.757
0.729	27.95
0.853	48.59
0.846	44.489
0.767	32.497
0.754	29.654
0.861	49.557
0.795	37.624
0.792	35.146
0.835	42.834
0.831	40.366
0.754	29.654
0.73	28.154
0.742	28.211
0.767	32.497
0.853	48.59
0.81	38.506
0.82	38.572
0.846	44.489
0.775	32.538
0.804	38.116
0.823	38.779
0.831	40.366
0.838	43.418
0.792	35.146
0.809	38.497
0.829	39.77
0.836	42.851
0.804	38.116
0.788	34.012
0.748	29.03
0.799	37.646
0.796	37.634
0.835	42.834
0.842	43.872
0.842	43.872
0.838	43.418
0.776	32.546
0.781	33.365
0.744	28.622
0.75	29.037
0.83	40.176
0.809	38.497
0.837	43.231
0.843	43.881
0.822	38.581
0.827	39.436
0.747	28.841
0.786	34.001
0.79	34.56
0.789	34.214
0.801	37.672
0.791	34.805
0.795	37.624
0.825	39.066
0.802	37.844
0.829	39.77
0.827	39.436
0.784	33.764
0.783	33.434
0.753	29.352
0.825	39.066
0.802	37.844
0.751	29.284
0.791	34.805
0.79	34.56
0.777	32.789
0.78	33.126
0.752	29.311
0.82	38.572
0.742	28.211
0.845	44.296
0.844	44.084
0.745	28.666
0.744	28.622
0.844	44.084
0.789	34.214
0.826	39.239
0.845	44.296
0.78	33.126
0.83	40.176
0.779	32.936
0.8	37.663
0.837	43.231
0.785	33.815
0.747	28.841
0.745	28.666
0.826	39.239
0.777	32.789
0.778	32.912
0.81	38.506
0.783	33.434
0.782	33.374
0.785	33.815
0.784	33.764
0.753	29.352
0.775	32.538
0.751	29.284
