P=? [ F (x=9&y=9&crashed=0) ]	R{"cost"}=? [ C<=100 ]
0.691	27.829
0.854	47.964
0.854	47.964
0.691	27.829
0.692	27.947
0.737	28.008
0.754	32.5
0.752	29.698
0.851	47.571
0.847	44.861
0.833	42.821
0.831	40.284
0.794	37.27
0.792	35.035
0.777	32.811
0.761	32.676
0.821	38.608
0.81	38.432
0.745	29.016
0.784	33.411
0.84	43.689
0.749	29.056
0.787	34.024
0.808	38.165
0.802	37.709
0.744	28.387
0.836	43.179
0.841	44.104
0.76	32.637
0.801	37.548
0.787	34.024
0.742	28.283
0.796	37.518
0.824	39.281
0.788	34.583
0.737	28.008
0.847	44.861
0.83	40.254
0.78	33.166
0.784	33.411
0.808	38.165
0.802	37.709
0.823	38.846
0.851	47.571
0.838	43.461
0.742	28.283
0.752	29.698
0.829	39.878
0.822	38.844
0.844	44.457
0.841	44.104
0.838	43.461
0.827	39.595
0.789	34.789
0.75	29.384
0.844	44.457
0.827	39.595
0.825	39.306
0.794	37.27
0.754	32.5
0.751	29.442
0.78	33.166
0.791	35.028
0.789	34.789
0.828	39.823
0.835	42.968
0.788	34.583
0.846	44.677
0.853	47.787
0.821	38.608
0.81	38.432
0.833	42.821
0.846	44.677
0.845	44.509
0.853	47.787
0.852	47.62
0.809	38.33
0.778	32.97
0.831	40.284
0.795	37.423
0.825	39.306
0.779	33.024
0.76	32.637
0.777	32.811
0.761	32.676
0.792	35.035
0.791	35.028
0.744	28.387
0.809	38.33
0.835	42.968
0.834	42.871
0.795	37.423
0.751	29.442
0.75	29.384
0.829	39.878
0.828	39.823
0.779	33.024
0.778	32.97
0.845	44.509
0.834	42.871
