P=? [ F (x=9&y=9&crashed=0) ]	R{"cost"}=? [ C<=100 ]
0.676	30.909
0.882	63.932
0.882	63.932
0.676	30.909
0.8	36.711
0.881	58.919
0.873	49.82
0.874	54.833
0.678	31.138
0.709	31.96
0.74	32.439
0.754	32.909
0.716	32.31
0.822	37.013
0.877	57.891
0.776	33.082
0.856	43.077
0.867	47.865
0.865	44.779
0.874	54.833
0.855	40.128
0.754	32.909
0.74	32.439
0.827	37.547
0.793	35.165
0.837	37.633
0.869	48.964
0.877	57.891
0.872	49.632
0.867	47.865
0.842	38.175
0.881	58.919
0.678	31.138
0.793	35.165
0.847	38.232
0.789	34.624
0.777	33.135
0.863	44.53
0.862	43.692
0.869	48.964
0.783	33.523
0.709	31.96
0.855	40.128
0.854	39.368
0.788	34.086
0.792	35.155
0.789	34.624
0.71	32.16
0.787	34.055
0.784	33.545
0.853	39.293
0.852	38.813
0.822	37.013
0.713	32.177
0.716	32.31
0.783	33.523
0.777	33.135
0.824	37.235
0.859	43.358
0.858	43.136
0.787	34.055
0.865	44.779
0.861	43.508
0.784	33.545
0.826	37.366
0.713	32.177
0.792	35.155
0.824	37.235
0.84	37.99
0.839	37.871
0.838	37.646
0.848	38.454
0.864	44.595
0.862	43.692
0.852	38.813
0.851	38.63
0.841	37.996
0.776	33.082
0.861	43.508
0.859	43.358
0.849	38.595
0.848	38.454
0.826	37.366
0.839	37.871
0.837	37.633
0.854	39.368
0.853	39.293
0.864	44.595
0.863	44.53
0.858	43.136
0.847	38.232
0.788	34.086
0.851	38.63
0.85	38.601
0.71	32.16
0.838	37.646
0.841	37.996
0.85	38.601
0.849	38.595
0.676	30.909
