P=? [ F (x=9&y=9&crashed=0) ]	R{"cost"}=? [ C<=100 ]
0.61	21.609
0.87	49.068
0.87	49.068
0.61	21.609
0.863	44.647
0.764	31.168
0.807	31.433
0.689	26.634
0.866	48.207
0.685	25.78
0.647	25.681
0.646	25.536
0.646	25.536
0.832	37.109
0.725	27.095
0.857	42.857
0.855	39.717
0.83	34.633
0.745	29.583
0.761	30.809
0.845	37.675
0.761	30.809
0.745	29.583
0.737	28.5
0.737	28.5
0.742	29.211
0.733	27.714
0.689	26.634
0.832	37.109
0.846	37.82
0.851	38.571
0.861	44.029
0.857	42.857
0.725	27.095
0.845	37.675
0.733	27.714
0.728	27.156
0.686	26.078
0.742	29.211
0.867	48.537
0.859	43.853
0.867	48.537
0.858	43.322
0.686	26.078
0.809	31.436
0.83	34.633
0.728	27.156
0.858	43.322
0.852	39.025
0.827	34.25
0.822	33.643
0.847	38.233
0.818	32.827
0.827	34.25
0.807	31.433
0.764	31.168
0.817	32.811
0.744	29.368
0.816	32.572
0.82	33.111
0.848	38.459
0.825	33.798
0.85	38.473
0.853	39.337
0.852	39.025
0.816	32.572
0.814	32.264
0.735	28.193
0.735	28.193
0.821	33.339
0.762	31.006
0.813	32.15
0.811	31.852
0.81	31.716
0.734	27.991
0.819	33.103
0.854	39.613
0.853	39.337
0.727	27.11
0.811	31.852
0.826	34.016
0.821	33.339
0.847	38.233
0.861	44.029
0.814	32.264
0.813	32.15
0.826	34.016
0.855	39.717
0.734	27.991
0.762	31.006
0.81	31.716
0.823	33.671
0.825	33.798
0.823	33.671
0.743	29.331
0.86	43.914
0.854	39.613
0.685	25.78
0.647	25.681
0.86	43.914
