P=? [ F (x=9&y=9&crashed=0) ]	R{"cost"}=? [ C<=100 ]
0.676	26.387
0.876	53.464
0.876	53.464
0.676	26.387
0.806	31.647
0.764	31.403
0.861	48.155
0.851	43.257
0.85	38.577
0.875	53.459
0.867	48.906
0.859	43.724
0.755	28.257
0.83	37.123
0.829	34.534
0.682	26.611
0.758	30.651
0.7	26.702
0.718	26.712
0.7	26.702
0.742	28.058
0.867	48.906
0.866	48.307
0.875	53.459
0.726	27.116
0.719	26.729
0.732	27.519
0.82	33.629
0.682	26.611
0.732	27.519
0.727	27.243
0.737	27.703
0.818	32.996
0.834	37.482
0.843	38.111
0.84	37.752
0.846	38.128
0.84	37.752
0.837	37.543
0.809	31.726
0.755	28.257
0.815	32.618
0.834	37.482
0.822	33.93
0.82	33.629
0.813	32.541
0.812	32.109
0.761	31.083
0.759	30.677
0.738	27.827
0.726	27.116
0.719	26.729
0.806	31.647
0.859	43.724
0.858	43.491
0.849	38.573
0.847	38.213
0.83	37.123
0.828	34.429
0.826	34.071
0.837	37.543
0.816	32.945
0.81	32.037
0.741	28.026
0.758	30.651
0.854	43.275
0.824	33.946
0.843	38.111
0.861	48.155
0.727	27.243
0.826	34.071
0.763	31.363
0.762	31.104
0.764	31.403
0.828	34.429
0.847	38.213
0.855	43.288
0.856	43.359
0.742	28.058
0.741	28.026
0.738	27.827
0.737	27.703
0.808	31.696
0.759	30.677
0.761	31.083
0.866	48.307
0.822	33.93
0.852	43.264
0.818	32.996
0.849	38.573
0.858	43.491
0.856	43.359
0.825	33.947
0.829	34.534
0.814	32.612
0.813	32.541
0.811	32.095
0.81	32.037
0.808	31.696
0.817	32.991
