P=? [ F (x=9&y=9&crashed=0) ]	R{"cost"}=? [ C<=100 ]
0.978	55.215
0.738	27.741
0.978	55.215
0.738	27.741
0.861	32.465
0.975	40.944
0.777	29.022
0.977	50.07
0.977	50.07
0.777	29.022
0.963	39.054
0.955	35.641
0.864	32.63
0.889	32.681
0.929	33.846
0.891	32.758
0.909	33.176
0.915	33.543
0.762	28.463
0.751	28.312
0.955	35.641
0.963	39.054
0.974	40.665
0.942	34.132
0.935	33.871
0.932	33.863
0.771	28.779
0.935	33.871
0.947	34.588
0.973	40.24
0.965	39.354
0.909	33.176
0.891	32.758
0.745	28.036
0.97	39.66
0.942	34.132
0.951	34.955
0.944	34.172
0.951	34.955
0.947	34.588
0.767	28.639
0.953	35.292
0.952	34.981
0.954	35.336
0.915	33.543
0.745	28.036
0.747	28.209
0.973	40.24
0.972	39.959
0.966	39.403
0.971	39.935
0.914	33.277
0.762	28.463
0.964	39.098
0.771	28.779
0.767	28.639
0.969	39.657
0.966	39.403
0.765	28.636
0.742	27.848
0.911	33.188
0.969	39.657
0.773	28.998
0.75	28.226
0.913	33.192
0.946	34.468
0.945	34.271
0.742	27.848
0.764	28.629
0.863	32.628
0.751	28.312
0.747	28.209
0.741	27.841
0.764	28.629
0.776	29.016
0.946	34.468
0.749	28.221
0.863	32.628
0.774	28.999
0.773	28.998
0.945	34.271
0.74	27.837
0.739	27.749
0.914	33.277
0.89	32.693
0.889	32.681
0.954	35.336
0.964	39.098
0.953	35.292
0.952	34.981
0.972	39.959
0.971	39.935
0.776	29.016
0.774	28.999
0.749	28.221
0.89	32.693
0.91	33.186
0.739	27.749
0.74	27.837
0.913	33.192
