P=? [ F (x=9&y=9&crashed=0) ]	R{"cost"}=? [ C<=100 ]
0.739	23.233
0.976	45.46
0.976	45.46
0.739	23.233
0.806	27.669
0.877	27.789
0.921	33.869
0.806	27.669
0.752	23.931
0.975	40.551
0.752	23.931
0.957	35.92
0.965	39.334
0.92	30.805
0.944	34.104
0.889	29.104
0.908	29.17
0.957	35.92
0.965	39.334
0.967	39.653
0.972	39.933
0.742	23.386
0.746	23.911
0.948	34.876
0.92	30.805
0.918	30.371
0.742	23.386
0.882	28.206
0.911	29.704
0.91	29.304
0.747	23.917
0.955	35.574
0.955	35.574
0.947	34.549
0.885	28.466
0.917	30.312
0.916	30.017
0.746	23.911
0.972	39.933
0.974	40.491
0.973	40.211
0.967	39.653
0.973	40.211
0.953	35.224
0.952	34.946
0.966	39.375
0.954	35.3
0.885	28.466
0.882	28.206
0.912	29.771
0.915	29.956
0.946	34.479
0.945	34.234
0.951	34.889
0.921	33.869
0.881	27.988
0.877	27.789
0.888	28.9
0.915	29.956
0.912	29.771
0.887	28.771
0.886	28.598
0.918	30.371
0.879	27.795
0.74	23.241
0.881	27.988
0.88	27.849
0.886	28.598
0.945	34.234
0.888	28.9
0.887	28.771
0.74	23.241
0.954	35.3
0.953	35.224
0.91	29.304
0.909	29.233
0.947	34.549
0.946	34.479
0.911	29.704
0.908	29.17
0.889	29.104
0.909	29.233
0.916	30.017
0.975	40.551
0.974	40.491
0.917	30.312
0.952	34.946
0.88	27.849
0.966	39.375
0.747	23.917
0.951	34.889
0.948	34.876
0.879	27.795
0.739	23.233
0.752	23.931
0.957	35.92
0.965	39.334
0.92	30.805
0.955	35.574
0.746	23.911
