P=? [ F (x=9&y=9&crashed=0) ]	R{"cost"}=? [ C<=100 ]
0.978	66.035
0.738	27.395
0.978	66.035
0.738	27.395
0.977	61.045
0.976	46.269
0.826	28.722
0.786	28.511
0.975	40.439
0.976	46.269
0.864	30.873
0.865	32.303
0.766	27.844
0.826	28.722
0.847	29.656
0.96	39.01
0.885	32.338
0.747	27.732
0.957	36.176
0.766	27.844
0.782	28.468
0.851	29.663
0.851	29.663
0.847	29.656
0.921	33.797
0.892	32.569
0.9	32.71
0.929	33.815
0.782	28.468
0.903	32.841
0.909	32.938
0.956	36.126
0.955	35.606
0.951	34.897
0.967	39.55
0.952	35.205
0.915	33.203
0.935	33.837
0.744	27.72
0.971	39.881
0.949	34.861
0.902	32.712
0.747	27.732
0.92	33.701
0.918	33.299
0.939	34.078
0.969	39.617
0.973	40.157
0.957	36.176
0.963	39.014
0.785	28.474
0.955	35.606
0.953	35.253
0.942	34.082
0.932	33.817
0.929	33.815
0.888	32.341
0.96	39.01
0.74	27.557
0.932	33.817
0.739	27.553
0.743	27.719
0.936	33.838
0.939	34.078
0.947	34.557
0.9	32.71
0.946	34.482
0.945	34.189
0.966	39.378
0.965	39.095
0.975	40.439
0.973	40.157
0.909	32.938
0.97	39.624
0.92	33.701
0.918	33.299
0.917	33.21
0.944	34.104
0.964	39.06
0.936	33.838
0.913	32.942
0.947	34.557
0.89	32.346
0.972	39.936
0.786	28.511
0.953	35.253
0.949	34.861
0.914	33.021
0.966	39.378
0.941	34.079
0.911	32.939
0.887	32.34
0.886	32.339
0.743	27.719
0.74	27.557
0.911	32.939
0.891	32.41
0.892	32.569
0.903	32.841
0.945	34.189
