P=? [ F (x=9&y=9&crashed=0) ]	R{"cost"}=? [ C<=100 ]
0.718	29.425
0.872	54.647
0.872	54.647
0.718	29.425
0.782	32.331
0.864	49.754
0.863	45.382
0.786	34.663
0.871	50.255
0.845	43.48
0.807	36.675
0.844	40.513
0.855	44.088
0.782	32.331
0.841	39.878
0.807	36.675
0.812	37.652
0.786	34.663
0.831	39.668
0.82	38.091
0.785	33.086
0.822	38.632
0.784	32.6
0.827	38.635
0.869	50.03
0.809	36.696
0.844	40.513
0.811	37.312
0.845	43.48
0.82	38.091
0.858	44.687
0.86	45.06
0.811	37.312
0.785	33.086
0.83	39.185
0.858	44.687
0.869	50.03
0.861	45.183
0.864	49.754
0.828	38.895
0.859	44.815
0.871	50.255
0.829	39.117
0.828	38.895
0.831	39.668
0.861	45.183
0.809	36.696
0.822	38.632
0.859	44.815
0.83	39.185
