P=? [ F (x=9&y=9&crashed=0) ]	R{"cost"}=? [ C<=100 ]
0.879	50.002
0.681	28.161
0.879	50.002
0.759	32.065
0.721	28.456
0.726	29.641
0.789	32.29
0.759	32.065
0.869	48.835
0.863	45.586
0.849	43.218
0.845	40.232
0.811	37.488
0.726	29.641
0.81	35.244
0.819	38.414
0.832	38.461
0.807	34.797
0.799	33.659
0.854	43.971
0.871	49.02
0.799	33.659
0.861	44.955
0.861	44.955
0.871	49.02
0.791	32.629
0.807	34.797
0.844	39.913
0.863	45.586
0.838	39.683
0.854	43.971
0.85	43.402
0.814	38.211
0.869	48.835
0.721	28.456
0.845	40.232
0.794	32.778
0.849	43.218
0.852	43.787
0.833	38.531
0.795	33.11
0.809	34.927
0.813	37.896
0.836	39.071
0.797	33.361
0.813	37.896
0.834	38.819
0.797	33.361
0.862	45.275
0.81	35.244
