P=? [ F (x=9&y=9&crashed=0) ]	R{"cost"}=? [ C<=100 ]
0.79	51.125
0.645	29.146
0.79	51.125
0.645	29.146
0.78	49.425
0.775	46.003
0.763	43.894
0.664	29.2
0.736	38.895
0.729	35.926
0.759	41.512
0.7	33.75
0.69	31.681
0.666	29.49
0.69	31.681
0.7	33.75
0.677	29.794
0.676	29.589
0.684	30.104
0.701	34.113
0.782	50.08
0.736	38.895
0.708	34.155
0.729	35.926
0.743	39.563
0.714	34.658
0.759	41.512
0.788	50.365
0.72	34.756
0.749	39.591
0.775	46.003
0.737	39.266
0.713	34.458
0.78	49.425
0.708	34.155
0.725	35.262
0.741	39.31
0.767	44.622
0.789	50.531
0.781	49.489
0.722	35.112
0.757	40.777
0.758	41.022
0.769	45.171
0.686	30.653
0.685	30.251
0.689	31.292
0.752	40.227
0.688	31.191
0.687	30.838
0.768	44.865
0.713	34.458
0.788	50.365
0.782	50.08
0.754	40.49
0.752	40.227
0.751	39.992
0.75	39.737
0.77	45.185
0.774	45.752
0.758	41.022
0.768	44.865
0.728	35.688
0.751	39.992
0.774	45.752
0.773	45.521
0.766	44.392
0.728	35.688
0.727	35.469
0.766	44.392
0.765	44.178
0.721	34.902
0.664	29.2
0.686	30.653
0.687	30.838
0.772	45.456
0.771	45.272
0.727	35.469
0.726	35.289
0.742	39.483
0.756	40.674
0.755	40.503
0.789	50.531
0.754	40.49
0.722	35.112
0.685	30.251
0.75	39.737
0.721	34.902
0.764	44.036
0.765	44.178
0.764	44.036
0.756	40.674
0.689	31.292
0.688	31.191
0.676	29.589
0.72	34.756
0.714	34.658
0.771	45.272
0.742	39.483
0.773	45.521
