P=? [ F (x=9&y=9&crashed=0) ]	R{"cost"}=? [ C<=100 ]
0.665	29.349
0.798	59.1
0.796	54.246
0.688	33.525
0.797	54.68
0.69	33.727
0.706	33.805
0.79	50.789
0.681	30.885
0.779	46.299
0.788	49.994
0.719	34.485
0.741	39.184
0.731	36.483
0.666	29.496
0.677	30.124
0.781	48.743
0.78	46.481
0.758	43.544
0.757	41.297
0.72	35.322
0.727	35.476
0.734	38.438
0.79	50.789
0.712	34.381
0.771	44.413
0.681	30.885
0.782	49.099
0.764	44.35
0.736	39.045
0.774	44.984
0.747	39.215
0.728	36.188
0.751	40.224
0.755	40.782
0.774	44.984
0.789	50.311
0.759	43.864
0.708	34.156
0.782	49.099
0.763	44.223
0.712	34.381
0.731	36.483
0.677	30.124
0.666	29.496
0.734	38.438
0.707	33.924
0.755	40.782
0.751	40.224
0.68	30.71
0.678	30.226
0.75	39.779
0.756	41.22
0.797	54.68
0.735	38.612
0.68	30.71
0.763	44.223
0.759	43.864
0.781	48.743
0.678	30.226
0.758	43.544
0.749	39.585
0.748	39.282
0.69	33.727
0.728	36.188
0.708	34.156
0.75	39.779
0.749	39.585
0.773	44.79
0.773	44.79
0.772	44.601
0.772	44.601
0.78	46.481
0.735	38.612
0.727	35.476
0.72	35.322
0.736	39.045
0.706	33.805
0.757	41.297
0.756	41.22
0.748	39.282
0.771	44.413
0.764	44.35
0.747	39.215
0.79	50.789
0.681	30.885
0.782	49.099
0.774	44.984
0.677	30.124
0.734	38.438
0.751	40.224
0.797	54.68
0.68	30.71
0.763	44.223
0.759	43.864
0.781	48.743
0.758	43.544
0.728	36.188
0.69	33.727
0.708	34.156
