P=? [ F (x=9&y=9&crashed=0) ]	R{"cost"}=? [ C<=100 ]
0.797	55.486
0.648	29.088
0.797	55.486
0.648	29.088
0.791	50.985
0.698	31.57
0.669	30.221
0.664	29.199
0.761	42.421
0.649	29.123
0.689	31.45
0.684	30.299
0.737	39.174
0.699	33.54
0.733	38.408
0.731	36.474
0.78	48.788
0.776	46.985
0.747	39.42
0.686	30.855
0.764	44.036
0.755	40.51
0.776	46.985
0.706	33.797
0.771	45.281
0.76	41.717
0.786	50.107
0.782	48.924
0.7	33.63
0.715	34.693
0.767	44.345
0.771	45.281
0.775	46.144
0.758	40.89
0.79	50.509
0.774	45.681
0.667	30.214
0.752	40.344
0.736	38.896
0.685	30.335
0.719	34.715
0.786	50.107
0.78	48.788
0.782	48.924
0.767	44.345
0.712	34.296
0.764	44.036
0.759	41.372
0.707	33.859
0.748	39.494
0.775	46.144
0.749	39.711
0.787	50.21
0.714	34.462
0.666	29.766
0.73	36.251
0.729	35.807
0.728	35.546
0.722	35.003
0.666	29.766
0.665	29.333
0.751	39.914
0.708	34.101
0.725	35.176
0.731	36.474
0.774	45.681
0.72	34.717
0.75	39.775
0.758	40.89
0.759	41.372
0.713	34.414
0.71	34.254
0.728	35.546
0.726	35.226
0.781	48.884
0.733	38.408
0.79	50.509
0.787	50.21
0.735	38.615
0.729	35.807
0.747	39.42
0.726	35.226
0.73	36.251
0.71	34.254
0.721	34.921
0.725	35.176
0.722	35.003
0.7	33.63
0.752	40.344
0.708	34.101
0.765	44.186
0.766	44.332
0.765	44.186
0.751	39.914
0.665	29.333
0.734	38.534
0.721	34.921
0.735	38.615
0.734	38.534
0.684	30.299
