P=? [ F (x=9&y=9&crashed=0) ]	R{"cost"}=? [ C<=100 ]
0.854	47.203
0.718	28.686
0.854	47.203
0.757	33.153
0.838	45.922
0.733	29.882
0.733	29.882
0.837	43.896
0.802	39.903
0.816	40.029
0.826	43.474
0.823	41.888
0.785	37.166
0.776	35.203
0.776	35.203
0.849	46.72
0.768	33.883
0.828	43.676
0.768	33.883
0.849	46.72
0.798	38.539
0.795	37.668
0.823	41.888
0.722	28.908
0.728	29.234
0.782	36.058
0.838	45.922
0.722	28.908
0.791	37.49
0.822	41.221
0.784	36.723
0.796	38.332
0.801	39.274
0.761	33.198
0.791	37.49
0.794	37.5
0.784	36.723
0.8	39.102
0.852	46.724
0.778	35.627
0.73	29.774
0.729	29.36
0.782	36.058
0.819	40.6
0.818	40.245
0.728	29.234
0.8	39.102
0.826	43.474
0.853	46.907
0.778	35.627
0.78	35.796
0.821	41.011
0.82	40.782
0.837	43.896
0.828	43.676
0.822	41.221
0.821	41.011
0.765	33.604
0.764	33.396
0.797	38.336
0.763	33.392
0.853	46.907
0.82	40.782
0.819	40.6
0.761	33.198
0.818	40.245
0.817	40.071
0.801	39.274
0.827	43.504
0.767	33.724
0.779	35.785
0.78	35.796
0.763	33.392
0.816	40.029
0.802	39.903
0.729	29.36
0.766	33.684
0.765	33.604
0.732	29.804
0.817	40.071
0.767	33.724
0.766	33.684
0.827	43.504
0.731	29.79
0.73	29.774
0.732	29.804
0.731	29.79
0.779	35.785
0.797	38.336
0.852	46.724
0.764	33.396
0.796	38.332
0.854	47.203
0.733	29.882
0.768	33.883
0.849	46.72
0.823	41.888
0.838	45.922
0.722	28.908
0.791	37.49
