P=? [ F (x=9&y=9&crashed=0) ]	R{"cost"}=? [ C<=100 ]
0.89	61.686
0.756	33.877
0.756	33.877
0.89	61.686
0.822	43.782
0.889	57.474
0.793	38.144
0.773	38.016
0.762	36.229
0.874	52.704
0.859	50.183
0.856	47.338
0.876	55.344
0.761	34.364
0.8	39.092
0.769	37.481
0.815	42.047
0.769	37.481
0.802	40.416
0.834	44.759
0.88	56.343
0.797	38.257
0.841	45.048
0.815	42.047
0.762	36.229
0.834	44.759
0.845	45.589
0.886	56.556
0.879	55.982
0.855	46.838
0.871	51.803
0.844	45.103
0.856	47.338
0.829	44.557
0.827	44.501
0.862	50.746
0.874	52.704
0.793	38.144
0.852	46.029
0.863	51.065
0.87	51.368
0.827	44.501
0.866	51.089
0.814	42.034
0.813	41.365
0.799	39.045
0.849	45.899
0.872	52.094
0.772	38.012
0.853	46.537
0.872	52.094
0.842	45.077
0.889	57.474
0.888	57.004
0.859	50.183
0.808	40.891
0.888	57.004
0.887	56.578
0.759	34.262
0.772	38.012
0.804	40.438
0.798	38.647
0.798	38.647
0.759	34.262
0.878	55.602
0.868	51.272
0.806	40.79
0.811	41.141
0.85	45.925
0.876	55.344
0.849	45.899
0.845	45.589
0.76	34.266
0.808	40.891
0.861	50.439
0.841	45.048
0.828	44.507
0.81	41.132
0.854	46.605
0.802	40.416
0.861	50.439
0.86	50.218
0.81	41.132
0.886	56.556
0.88	56.343
0.829	44.557
0.805	40.636
0.867	51.116
0.878	55.602
0.877	55.447
0.805	40.636
0.773	38.016
0.812	41.264
0.877	55.447
0.813	41.365
0.806	40.79
0.812	41.264
0.761	34.364
0.869	51.279
0.851	46.002
