P=? [ F (x=9&y=9&crashed=0) ]	R{"cost"}=? [ C<=100 ]
0.757	32.65
0.906	59.753
0.906	59.753
0.757	32.65
0.889	53.927
0.872	45.074
0.888	50.039
0.904	59.164
0.898	55.047
0.86	43.59
0.855	39.718
0.759	32.863
0.878	48.816
0.78	33.297
0.802	34.189
0.788	33.981
0.82	36.958
0.806	34.762
0.82	36.958
0.806	34.762
0.847	38.803
0.88	49.535
0.836	38.776
0.869	44.27
0.904	59.164
0.896	54.372
0.898	55.047
0.785	33.614
0.878	48.816
0.855	39.718
0.86	43.59
0.783	33.4
0.833	38.678
0.865	44.037
0.851	39.048
0.759	32.863
0.865	44.037
0.871	44.667
0.847	38.803
0.879	48.983
0.832	38.139
0.862	43.881
0.888	50.039
0.88	49.535
0.824	37.392
0.821	37.092
0.804	34.393
0.896	54.372
0.78	33.297
0.871	44.667
0.897	54.75
0.826	37.72
0.787	33.969
0.831	37.994
0.805	34.701
0.824	37.392
0.821	37.092
0.897	54.75
0.829	37.968
0.828	37.868
0.851	39.048
0.853	39.432
0.852	39.191
0.804	34.393
0.787	33.969
0.825	37.527
0.835	38.77
0.781	33.301
0.879	48.983
0.862	43.881
0.861	43.729
0.828	37.868
0.826	37.72
0.854	39.571
0.832	38.139
0.852	39.191
0.861	43.729
0.854	39.571
0.853	39.432
0.825	37.527
0.781	33.301
0.835	38.77
0.833	38.678
0.805	34.701
0.836	38.776
0.831	37.994
0.829	37.968
0.757	32.65
0.82	36.958
0.806	34.762
0.904	59.164
0.898	55.047
0.878	48.816
0.855	39.718
0.86	43.59
0.759	32.863
0.865	44.037
0.888	50.039
0.88	49.535
0.896	54.372
