P=? [ F (x=9&y=9&crashed=0) ]	R{"cost"}=? [ C<=100 ]
0.89	63.824
0.709	27.414
0.89	63.824
0.709	27.414
0.881	53.689
0.882	58.472
0.882	58.472
0.767	31.789
0.879	49.755
0.873	47.836
0.865	43.393
0.856	39.943
0.72	27.47
0.872	44.89
0.754	29.58
0.74	28.467
0.754	29.58
0.729	27.93
0.865	43.393
0.879	49.755
0.849	38.311
0.84	38.294
0.873	47.836
0.823	37.082
0.71	27.423
0.833	37.093
0.856	39.943
0.808	35.127
0.838	37.982
0.782	32.331
0.808	35.127
0.752	29.035
0.815	36.337
0.775	32.322
0.815	36.337
0.726	27.739
0.747	28.857
0.791	33.256
0.797	33.311
0.806	34.671
0.729	27.93
0.816	36.434
0.768	32.162
0.788	32.991
0.821	37.065
0.821	37.065
0.747	28.857
0.805	34.538
0.851	38.902
0.835	37.276
0.743	28.609
0.726	27.739
0.804	34.112
0.816	36.434
0.799	33.314
0.868	43.986
0.835	37.276
0.872	44.89
0.87	44.319
0.868	43.986
0.839	38.16
0.77	32.254
0.743	28.609
0.786	32.524
0.787	32.558
0.789	33.217
0.855	39.798
0.854	39.375
0.773	32.313
0.783	32.333
0.85	38.505
0.87	44.319
0.752	29.035
0.801	33.892
0.8	33.513
0.741	28.537
0.803	34.107
0.773	32.313
0.77	32.254
0.797	33.311
0.791	33.256
0.823	37.082
0.775	32.322
0.8	33.513
0.85	38.505
0.786	32.524
0.783	32.333
0.853	39.233
0.852	39.048
0.869	44.136
0.834	37.097
0.802	34.044
0.801	33.892
0.869	44.136
0.852	39.048
0.855	39.798
0.854	39.375
0.853	39.233
0.741	28.537
0.802	34.044
