P=? [ F (x=9&y=9&crashed=0) ]	R{"cost"}=? [ C<=100 ]
0.856	49.0
0.718	27.171
0.856	49.0
0.718	27.171
0.855	48.398
0.854	39.605
0.749	28.816
0.762	31.444
0.817	36.644
0.832	36.901
0.762	31.444
0.771	32.283
0.789	33.185
0.784	32.289
0.804	34.624
0.736	28.077
0.732	27.683
0.799	33.289
0.745	28.395
0.813	35.995
0.813	35.995
0.804	34.624
0.723	27.658
0.839	37.939
0.847	38.143
0.736	28.077
0.803	34.176
0.801	33.503
0.766	31.615
0.803	34.176
0.855	48.398
0.721	27.295
0.732	27.683
0.788	32.706
0.854	39.605
0.853	39.174
0.837	37.655
0.836	37.233
0.722	27.643
0.746	28.563
0.745	28.395
0.77	32.275
0.769	31.986
0.852	39.027
0.851	38.752
0.851	38.752
0.85	38.478
0.832	36.901
0.817	36.644
0.748	28.813
0.746	28.563
0.788	32.706
0.787	32.48
0.847	38.143
0.839	37.939
0.8	33.487
0.85	38.478
0.849	38.285
0.816	36.483
0.815	36.293
0.769	31.986
0.768	31.803
0.801	33.503
0.766	31.615
0.815	36.293
0.814	36.122
0.719	27.176
0.767	31.777
0.748	28.813
0.816	36.483
0.787	32.48
0.786	32.332
0.853	39.174
0.852	39.027
0.835	37.098
0.838	37.8
0.834	36.953
0.837	37.655
0.849	38.285
0.848	38.144
0.838	37.8
0.836	37.233
0.835	37.098
0.814	36.122
0.721	27.295
0.719	27.176
0.799	33.289
0.789	33.185
0.834	36.953
0.833	36.91
0.786	32.332
0.785	32.292
0.768	31.803
0.767	31.777
0.723	27.658
0.8	33.487
0.722	27.643
0.833	36.91
0.77	32.275
0.784	32.289
