P=? [ F (x=9&y=9&crashed=0) ]	R{"cost"}=? [ C<=100 ]
0.889	50.372
0.694	27.113
0.889	50.372
0.694	27.113
0.873	45.402
0.856	39.895
0.874	49.071
0.857	43.338
0.763	31.661
0.752	29.312
0.858	43.847
0.871	44.481
0.888	50.034
0.841	38.838
0.707	27.119
0.72	27.319
0.815	36.26
0.806	34.757
0.741	28.352
0.875	49.085
0.707	27.119
0.752	29.312
0.763	31.661
0.769	32.059
0.851	39.082
0.818	36.717
0.815	36.26
0.742	28.722
0.768	31.784
0.783	32.28
0.806	34.757
0.888	50.034
0.875	49.085
0.776	32.261
0.824	36.885
0.748	28.788
0.831	36.898
0.733	28.229
0.776	32.261
0.871	44.481
0.858	43.847
0.824	36.885
0.798	33.888
0.794	33.616
0.727	27.952
0.84	38.277
0.872	44.847
0.722	27.483
0.794	33.616
0.857	43.338
0.723	27.626
0.731	28.207
0.751	29.072
0.799	34.127
0.73	27.973
0.854	39.538
0.836	37.594
0.805	34.747
0.785	32.29
0.791	33.395
0.802	34.215
0.834	37.189
0.833	37.097
0.853	39.366
0.727	27.952
0.872	44.847
0.789	33.1
0.788	32.744
0.804	34.414
0.723	27.626
0.72	27.319
0.816	36.459
0.832	36.913
0.748	28.788
0.751	29.072
0.798	33.888
0.816	36.459
0.851	39.082
0.841	38.838
0.733	28.229
0.791	33.395
0.84	38.277
0.839	38.06
0.835	37.378
0.788	32.744
0.787	32.539
0.79	33.196
0.786	32.483
0.852	39.273
0.803	34.406
0.835	37.378
0.839	38.06
0.838	37.873
0.855	39.713
0.855	39.713
0.838	37.873
0.837	37.723
0.837	37.723
0.79	33.196
0.789	33.1
