P=? [ F (x=9&y=9&crashed=0) ]	R{"cost"}=? [ C<=100 ]
0.864	49.439
0.624	23.014
0.864	49.439
0.624	23.014
0.636	26.88
0.711	27.606
0.675	27.177
0.766	31.874
0.722	31.509
0.731	31.717
0.858	48.098
0.856	44.778
0.688	27.502
0.836	41.991
0.832	39.67
0.81	36.697
0.808	34.67
0.768	32.084
0.785	32.122
0.675	27.177
0.636	26.88
0.687	27.304
0.722	31.509
0.841	42.847
0.723	31.701
0.849	43.596
0.816	37.61
0.731	31.717
0.849	43.596
0.832	39.67
0.841	42.847
0.84	42.405
0.808	34.67
0.856	44.778
0.822	37.895
0.863	48.981
0.792	32.831
0.789	32.358
0.803	33.668
0.836	41.991
0.831	39.175
0.823	37.914
0.853	44.068
0.827	38.391
0.806	34.192
0.855	44.317
0.838	42.169
0.815	37.168
0.787	32.127
0.796	33.127
0.863	48.981
0.861	48.606
0.861	48.606
0.86	48.344
0.854	44.11
0.825	38.163
0.851	43.844
0.858	48.098
0.814	37.135
0.788	32.326
0.802	33.662
0.825	38.163
0.806	34.192
0.805	33.965
0.796	33.127
0.851	43.844
0.801	33.44
0.767	32.038
0.791	32.633
0.805	33.965
0.83	38.952
0.829	38.656
0.792	32.831
0.822	37.895
0.816	37.61
0.791	32.633
0.798	33.133
0.801	33.44
0.799	33.177
0.86	48.344
0.829	38.656
0.828	38.428
0.831	39.175
0.83	38.952
0.855	44.317
0.813	36.931
0.839	42.227
0.811	36.713
0.812	36.881
0.799	33.177
0.785	32.122
0.687	27.304
0.688	27.502
0.839	42.227
0.813	36.931
0.812	36.881
0.828	38.428
0.815	37.168
0.811	36.713
0.722	31.509
