P=? [ F (x=9&y=9&crashed=0) ]	R{"cost"}=? [ C<=100 ]
0.909	63.854
0.75	32.504
0.75	32.504
0.909	63.854
0.751	32.595
0.773	32.608
0.891	54.15
0.905	62.895
0.893	58.022
0.9	59.123
0.858	45.169
0.885	53.355
0.883	49.981
0.874	48.113
0.874	48.113
0.792	34.677
0.858	45.169
0.801	36.835
0.792	34.677
0.803	37.039
0.801	36.835
0.812	37.212
0.835	41.666
0.833	39.89
0.778	33.283
0.842	42.984
0.849	43.259
0.78	33.42
0.9	59.123
0.786	33.907
0.82	38.658
0.882	49.601
0.905	62.895
0.889	53.78
0.787	33.989
0.817	37.751
0.894	58.077
0.774	32.806
0.833	39.89
0.787	33.989
0.78	33.42
0.824	38.67
0.849	43.259
0.818	38.217
0.888	53.586
0.878	48.472
0.827	38.878
0.836	41.85
0.908	63.267
0.883	49.981
0.812	37.212
0.891	54.15
0.852	43.471
0.877	48.321
0.897	58.233
0.815	37.413
0.832	39.365
0.857	44.681
0.786	33.907
0.774	32.806
0.881	49.152
0.857	44.681
0.856	44.235
0.818	38.217
0.841	42.636
0.84	42.202
0.899	58.794
0.898	58.382
0.835	41.666
0.838	41.87
0.83	39.131
0.803	37.039
0.886	53.523
0.885	53.355
0.829	38.978
0.841	42.636
0.907	63.126
0.899	58.794
0.826	38.772
0.825	38.762
0.879	48.748
0.842	42.984
0.856	44.235
0.855	43.973
0.893	58.022
0.881	49.152
0.88	48.9
0.907	63.126
0.852	43.471
0.82	38.658
0.877	48.321
0.832	39.365
0.831	39.16
0.815	37.413
0.854	43.82
0.853	43.625
0.816	37.56
0.839	42.052
0.897	58.233
0.853	43.625
