P=? [ F (x=9&y=9&crashed=0) ]	R{"cost"}=? [ C<=100 ]
0.882	58.92
0.62	26.827
0.882	58.92
0.62	26.827
0.879	58.192
0.873	49.593
0.709	29.22
0.764	31.592
0.863	47.954
0.649	27.129
0.649	27.129
0.856	44.639
0.675	27.197
0.709	29.22
0.787	32.165
0.764	31.592
0.768	32.012
0.811	37.035
0.809	35.047
0.833	41.529
0.69	27.592
0.832	39.814
0.792	32.943
0.678	27.43
0.879	58.192
0.703	28.714
0.823	38.028
0.869	48.899
0.831	39.392
0.695	28.059
0.695	28.059
0.856	44.639
0.824	38.331
0.839	42.33
0.704	29.012
0.801	33.48
0.873	49.593
0.796	33.2
0.866	48.422
0.836	42.005
0.866	48.422
0.788	32.482
0.819	37.732
0.703	28.714
0.766	31.885
0.796	33.2
0.692	27.99
0.844	42.953
0.808	34.881
0.836	42.005
0.815	37.593
0.819	37.732
0.84	42.462
0.84	42.462
0.676	27.264
0.833	41.529
0.788	32.482
0.854	44.172
0.846	42.991
0.804	34.27
0.832	39.814
0.765	31.608
0.806	34.29
0.826	38.619
0.844	42.953
0.85	43.799
0.826	38.619
0.848	43.299
0.829	39.122
0.828	38.889
0.872	49.456
0.87	49.114
0.803	34.106
0.802	33.766
0.87	49.114
0.855	44.501
0.814	37.443
0.812	37.131
0.848	43.299
0.807	34.579
0.807	34.579
0.809	35.047
0.802	33.766
0.852	43.994
0.69	27.592
0.678	27.43
0.801	33.48
0.768	32.012
0.814	37.443
0.828	38.889
0.829	39.122
0.872	49.456
0.849	43.55
0.849	43.55
0.812	37.131
0.704	29.012
0.692	27.99
0.854	44.172
0.852	43.994
0.803	34.106
