P=? [ F (x=9&y=9&crashed=0) ]	R{"cost"}=? [ C<=100 ]
0.881	49.619
0.881	49.619
0.65	27.665
0.711	28.256
0.716	29.771
0.75	31.968
0.875	47.995
0.684	27.996
0.857	44.627
0.75	31.968
0.684	27.996
0.716	29.771
0.775	32.07
0.836	41.651
0.857	44.627
0.81	36.733
0.875	47.995
0.809	34.973
0.833	40.014
0.842	42.824
0.833	40.014
0.783	32.097
0.775	32.07
0.832	39.277
0.88	48.906
0.805	34.602
0.804	34.091
0.853	43.702
0.877	48.226
0.801	33.734
0.878	48.376
0.852	43.279
0.841	42.332
0.848	43.02
0.79	32.773
0.788	32.65
0.851	43.271
0.796	33.392
0.802	34.057
0.817	37.722
0.792	33.227
0.808	34.68
0.784	32.229
0.815	37.143
0.837	41.832
0.812	36.893
0.791	33.106
0.825	38.208
0.855	44.081
0.854	43.76
0.816	37.409
0.822	38.134
0.826	38.402
0.827	38.415
0.829	38.653
0.831	39.112
0.83	38.814
0.856	44.377
0.855	44.081
0.809	34.973
0.879	48.659
0.806	34.628
0.816	37.409
0.824	38.17
0.787	32.386
0.796	33.392
0.811	36.737
0.856	44.377
0.88	48.906
0.879	48.659
0.849	43.028
0.798	33.536
0.789	32.738
0.8	33.615
0.821	37.921
0.786	32.281
0.848	43.02
0.842	42.824
0.828	38.609
0.84	42.216
0.839	42.036
0.819	37.898
0.817	37.722
0.798	33.536
0.792	33.227
0.832	39.277
0.831	39.112
0.83	38.814
0.814	37.135
0.813	36.976
0.839	42.036
0.838	41.89
0.791	33.106
0.841	42.332
0.84	42.216
0.819	37.898
0.787	32.386
0.849	43.028
0.813	36.976
0.8	33.615
