P=? [ F (x=9&y=9&crashed=0) ]	R{"cost"}=? [ C<=100 ]
0.638	27.126
0.865	49.303
0.638	27.126
0.865	49.303
0.859	48.434
0.855	44.49
0.668	27.179
0.73	31.863
0.764	31.899
0.722	31.526
0.717	28.729
0.837	42.35
0.832	39.659
0.707	27.39
0.679	27.253
0.812	37.079
0.808	34.75
0.768	31.929
0.816	37.808
0.784	32.071
0.717	28.729
0.853	44.084
0.84	42.556
0.83	39.093
0.845	43.593
0.677	27.245
0.85	43.872
0.843	43.194
0.855	44.49
0.822	38.146
0.722	31.526
0.862	48.86
0.861	48.67
0.837	42.35
0.814	37.309
0.843	43.194
0.715	28.156
0.801	33.498
0.859	48.434
0.726	31.76
0.812	37.079
0.831	39.585
0.787	32.182
0.832	39.659
0.808	34.75
0.801	33.498
0.794	33.066
0.803	33.936
0.804	34.133
0.84	42.556
0.79	32.716
0.726	31.76
0.845	43.593
0.788	32.552
0.799	33.141
0.71	27.525
0.79	32.716
0.796	33.088
0.822	38.146
0.828	38.881
0.764	31.899
0.73	31.863
0.814	37.309
0.794	33.066
0.829	38.883
0.713	27.993
0.711	27.686
0.864	49.097
0.803	33.936
0.714	28.002
0.711	27.686
0.715	28.156
0.798	33.116
0.806	34.517
0.805	34.27
0.823	38.285
0.826	38.524
0.864	49.097
0.824	38.287
0.827	38.645
0.707	27.39
0.679	27.253
0.826	38.524
0.851	43.885
0.709	27.428
0.807	34.586
0.677	27.245
0.784	32.071
0.805	34.27
0.799	33.141
0.827	38.645
0.785	32.089
0.851	43.885
0.713	27.993
0.789	32.613
0.824	38.287
0.787	32.182
0.785	32.089
0.831	39.585
0.807	34.586
