P=? [ F (x=9&y=9&crashed=0) ]	R{"cost"}=? [ C<=100 ]
0.733	23.244
0.977	50.876
0.977	50.876
0.733	23.244
0.757	24.324
0.876	27.792
0.976	40.765
0.757	24.324
0.876	27.792
0.926	33.757
0.963	39.023
0.957	35.921
0.92	30.807
0.888	28.9
0.928	34.015
0.904	29.15
0.942	34.082
0.75	23.925
0.955	35.562
0.753	24.29
0.739	23.248
0.963	39.023
0.92	30.807
0.975	40.529
0.957	35.921
0.91	29.669
0.966	39.391
0.742	23.401
0.879	27.795
0.945	34.443
0.97	39.613
0.904	29.15
0.952	34.943
0.956	35.895
0.947	34.807
0.909	29.23
0.919	30.762
0.918	30.368
0.744	23.79
0.965	39.144
0.882	28.344
0.885	28.466
0.944	34.109
0.912	29.922
0.946	34.477
0.917	30.32
0.916	30.014
0.954	35.27
0.953	35.233
0.881	28.204
0.88	27.934
0.914	29.929
0.753	24.29
0.742	23.401
0.907	29.151
0.888	28.9
0.927	33.767
0.974	40.285
0.748	23.919
0.974	40.285
0.973	40.049
0.748	23.919
0.973	40.049
0.972	39.82
0.745	23.792
0.97	39.613
0.966	39.391
0.911	29.705
0.915	29.964
0.951	34.871
0.887	28.772
0.886	28.598
0.74	23.257
0.881	28.204
0.971	39.752
0.88	27.934
0.886	28.598
0.887	28.772
0.745	23.792
0.74	23.257
0.885	28.466
0.882	28.344
0.949	34.86
0.744	23.79
0.964	39.137
0.972	39.82
0.971	39.752
0.928	34.015
0.949	34.86
0.947	34.807
0.909	29.23
0.908	29.179
0.916	30.014
0.918	30.368
0.917	30.32
0.919	30.762
0.954	35.27
0.953	35.233
0.911	29.705
0.946	34.477
