P=? [ F (x=9&y=9&crashed=0) ]	R{"cost"}=? [ C<=100 ]
0.739	27.859
0.977	45.636
0.977	45.636
0.739	27.859
0.976	40.789
0.864	32.683
0.856	30.475
0.959	38.74
0.949	36.286
0.822	29.82
0.773	28.738
0.888	32.688
0.797	28.759
0.916	33.695
0.801	28.808
0.82	28.818
0.932	34.085
0.949	36.286
0.838	29.868
0.821	28.833
0.85	30.002
0.765	28.397
0.892	33.071
0.94	35.113
0.754	28.33
0.959	38.74
0.901	33.118
0.939	34.573
0.916	33.695
0.948	35.752
0.89	32.787
0.741	27.868
0.97	39.429
0.936	34.305
0.77	28.586
0.91	33.15
0.965	39.251
0.964	38.823
0.743	28.137
0.973	40.16
0.972	39.743
0.975	40.621
0.974	40.22
0.932	34.085
0.765	28.397
0.913	33.356
0.77	28.586
0.933	34.273
0.905	33.147
0.847	29.967
0.842	29.881
0.842	29.881
0.966	39.323
0.961	38.788
0.971	39.705
0.838	29.868
0.901	33.118
0.945	35.321
0.797	28.759
0.749	28.229
0.913	33.356
0.753	28.316
0.749	28.229
0.801	28.808
0.944	35.316
0.905	33.147
0.746	28.211
0.947	35.713
0.946	35.505
0.944	35.316
0.94	35.113
0.937	34.5
0.946	35.505
0.889	32.702
0.773	28.738
0.976	40.789
0.975	40.621
0.746	28.211
0.847	29.967
0.743	28.137
0.892	33.071
0.97	39.429
0.966	39.323
0.963	38.793
0.849	29.983
0.912	33.265
0.753	28.316
0.965	39.251
0.754	28.33
0.974	40.22
0.973	40.16
0.939	34.573
0.938	34.514
0.911	33.208
0.912	33.265
0.911	33.208
0.822	29.82
0.948	35.752
0.947	35.713
0.972	39.743
