P=? [ F (x=9&y=9&crashed=0) ]	R{"cost"}=? [ C<=100 ]
0.748	27.873
0.978	55.599
0.748	27.873
0.847	28.639
0.977	45.923
0.773	28.469
0.977	45.923
0.976	40.772
0.881	28.718
0.921	33.522
0.963	38.795
0.956	35.86
0.92	30.807
0.881	28.718
0.906	29.142
0.891	28.773
0.896	28.775
0.956	35.86
0.927	33.713
0.756	28.013
0.963	38.795
0.942	34.063
0.965	38.863
0.936	33.853
0.948	34.826
0.762	28.321
0.759	28.02
0.932	33.846
0.917	30.362
0.966	39.311
0.92	30.807
0.918	30.367
0.973	40.154
0.972	39.729
0.891	28.773
0.97	39.44
0.911	29.703
0.91	29.308
0.756	28.013
0.769	28.462
0.935	33.847
0.906	29.142
0.896	28.775
0.895	28.774
0.916	30.013
0.762	28.321
0.955	35.517
0.976	40.772
0.975	40.437
0.928	33.795
0.947	34.543
0.947	34.543
0.946	34.264
0.913	29.929
0.953	35.21
0.952	34.937
0.765	28.423
0.955	35.517
0.954	35.248
0.971	39.697
0.759	28.02
0.975	40.437
0.974	40.2
0.765	28.423
0.942	34.063
0.936	33.853
0.964	38.816
0.908	29.168
0.915	29.964
0.967	39.354
0.93	33.804
0.912	29.776
0.767	28.453
0.943	34.087
0.969	39.411
0.93	33.804
0.767	28.453
0.95	34.882
0.769	28.462
0.918	30.367
0.945	34.181
0.944	34.092
0.946	34.264
0.945	34.181
0.91	29.308
0.909	29.229
0.912	29.776
0.911	29.703
0.909	29.229
0.969	39.411
0.967	39.354
0.95	34.882
0.916	30.013
0.952	34.937
0.951	34.889
0.974	40.2
0.973	40.154
0.966	39.311
0.954	35.248
0.953	35.21
