P=? [ F (x=9&y=9&crashed=0) ]	R{"cost"}=? [ C<=100 ]
0.973	40.496
0.727	24.111
0.973	40.496
0.727	24.111
0.858	28.616
0.801	28.568
0.746	27.716
0.956	38.901
0.745	24.179
0.954	35.503
0.913	32.938
0.912	30.785
0.771	28.463
0.8	28.548
0.895	28.717
0.872	28.668
0.871	28.664
0.922	33.821
0.933	33.826
0.757	28.006
0.966	39.315
0.729	24.122
0.921	33.797
0.738	24.145
0.915	33.25
0.762	28.174
0.92	33.345
0.912	30.785
0.91	30.339
0.97	39.628
0.909	30.011
0.954	35.503
0.953	35.172
0.91	30.339
0.951	34.871
0.919	33.278
0.744	24.175
0.763	28.176
0.765	28.395
0.946	34.466
0.904	29.619
0.903	29.273
0.908	29.978
0.905	29.641
0.972	40.162
0.949	34.854
0.965	39.266
0.97	39.628
0.953	35.172
0.972	40.162
0.971	39.873
0.945	34.181
0.937	33.843
0.739	24.153
0.747	27.832
0.753	27.998
0.948	34.675
0.971	39.873
0.9	29.136
0.914	33.016
0.948	34.675
0.946	34.466
0.964	39.068
0.769	28.438
0.902	29.243
0.943	34.085
0.96	39.004
0.959	38.952
0.963	39.017
0.942	33.975
0.768	28.4
0.899	28.968
0.75	27.847
0.751	27.947
0.908	29.978
0.905	29.641
0.771	28.463
0.749	27.846
0.939	33.854
0.934	33.837
0.942	33.975
0.94	33.855
0.898	28.921
0.897	28.814
0.901	29.144
0.729	24.122
0.945	34.181
0.944	34.096
0.8	28.548
0.951	34.871
0.914	33.016
0.753	27.998
0.765	28.395
0.94	33.855
0.92	33.345
0.751	27.947
0.959	38.952
0.964	39.068
0.895	28.717
0.897	28.814
