P=? [ F (x=9&y=9&crashed=0) ]	R{"cost"}=? [ C<=100 ]
0.801	58.149
0.59	30.507
0.801	58.149
0.59	30.507
0.656	31.954
0.596	30.6
0.792	57.042
0.784	52.805
0.77	51.21
0.766	48.011
0.673	35.408
0.659	33.294
0.596	30.6
0.673	35.408
0.743	43.659
0.659	33.294
0.752	45.041
0.745	44.445
0.715	39.912
0.709	38.383
0.656	31.954
0.687	35.66
0.658	33.228
0.766	48.011
0.738	42.913
0.742	42.925
0.679	35.575
0.687	35.66
0.695	36.068
0.728	41.173
0.722	40.119
0.736	42.169
0.764	47.267
0.753	45.877
0.701	36.937
0.696	36.108
0.723	40.36
0.76	46.646
0.723	40.36
0.716	40.02
0.715	39.912
0.679	35.575
0.708	38.382
0.707	37.652
0.745	44.445
0.728	41.173
0.701	36.937
0.709	38.383
0.779	52.296
0.756	46.188
0.779	52.296
0.752	45.041
0.76	46.646
0.756	46.188
0.696	36.108
0.777	52.17
0.704	37.328
0.762	47.026
0.772	51.397
0.772	51.397
0.776	51.746
0.695	36.068
0.736	42.169
0.764	47.267
0.762	47.026
0.73	41.328
0.775	51.712
0.706	37.651
0.705	37.345
0.775	51.712
0.702	37.082
0.754	45.933
0.734	41.915
0.702	37.082
0.734	41.915
0.658	33.228
0.731	41.516
0.754	45.933
0.732	41.696
0.731	41.516
0.73	41.328
0.733	41.847
0.732	41.696
0.738	42.913
0.777	52.17
0.722	40.119
0.716	40.02
0.733	41.847
0.753	45.877
0.776	51.746
0.705	37.345
0.742	42.925
0.708	38.382
0.707	37.652
0.706	37.651
0.801	58.149
0.59	30.507
0.596	30.6
0.673	35.408
0.659	33.294
