P=? [ F (x=9&y=9&crashed=0) ]	R{"cost"}=? [ C<=100 ]
0.826	67.879
0.686	36.604
0.826	67.879
0.707	40.415
0.692	36.606
0.805	62.198
0.825	67.439
0.82	63.498
0.804	58.4
0.707	40.415
0.692	36.606
0.792	56.511
0.788	53.415
0.721	41.002
0.771	50.135
0.766	47.63
0.752	45.115
0.744	43.298
0.744	43.298
0.752	45.115
0.73	41.37
0.758	46.822
0.762	46.981
0.777	51.861
0.742	42.934
0.815	62.333
0.808	62.222
0.825	67.439
0.82	63.498
0.771	50.135
0.713	40.685
0.713	40.685
0.766	47.63
0.781	52.088
0.776	51.477
0.793	56.74
0.772	50.504
0.718	40.793
0.776	51.477
0.772	50.504
0.788	53.415
0.757	45.894
0.792	56.511
0.802	57.587
0.799	57.243
0.796	56.89
0.799	57.243
0.736	42.449
0.732	41.378
0.796	56.89
0.73	41.37
0.765	47.446
0.808	62.222
0.735	41.942
0.739	42.707
0.816	62.445
0.754	45.391
0.804	58.4
0.803	57.991
0.803	57.991
0.782	52.491
0.819	63.121
0.818	62.737
0.764	47.291
0.819	63.121
0.802	57.587
0.719	40.896
0.764	47.291
0.787	53.127
0.738	42.651
0.754	45.391
0.733	41.646
0.783	52.724
0.782	52.491
0.781	52.088
0.739	42.707
0.755	45.614
0.786	53.018
0.785	52.806
0.738	42.651
0.736	42.449
0.735	41.942
0.734	41.751
0.757	45.894
0.756	45.705
0.818	62.737
0.817	62.576
0.758	46.822
0.817	62.576
0.815	62.333
0.787	53.127
0.786	53.018
0.718	40.793
0.719	40.896
0.734	41.751
0.733	41.646
0.756	45.705
0.755	45.614
0.785	52.806
0.784	52.76
