P=? [ F (x=9&y=9&crashed=0) ]	R{"cost"}=? [ C<=100 ]
0.763	49.375
0.573	25.346
0.763	49.375
0.756	48.517
0.755	43.405
0.739	38.604
0.74	42.529
0.575	27.96
0.647	32.285
0.574	25.423
0.611	28.793
0.634	29.939
0.592	28.707
0.634	29.939
0.7	36.258
0.647	32.285
0.627	29.157
0.586	28.386
0.699	34.714
0.66	32.715
0.614	29.134
0.746	43.02
0.672	32.809
0.677	33.516
0.654	32.419
0.754	43.235
0.685	33.558
0.656	32.569
0.716	37.399
0.731	38.268
0.709	37.181
0.714	37.209
0.722	37.421
0.736	38.301
0.76	48.897
0.633	29.621
0.66	32.715
0.592	28.707
0.706	36.761
0.587	28.681
0.689	33.64
0.586	28.386
0.575	27.96
0.744	42.849
0.741	42.7
0.703	36.588
0.588	28.688
0.76	48.897
0.756	48.517
0.761	49.132
0.762	49.145
0.708	36.982
0.707	36.954
0.63	29.408
0.723	37.455
0.737	38.434
0.702	36.439
0.738	38.477
0.629	29.32
0.727	37.806
0.685	33.558
0.692	33.656
0.693	33.697
0.628	29.238
0.674	32.972
0.698	34.553
0.697	34.265
0.724	37.614
0.688	33.608
0.676	33.235
0.744	42.849
0.676	33.235
0.675	33.0
0.696	34.091
0.695	33.857
0.754	43.235
0.633	29.621
0.63	29.408
0.697	34.265
0.696	34.091
0.706	36.761
0.703	36.588
0.73	38.187
0.729	38.014
0.74	42.529
0.755	43.405
0.726	37.782
0.724	37.614
0.613	29.118
0.612	28.951
0.699	34.714
0.698	34.553
0.612	28.951
0.701	36.414
0.714	37.209
0.726	37.782
0.741	42.7
0.716	37.399
0.728	37.951
0.673	32.837
