P=? [ F (x=9&y=9&crashed=0) ]	R{"cost"}=? [ C<=100 ]
0.594	28.232
0.801	57.455
0.594	28.232
0.801	57.455
0.787	48.708
0.8	57.298
0.632	31.761
0.768	46.853
0.764	44.06
0.783	47.867
0.616	29.17
0.769	47.574
0.616	29.17
0.745	42.028
0.742	39.617
0.615	28.831
0.694	33.803
0.722	37.309
0.68	33.681
0.8	57.298
0.71	37.218
0.661	32.871
0.752	43.028
0.673	32.965
0.604	28.558
0.633	31.846
0.644	31.989
0.76	43.057
0.702	36.323
0.7	34.929
0.648	32.47
0.603	28.473
0.656	32.567
0.731	38.391
0.738	38.568
0.645	32.041
0.677	33.425
0.725	37.835
0.728	37.897
0.75	42.703
0.747	42.499
0.707	36.911
0.7	34.929
0.742	39.617
0.678	33.578
0.785	48.656
0.702	36.323
0.745	42.028
0.699	34.493
0.784	48.295
0.647	32.453
0.741	39.343
0.74	38.943
0.696	34.212
0.695	33.831
0.705	36.825
0.784	48.295
0.75	42.703
0.763	43.904
0.762	43.568
0.698	34.472
0.704	36.668
0.703	36.635
0.675	33.121
0.746	42.198
0.761	43.355
0.674	32.968
0.675	33.121
0.769	47.574
0.709	37.188
0.741	39.343
0.604	28.558
0.68	33.681
0.603	28.473
0.706	36.891
0.74	38.943
0.739	38.719
0.658	32.806
0.762	43.568
0.761	43.355
0.747	42.499
0.724	37.647
0.729	38.075
0.738	38.568
0.731	38.391
0.724	37.647
0.723	37.472
0.697	34.3
0.709	37.188
0.746	42.198
0.73	38.226
0.723	37.472
0.647	32.453
0.66	32.855
0.657	32.724
0.763	43.904
0.739	38.719
0.73	38.226
0.729	38.075
0.644	31.989
