P=? [ F (x=9&y=9&crashed=0) ]	R{"cost"}=? [ C<=100 ]
0.811	57.473
0.662	32.917
0.811	57.473
0.695	36.775
0.679	33.948
0.793	52.346
0.724	40.811
0.81	57.212
0.803	53.321
0.788	48.958
0.719	37.87
0.771	46.861
0.764	44.002
0.667	33.792
0.738	41.646
0.726	41.581
0.706	37.137
0.773	47.31
0.794	52.597
0.71	37.382
0.803	53.321
0.756	43.733
0.764	44.002
0.763	43.735
0.81	57.212
0.718	37.806
0.771	46.861
0.749	42.688
0.801	52.726
0.785	48.28
0.743	42.56
0.71	37.382
0.706	37.137
0.665	33.284
0.779	48.097
0.788	48.958
0.778	48.077
0.802	52.937
0.719	37.87
0.664	33.272
0.725	41.495
0.778	48.077
0.753	43.28
0.753	43.28
0.75	42.778
0.741	42.424
0.718	37.806
0.75	42.778
0.667	33.792
0.74	42.108
0.787	48.797
0.786	48.488
0.743	42.56
0.754	43.545
0.74	42.108
0.739	41.865
0.772	47.082
0.772	47.082
0.739	41.865
0.786	48.488
0.785	48.28
0.779	48.097
0.787	48.797
0.755	43.578
0.741	42.424
0.801	52.726
0.725	41.495
0.726	41.581
0.755	43.578
0.754	43.545
0.763	43.735
0.811	57.473
0.801	52.726
0.788	48.958
0.803	53.321
0.764	44.002
0.81	57.212
0.771	46.861
0.71	37.382
0.706	37.137
0.75	42.778
0.667	33.792
0.743	42.56
0.74	42.108
0.772	47.082
0.786	48.488
0.785	48.28
0.787	48.797
0.741	42.424
0.726	41.581
0.725	41.495
0.719	37.87
0.755	43.578
0.763	43.735
0.811	57.473
0.801	52.726
0.788	48.958
0.803	53.321
0.81	57.212
0.771	46.861
