P=? [ F (x=9&y=9&crashed=0) ]	R{"cost"}=? [ C<=100 ]
0.715	24.462
0.941	45.012
0.941	45.012
0.715	24.462
0.938	44.385
0.771	27.406
0.925	40.233
0.771	27.406
0.803	28.542
0.894	37.835
0.89	35.076
0.833	28.621
0.853	30.89
0.853	30.89
0.841	29.11
0.918	38.818
0.899	38.73
0.857	32.244
0.869	33.497
0.925	40.233
0.882	33.634
0.841	29.11
0.781	27.471
0.89	35.076
0.798	28.297
0.886	34.072
0.863	32.735
0.894	37.835
0.786	27.573
0.794	28.025
0.865	32.994
0.798	28.297
0.886	34.072
0.861	32.274
0.92	39.027
0.787	27.857
0.803	28.542
0.794	28.025
0.94	44.809
0.883	33.649
0.888	34.495
0.921	39.417
0.889	34.697
0.839	29.028
0.868	33.466
0.867	33.102
0.898	38.687
0.897	38.342
0.79	27.866
0.782	27.52
0.924	39.978
0.923	39.658
0.862	32.587
0.94	44.809
0.888	34.495
0.895	38.121
0.836	28.742
0.79	27.866
0.836	28.742
0.857	32.244
0.839	29.028
0.924	39.978
0.92	39.027
0.896	38.324
0.895	38.121
0.889	34.697
0.923	39.658
0.922	39.456
0.883	33.649
0.858	32.245
0.918	38.818
0.862	32.587
0.882	33.634
0.835	28.65
0.899	38.73
0.833	28.621
0.866	33.072
0.781	27.471
0.786	27.573
0.782	27.52
0.898	38.687
0.922	39.456
0.921	39.417
0.868	33.466
0.867	33.102
0.866	33.072
0.861	32.274
0.858	32.245
0.834	28.647
0.897	38.342
0.896	38.324
0.787	27.857
0.835	28.65
0.834	28.647
0.941	45.012
0.715	24.462
0.771	27.406
0.925	40.233
0.841	29.11
0.894	37.835
