P=? [ F (x=9&y=9&crashed=0) ]	R{"cost"}=? [ C<=100 ]
0.956	66.199
0.707	24.454
0.707	24.454
0.956	66.199
0.75	27.428
0.955	56.153
0.807	28.908
0.75	27.428
0.945	50.763
0.853	30.938
0.944	45.637
0.951	55.238
0.945	50.763
0.896	38.59
0.919	39.043
0.897	38.873
0.935	44.208
0.885	34.091
0.927	40.669
0.833	30.016
0.892	35.319
0.869	33.812
0.864	33.225
0.853	30.938
0.864	33.225
0.813	29.523
0.826	29.916
0.807	28.908
0.833	30.016
0.927	40.669
0.826	29.916
0.935	44.208
0.869	33.812
0.889	34.898
0.951	55.238
0.892	35.319
0.811	29.331
0.811	29.331
0.887	34.513
0.922	39.683
0.813	29.523
0.887	34.513
0.925	40.075
0.944	45.637
0.943	45.194
0.954	56.051
0.953	55.611
0.921	39.461
0.926	40.274
0.921	39.461
0.919	39.043
0.953	55.611
0.952	55.277
0.938	44.32
0.941	44.836
0.94	44.631
0.891	35.118
0.943	45.194
0.942	44.994
0.926	40.274
0.94	44.631
0.939	44.446
0.89	35.082
0.923	39.857
0.924	39.901
0.937	44.314
0.897	38.873
0.942	44.994
0.941	44.836
0.939	44.446
0.937	44.314
0.955	56.153
0.954	56.051
0.924	39.901
0.923	39.857
0.952	55.277
0.891	35.118
0.89	35.082
0.707	24.454
0.956	66.199
0.75	27.428
0.945	50.763
0.853	30.938
0.864	33.225
0.833	30.016
0.927	40.669
0.826	29.916
0.935	44.208
0.869	33.812
0.951	55.238
0.892	35.319
0.811	29.331
0.813	29.523
0.944	45.637
0.887	34.513
0.921	39.461
0.919	39.043
0.953	55.611
0.943	45.194
0.926	40.274
