P=? [ F (x=9&y=9&crashed=0) ]	R{"cost"}=? [ C<=100 ]
0.945	45.979
0.796	28.317
0.796	28.317
0.945	45.979
0.857	32.413
0.823	29.693
0.939	44.55
0.928	41.082
0.823	29.693
0.894	38.44
0.893	35.799
0.8	28.664
0.914	38.782
0.897	38.513
0.814	28.986
0.865	33.239
0.879	33.682
0.939	44.55
0.928	41.082
0.863	33.222
0.889	34.7
0.943	45.348
0.925	40.498
0.883	34.247
0.881	33.697
0.859	32.675
0.891	35.735
0.859	32.675
0.818	29.316
0.879	33.682
0.865	33.239
0.818	29.316
0.885	34.266
0.89	35.202
0.897	38.513
0.89	35.202
0.924	40.007
0.815	29.233
0.916	38.797
0.889	34.7
0.941	45.059
0.922	39.491
0.885	34.266
0.92	39.241
0.917	39.131
0.944	45.654
0.814	28.986
0.944	45.654
0.923	39.793
0.927	40.896
0.94	44.757
0.926	40.594
0.941	45.059
0.922	39.491
0.92	39.241
0.924	40.007
0.923	39.793
0.94	44.757
0.927	40.896
0.883	34.247
0.881	33.697
0.918	39.138
0.918	39.138
0.926	40.594
0.815	29.233
0.894	38.44
0.893	35.799
0.891	35.735
0.916	38.797
0.917	39.131
0.796	28.317
0.945	45.979
0.823	29.693
0.939	44.55
0.928	41.082
0.859	32.675
0.865	33.239
0.818	29.316
0.897	38.513
0.89	35.202
0.889	34.7
0.885	34.266
0.944	45.654
0.941	45.059
0.922	39.491
0.92	39.241
0.923	39.793
0.94	44.757
0.927	40.896
0.883	34.247
0.881	33.697
0.918	39.138
0.815	29.233
0.926	40.594
0.893	35.799
0.891	35.735
0.916	38.797
0.917	39.131
0.945	45.979
0.823	29.693
