P=? [ F (x=9&y=9&crashed=0) ]	R{"cost"}=? [ C<=100 ]
0.677	23.621
0.925	40.885
0.925	40.885
0.677	23.621
0.771	27.375
0.89	35.465
0.893	38.609
0.842	29.135
0.858	32.165
0.85	30.201
0.816	28.487
0.918	39.347
0.816	28.487
0.881	33.611
0.865	33.002
0.9	39.292
0.801	28.448
0.782	27.454
0.888	35.077
0.885	34.097
0.922	39.796
0.85	30.201
0.794	28.313
0.881	33.611
0.923	40.489
0.786	27.847
0.791	27.973
0.865	33.002
0.847	29.802
0.888	35.077
0.895	38.701
0.858	32.165
0.844	29.484
0.861	32.167
0.847	29.802
0.801	28.448
0.922	39.796
0.884	34.052
0.899	39.127
0.864	32.66
0.844	29.484
0.899	39.127
0.786	27.847
0.862	32.493
0.895	38.701
0.782	27.454
0.794	28.313
0.791	27.973
0.918	39.347
0.924	40.666
0.885	34.097
0.884	34.052
0.924	40.666
0.923	40.489
0.863	32.647
0.862	32.493
0.9	39.292
0.863	32.647
0.861	32.167
0.925	40.885
0.677	23.621
0.782	27.454
0.816	28.487
0.85	30.201
0.881	33.611
0.865	33.002
0.888	35.077
0.858	32.165
0.847	29.802
0.801	28.448
0.922	39.796
0.844	29.484
0.899	39.127
0.786	27.847
0.895	38.701
0.794	28.313
0.791	27.973
0.918	39.347
0.885	34.097
0.884	34.052
0.924	40.666
0.9	39.292
0.863	32.647
0.925	40.885
0.677	23.621
0.782	27.454
0.816	28.487
0.85	30.201
0.881	33.611
0.895	38.701
0.858	32.165
0.888	35.077
0.801	28.448
0.922	39.796
0.844	29.484
0.786	27.847
0.794	28.313
0.791	27.973
0.918	39.347
0.885	34.097
