P=? [ F (x=9&y=9&crashed=0) ]	R{"cost"}=? [ C<=100 ]
0.74	29.634
0.919	54.938
0.74	29.634
0.916	49.93
0.787	32.917
0.91	48.892
0.9	44.924
0.741	29.652
0.767	29.814
0.776	30.191
0.842	37.942
0.841	35.485
0.891	43.504
0.883	40.794
0.8	32.986
0.862	38.623
0.776	30.191
0.871	38.826
0.787	32.917
0.912	49.281
0.91	48.892
0.9	44.924
0.883	40.794
0.891	43.504
0.853	38.442
0.822	33.691
0.916	49.93
0.833	34.099
0.846	38.165
0.852	38.296
0.81	33.445
0.859	38.497
0.806	33.389
0.812	33.499
0.817	33.552
0.828	33.755
0.827	33.744
0.84	35.153
0.911	49.047
0.836	34.706
0.839	35.074
0.834	34.414
0.838	34.827
0.893	43.891
0.881	40.287
0.88	39.853
0.835	34.422
0.772	30.076
0.845	38.017
0.768	29.818
0.86	38.567
0.805	33.136
0.819	33.59
0.82	33.657
0.882	40.433
0.833	34.099
0.828	33.755
0.803	33.101
0.872	38.844
0.892	43.591
0.773	30.084
0.894	43.893
0.873	38.992
0.896	44.299
0.895	44.039
0.772	30.076
0.768	29.818
0.803	33.101
0.875	39.216
0.873	38.992
0.898	44.65
0.897	44.445
0.817	33.552
0.812	33.499
0.878	39.555
0.877	39.38
0.767	29.814
0.741	29.652
0.875	39.216
0.88	39.853
0.879	39.697
0.882	40.433
0.895	44.039
0.897	44.445
0.881	40.287
0.896	44.299
0.877	39.38
0.876	39.235
0.899	44.78
0.879	39.697
0.878	39.555
0.852	38.296
0.846	38.165
0.899	44.78
0.898	44.65
0.773	30.084
0.892	43.591
0.837	34.751
0.845	38.017
0.806	33.389
