P=? [ F (x=9&y=9&crashed=0) ]	R{"cost"}=? [ C<=100 ]
0.906	49.326
0.906	49.326
0.711	23.876
0.714	23.926
0.899	44.803
0.903	48.895
0.894	43.998
0.882	40.402
0.731	27.191
0.842	37.103
0.746	27.759
0.731	27.191
0.794	30.41
0.744	27.421
0.84	35.116
0.803	32.367
0.894	43.998
0.734	27.199
0.777	28.291
0.759	27.883
0.865	39.27
0.882	40.402
0.876	39.327
0.794	30.41
0.814	33.061
0.803	32.367
0.88	40.273
0.769	28.044
0.808	32.866
0.759	27.883
0.851	38.051
0.766	28.02
0.899	44.803
0.826	33.857
0.832	34.032
0.857	38.267
0.879	39.725
0.79	29.504
0.788	29.46
0.849	37.896
0.846	37.254
0.784	28.936
0.835	34.444
0.791	30.026
0.787	29.119
0.838	35.007
0.769	28.044
0.78	28.505
0.822	33.447
0.782	28.84
0.861	38.652
0.808	32.866
0.82	33.251
0.834	34.411
0.786	29.069
0.903	48.895
0.837	34.706
0.86	38.372
0.805	32.603
0.792	30.298
0.766	28.02
0.896	44.385
0.904	48.945
0.897	44.428
0.804	32.454
0.858	38.31
0.862	38.702
0.824	33.761
0.851	38.051
0.821	33.417
0.823	33.759
0.712	23.912
0.826	33.857
0.879	39.725
0.877	39.421
0.833	34.126
0.842	37.103
0.791	30.026
0.818	33.228
0.816	33.092
0.805	32.603
0.837	34.706
0.847	37.494
0.839	35.087
0.781	28.735
0.848	37.668
0.877	39.421
0.857	38.267
0.78	28.505
0.864	39.098
0.863	38.886
0.863	38.886
0.904	48.945
0.832	34.032
0.848	37.668
0.847	37.494
0.897	44.428
0.896	44.385
0.864	39.098
0.816	33.092
