P=? [ F (x=9&y=9&crashed=0) ]	R{"cost"}=? [ C<=100 ]
0.918	50.13
0.741	29.482
0.742	29.495
0.786	32.74
0.883	43.56
0.786	32.74
0.901	48.861
0.9	45.76
0.882	40.474
0.841	37.776
0.839	35.062
0.814	33.59
0.858	38.973
0.872	39.005
0.826	33.695
0.804	33.486
0.787	32.807
0.798	32.826
0.91	49.041
0.899	44.798
0.9	45.76
0.902	48.955
0.891	43.593
0.851	38.578
0.803	33.362
0.913	49.413
0.915	49.691
0.913	49.413
0.843	38.185
0.856	38.794
0.851	38.578
0.877	39.447
0.836	34.729
0.831	34.069
0.915	49.691
0.88	40.159
0.917	50.08
0.879	39.77
0.894	43.995
0.892	43.608
0.829	33.927
0.896	44.41
0.895	44.042
0.839	35.062
0.899	44.798
0.897	44.447
0.829	33.927
0.826	33.695
0.91	49.041
0.875	39.315
0.841	37.776
0.848	38.464
0.801	33.15
0.835	34.46
0.834	34.404
0.833	34.138
0.878	39.698
0.876	39.386
0.842	37.942
0.838	34.823
0.846	38.415
0.881	40.39
0.88	40.159
0.846	38.415
0.843	38.185
0.874	39.206
0.856	38.794
0.801	33.15
0.874	39.206
0.832	34.107
0.857	38.803
0.917	50.08
0.842	37.942
0.847	38.419
0.894	43.995
0.8	32.993
0.897	44.447
0.872	39.005
0.892	43.608
0.848	38.464
0.8	32.993
0.799	32.893
0.901	48.861
0.902	48.955
0.882	40.474
0.881	40.39
0.879	39.77
0.878	39.698
0.799	32.893
0.838	34.823
0.837	34.76
0.835	34.46
0.834	34.404
0.895	44.042
0.896	44.41
0.891	43.593
0.883	43.56
0.833	34.138
0.837	34.76
0.798	32.826
