P=? [ F (x=9&y=9&crashed=0) ]	R{"cost"}=? [ C<=100 ]
0.899	44.726
0.899	44.726
0.735	27.151
0.892	43.862
0.882	40.409
0.747	27.783
0.773	27.999
0.796	30.423
0.841	37.001
0.84	35.123
0.799	32.296
0.866	39.104
0.882	40.409
0.742	27.738
0.875	39.163
0.806	32.738
0.779	28.286
0.892	43.862
0.813	32.819
0.792	30.116
0.791	29.47
0.849	37.945
0.826	33.838
0.739	27.414
0.747	27.783
0.832	34.031
0.819	33.073
0.796	30.423
0.821	33.409
0.853	38.021
0.739	27.414
0.833	34.094
0.825	33.696
0.845	37.119
0.774	28.03
0.861	38.31
0.834	34.395
0.839	35.087
0.862	38.458
0.863	38.626
0.786	29.054
0.847	37.421
0.846	37.254
0.897	44.44
0.782	28.756
0.781	28.465
0.853	38.021
0.894	44.021
0.898	44.581
0.805	32.487
0.896	44.29
0.848	37.558
0.787	29.119
0.895	44.16
0.816	32.995
0.791	29.47
0.787	29.119
0.857	38.203
0.88	40.07
0.879	39.73
0.876	39.232
0.792	30.116
0.837	34.732
0.835	34.435
0.857	38.203
0.825	33.696
0.821	33.409
0.802	32.356
0.838	34.802
0.8	32.326
0.784	28.916
0.893	43.87
0.774	28.03
0.815	32.851
0.784	28.916
0.799	32.296
0.843	37.006
0.773	27.999
0.804	32.454
0.859	38.223
0.832	34.031
0.826	33.838
0.82	33.217
0.865	38.96
0.864	38.769
0.881	40.218
0.878	39.574
0.877	39.391
0.781	28.465
0.837	34.732
0.782	28.756
0.877	39.391
0.879	39.73
0.878	39.574
0.881	40.218
0.88	40.07
0.835	34.435
0.82	33.217
0.865	38.96
0.864	38.769
