P=? [ F (x=9&y=9&crashed=0) ]	R{"cost"}=? [ C<=100 ]
0.918	60.526
0.726	27.059
0.918	60.526
0.726	27.059
0.914	59.994
0.901	49.111
0.901	49.111
0.9	44.924
0.749	27.91
0.794	30.433
0.893	43.848
0.883	40.791
0.767	27.939
0.841	35.481
0.863	38.812
0.799	32.297
0.914	59.994
0.875	39.156
0.883	40.791
0.744	27.411
0.854	38.457
0.893	43.848
0.845	37.117
0.862	38.664
0.832	34.018
0.778	28.278
0.735	27.137
0.826	33.84
0.804	32.451
0.772	27.986
0.85	38.202
0.79	29.595
0.782	28.894
0.729	27.079
0.839	35.088
0.799	32.297
0.807	32.729
0.814	32.806
0.853	38.311
0.792	30.164
0.897	44.525
0.767	27.939
0.739	27.17
0.773	27.999
0.845	37.117
0.835	34.472
0.784	28.917
0.882	40.506
0.739	27.17
0.846	37.251
0.847	37.531
0.811	32.753
0.894	43.999
0.837	34.706
0.736	27.151
0.79	29.595
0.787	29.218
0.747	27.785
0.881	40.36
0.88	39.845
0.804	32.451
0.825	33.697
0.877	39.559
0.747	27.785
0.896	44.395
0.82	33.223
0.785	29.195
0.792	30.164
0.822	33.444
0.915	60.149
0.779	28.294
0.78	28.53
0.837	34.706
0.729	27.079
0.821	33.36
0.879	39.702
0.816	32.845
0.834	34.401
0.807	32.729
0.811	32.753
0.787	29.218
0.78	28.53
0.832	34.018
0.875	39.156
0.819	33.08
0.899	44.78
0.878	39.629
0.849	37.904
0.916	60.246
0.773	27.999
0.916	60.246
0.84	35.219
0.899	44.78
0.825	33.697
0.822	33.444
0.834	34.401
0.876	39.314
0.849	37.904
0.848	37.66
0.895	44.236
