P=? [ F (x=9&y=9&crashed=0) ]	R{"cost"}=? [ C<=100 ]
0.901	55.574
0.901	55.574
0.707	23.526
0.9	45.654
0.883	44.256
0.769	27.948
0.736	27.766
0.846	37.896
0.812	32.737
0.882	40.398
0.733	27.71
0.72	24.52
0.841	35.492
0.798	30.754
0.72	24.52
0.733	27.71
0.798	30.754
0.856	37.974
0.892	44.414
0.865	39.031
0.793	29.851
0.873	39.128
0.788	29.512
0.841	35.492
0.792	29.565
0.773	27.999
0.858	38.059
0.784	28.893
0.862	38.364
0.88	39.853
0.787	29.111
0.881	40.31
0.826	33.864
0.769	27.948
0.782	28.539
0.898	45.455
0.819	33.07
0.796	30.432
0.779	28.32
0.84	35.103
0.832	34.028
0.817	32.993
0.863	38.751
0.78	28.529
0.82	33.248
0.822	33.285
0.777	28.284
0.715	24.2
0.718	24.204
0.838	34.931
0.861	38.168
0.783	28.837
0.797	30.498
0.829	34.01
0.709	23.546
0.714	24.167
0.897	44.998
0.713	23.894
0.774	28.246
0.835	34.45
0.836	34.703
0.825	33.806
0.796	30.432
0.837	34.719
0.735	27.763
0.874	39.138
0.894	44.62
0.878	39.541
0.775	28.283
0.875	39.337
0.896	44.796
0.877	39.532
0.876	39.34
0.829	34.01
0.834	34.421
0.894	44.62
0.839	35.082
0.816	32.827
0.892	44.414
0.711	23.856
0.719	24.236
0.863	38.751
0.865	39.031
0.833	34.272
0.856	37.974
0.787	29.111
0.814	32.781
0.814	32.781
0.712	23.879
0.897	44.998
0.898	45.455
0.879	39.736
0.711	23.856
0.709	23.546
0.824	33.622
0.736	27.766
0.896	44.796
0.823	33.461
0.824	33.622
0.823	33.461
