P=? [ F (x=9&y=9&crashed=0) ]	R{"cost"}=? [ C<=100 ]
0.683	26.553
0.867	47.72
0.867	47.72
0.683	26.553
0.727	27.154
0.687	26.859
0.862	43.824
0.855	42.697
0.853	39.104
0.839	37.479
0.83	34.592
0.787	31.628
0.809	31.671
0.765	31.274
0.787	31.628
0.746	30.023
0.758	30.526
0.862	43.824
0.83	34.592
0.859	43.023
0.839	37.479
0.736	28.31
0.732	27.708
0.744	29.351
0.74	28.557
0.746	30.023
0.853	39.104
0.732	27.708
0.731	27.363
0.859	43.023
0.736	28.31
0.823	33.423
0.843	37.85
0.758	30.526
0.851	38.612
0.817	32.761
0.846	37.941
0.855	42.697
0.821	33.392
0.81	31.69
0.829	34.28
0.813	32.042
0.727	27.154
0.741	28.947
0.825	33.891
0.765	31.274
0.847	38.167
0.851	38.612
0.744	29.351
0.82	33.067
0.843	37.85
0.738	28.513
0.729	27.355
0.761	30.858
0.759	30.553
0.84	37.55
0.684	26.554
0.84	37.55
0.814	32.342
0.764	31.191
0.762	30.893
0.687	26.859
0.811	31.983
0.824	33.697
0.827	34.086
0.816	32.62
0.815	32.392
0.85	38.401
0.743	29.141
0.818	32.97
0.764	31.191
0.849	38.322
0.829	34.28
0.827	34.086
0.824	33.697
0.685	26.739
0.742	29.127
0.741	28.947
0.738	28.513
0.849	38.322
0.847	38.167
0.762	30.893
0.761	30.858
0.759	30.553
0.816	32.62
0.826	33.95
0.729	27.355
0.846	37.941
0.85	38.401
0.686	26.802
0.685	26.739
0.826	33.95
0.686	26.802
0.815	32.392
0.819	33.02
0.814	32.342
0.818	32.97
0.811	31.983
0.812	32.033
0.82	33.067
