P=? [ F (x=9&y=9&crashed=0) ]	R{"cost"}=? [ C<=100 ]
0.873	55.012
0.686	27.296
0.873	55.012
0.686	27.296
0.756	31.075
0.719	29.461
0.841	45.631
0.864	54.714
0.857	50.253
0.828	43.977
0.844	49.126
0.824	40.636
0.791	37.066
0.691	27.425
0.79	34.607
0.715	28.395
0.776	33.262
0.719	29.461
0.704	28.159
0.806	38.762
0.761	32.118
0.702	27.891
0.856	49.823
0.816	39.014
0.857	50.253
0.848	49.727
0.77	32.238
0.865	54.863
0.864	54.714
0.783	33.863
0.796	37.721
0.824	40.636
0.801	37.99
0.823	40.134
0.819	39.268
0.833	44.092
0.84	45.049
0.783	33.863
0.837	44.294
0.717	28.964
0.717	28.964
0.757	31.191
0.839	45.013
0.833	44.092
0.828	43.977
0.76	31.786
0.795	37.365
0.702	27.891
0.804	38.573
0.803	38.284
0.838	44.589
0.801	37.99
0.785	33.964
0.847	49.469
0.771	32.244
0.715	28.395
0.793	37.139
0.759	31.762
0.758	31.561
0.844	49.126
0.788	34.227
0.805	38.576
0.838	44.589
0.803	38.284
0.822	39.938
0.821	39.645
0.82	39.557
0.847	49.469
0.845	49.182
0.796	37.721
0.703	27.903
0.816	39.014
0.806	38.762
0.817	39.02
0.788	34.227
0.786	33.981
0.704	28.159
0.772	32.475
0.775	33.059
0.774	32.832
0.795	37.365
0.793	37.139
0.845	49.182
0.775	33.059
0.789	34.429
0.837	44.294
0.758	31.561
0.822	39.938
0.773	32.67
0.772	32.475
0.79	34.607
0.789	34.429
0.786	33.981
0.774	32.832
0.773	32.67
0.817	39.02
0.865	54.863
0.77	32.238
0.761	32.118
0.856	49.823
