P=? [ F (x=9&y=9&crashed=0) ]	R{"cost"}=? [ C<=100 ]
0.908	65.417
0.739	31.75
0.739	31.75
0.908	65.417
0.759	31.841
0.886	59.266
0.763	32.392
0.769	35.794
0.882	55.38
0.905	64.454
0.9	60.608
0.874	54.083
0.865	50.359
0.808	39.123
0.855	48.894
0.848	45.812
0.819	39.933
0.823	43.247
0.822	40.61
0.803	38.238
0.791	38.091
0.837	43.966
0.826	43.678
0.874	54.083
0.865	50.359
0.897	59.662
0.842	44.55
0.889	59.426
0.848	45.812
0.78	36.885
0.905	64.454
0.855	48.894
0.9	60.608
0.774	35.822
0.784	37.697
0.882	55.38
0.788	37.712
0.769	35.794
0.878	54.435
0.864	50.145
0.898	60.02
0.824	43.614
0.804	38.52
0.863	49.712
0.776	36.111
0.861	49.418
0.845	45.128
0.781	37.271
0.845	45.128
0.778	36.326
0.887	59.356
0.762	32.233
0.88	54.635
0.876	54.332
0.862	49.563
0.841	44.256
0.837	43.966
0.826	43.678
0.881	54.941
0.889	59.426
0.821	40.422
0.82	39.992
0.839	44.193
0.777	36.146
0.789	37.925
0.906	64.862
0.859	49.331
0.762	32.233
0.806	38.664
0.778	36.326
0.823	43.247
0.791	38.091
0.856	48.895
0.899	60.299
0.881	54.941
0.847	45.619
0.846	45.322
0.907	65.151
0.906	64.862
0.899	60.299
0.807	38.85
0.907	65.151
0.839	44.193
0.875	54.33
0.783	37.451
0.897	59.662
0.774	35.822
0.88	54.635
0.858	49.132
0.846	45.322
0.847	45.619
0.822	40.61
0.821	40.422
0.807	38.85
0.783	37.451
0.782	37.275
0.789	37.925
0.803	38.238
0.857	49.04
0.806	38.664
