P=? [ F (x=9&y=9&crashed=0) ]	R{"cost"}=? [ C<=100 ]
0.679	26.854
0.839	44.939
0.839	44.939
0.679	26.854
0.719	29.293
0.755	31.082
0.823	40.388
0.825	43.407
0.795	37.558
0.683	26.878
0.699	27.222
0.793	35.368
0.719	29.293
0.755	31.082
0.761	31.797
0.706	27.803
0.708	28.426
0.805	38.582
0.769	32.078
0.836	44.266
0.801	37.959
0.813	38.659
0.786	34.061
0.826	43.549
0.759	31.514
0.834	43.765
0.832	43.743
0.817	39.134
0.816	38.781
0.784	33.607
0.704	27.725
0.772	32.467
0.716	29.282
0.795	37.558
0.774	32.836
0.789	34.57
0.787	34.105
0.713	28.956
0.7	27.29
0.704	27.725
0.757	31.287
0.7	27.29
0.791	35.148
0.79	34.742
0.801	37.959
0.769	32.078
0.761	31.797
0.802	38.213
0.771	32.234
0.711	28.61
0.778	33.516
0.777	33.291
0.775	33.045
0.838	44.79
0.837	44.47
0.756	31.085
0.832	43.743
0.822	40.213
0.821	39.917
0.711	28.61
0.71	28.429
0.715	29.104
0.793	35.368
0.789	34.57
0.82	39.74
0.819	39.462
0.804	38.42
0.713	28.956
0.777	33.291
0.775	33.045
0.815	38.671
0.819	39.462
0.818	39.245
0.804	38.42
0.802	38.213
0.837	44.47
0.773	32.669
0.826	43.549
0.813	38.659
0.821	39.917
0.82	39.74
0.792	35.192
0.822	40.213
0.79	34.742
0.773	32.669
0.78	33.569
0.787	34.105
0.771	32.234
0.838	44.79
0.715	29.104
0.834	43.765
0.784	33.607
0.782	33.587
0.782	33.587
0.78	33.569
0.758	31.384
0.681	26.869
0.681	26.869
0.818	39.245
0.758	31.384
