P=? [ F (x=9&y=9&crashed=0) ]	R{"cost"}=? [ C<=100 ]
0.803	32.856
0.908	70.688
0.908	70.688
0.803	32.856
0.898	60.402
0.871	45.536
0.888	54.832
0.89	55.693
0.856	42.791
0.806	33.403
0.822	35.116
0.83	35.225
0.855	40.197
0.907	65.736
0.906	65.303
0.881	50.363
0.831	38.209
0.897	59.983
0.862	44.557
0.822	35.116
0.847	40.029
0.879	49.508
0.836	39.644
0.87	44.722
0.879	49.508
0.906	65.303
0.844	39.753
0.897	59.983
0.806	33.403
0.881	50.363
0.862	44.557
0.836	39.644
0.831	38.209
0.88	50.343
0.844	39.753
0.889	55.272
0.907	65.736
0.889	55.272
0.855	40.197
0.83	35.225
0.88	50.343
0.908	70.688
0.803	32.856
0.822	35.116
0.879	49.508
0.906	65.303
0.897	59.983
0.806	33.403
0.881	50.363
0.862	44.557
0.836	39.644
0.831	38.209
0.844	39.753
0.907	65.736
0.889	55.272
0.855	40.197
0.83	35.225
0.88	50.343
0.908	70.688
0.803	32.856
0.822	35.116
0.906	65.303
0.897	59.983
0.806	33.403
0.881	50.363
0.862	44.557
0.836	39.644
0.831	38.209
0.889	55.272
0.855	40.197
0.83	35.225
0.88	50.343
0.908	70.688
0.803	32.856
0.822	35.116
0.906	65.303
0.897	59.983
0.806	33.403
0.881	50.363
0.862	44.557
0.836	39.644
0.831	38.209
0.889	55.272
0.855	40.197
0.83	35.225
0.88	50.343
0.908	70.688
0.803	32.856
0.906	65.303
0.806	33.403
0.862	44.557
0.836	39.644
0.831	38.209
0.889	55.272
0.855	40.197
0.88	50.343
0.803	32.856
0.908	70.688
0.906	65.303
0.806	33.403
