P=? [ F (x=9&y=9&crashed=0) ]	R{"cost"}=? [ C<=100 ]
0.763	27.344
0.86	44.402
0.86	44.402
0.763	27.344
0.826	33.843
0.853	43.633
0.851	39.829
0.842	37.08
0.842	37.08
0.795	29.941
0.797	32.189
0.798	32.243
0.811	32.473
0.783	28.257
0.846	38.569
0.772	28.114
0.844	37.619
0.811	32.473
0.822	33.783
0.851	39.829
0.848	38.926
0.817	32.492
0.765	27.493
0.819	32.934
0.844	37.619
0.848	38.926
0.82	33.221
0.793	29.618
0.792	29.295
0.767	27.694
0.82	33.221
0.79	29.215
0.793	29.618
0.772	28.114
0.768	27.996
0.818	32.666
0.785	28.626
0.784	28.358
0.789	28.97
0.788	28.702
0.769	28.001
0.77	28.078
0.789	28.97
0.786	28.637
0.822	33.783
0.798	32.243
0.797	32.189
0.767	27.694
0.818	32.666
0.783	28.257
0.784	28.358
0.792	29.295
0.79	29.215
0.787	28.693
0.77	28.078
0.817	32.492
0.785	28.626
0.788	28.702
0.787	28.693
0.768	27.996
0.86	44.402
0.763	27.344
0.811	32.473
0.851	39.829
0.844	37.619
0.82	33.221
0.793	29.618
0.789	28.97
0.822	33.783
0.798	32.243
0.797	32.189
0.767	27.694
0.783	28.257
0.792	29.295
0.79	29.215
0.768	27.996
0.77	28.078
0.787	28.693
0.763	27.344
0.86	44.402
0.851	39.829
0.844	37.619
0.82	33.221
0.793	29.618
0.822	33.783
0.798	32.243
0.797	32.189
0.787	28.693
0.767	27.694
0.792	29.295
0.79	29.215
0.768	27.996
0.77	28.078
0.763	27.344
0.86	44.402
0.851	39.829
0.844	37.619
0.793	29.618
0.822	33.783
0.798	32.243
