P=? [ F (x=9&y=9&crashed=0) ]	R{"cost"}=? [ C<=100 ]
0.834	47.59
0.647	26.278
0.834	47.59
0.647	26.278
0.833	47.394
0.827	42.13
0.757	31.515
0.824	41.603
0.819	37.861
0.724	27.386
0.692	27.134
0.729	28.121
0.729	28.121
0.667	27.133
0.757	31.515
0.692	27.134
0.799	36.017
0.783	33.211
0.783	33.211
0.799	36.017
0.769	31.545
0.813	36.758
0.666	26.687
0.803	36.633
0.827	42.13
0.833	47.394
0.819	37.861
0.659	26.541
0.782	33.024
0.652	26.347
0.655	26.507
0.659	26.541
0.824	41.603
0.818	37.59
0.817	37.162
0.816	36.992
0.813	36.758
0.801	36.426
0.8	36.078
0.781	32.681
0.77	31.743
0.652	26.347
0.818	37.59
0.826	41.862
0.655	26.507
0.724	27.386
0.772	31.799
0.826	41.862
0.825	41.628
0.816	36.992
0.726	27.783
0.725	27.566
0.802	36.63
0.801	36.426
0.779	32.564
0.778	32.365
0.728	27.927
0.725	27.566
0.778	32.365
0.777	32.189
0.817	37.162
0.776	32.155
0.775	31.993
0.666	26.687
0.728	27.927
0.727	27.795
0.773	31.925
0.803	36.633
0.78	32.634
0.779	32.564
0.8	36.078
0.772	31.799
0.77	31.743
0.781	32.681
0.78	32.634
0.774	31.965
0.773	31.925
0.777	32.189
0.776	32.155
0.769	31.545
0.775	31.993
0.774	31.965
0.825	41.628
0.727	27.795
0.726	27.783
0.802	36.63
0.667	27.133
0.834	47.59
0.647	26.278
0.729	28.121
0.757	31.515
0.783	33.211
0.827	42.13
0.833	47.394
0.819	37.861
0.659	26.541
0.824	41.603
0.813	36.758
0.652	26.347
0.818	37.59
