P=? [ F (x=9&y=9&crashed=0) ]	R{"cost"}=? [ C<=100 ]
0.684	27.82
0.879	52.656
0.879	52.656
0.684	27.82
0.697	31.606
0.756	31.614
0.868	47.901
0.863	44.614
0.847	40.058
0.877	52.389
0.873	49.722
0.831	35.018
0.835	37.34
0.851	42.204
0.779	32.004
0.764	32.003
0.697	31.606
0.758	31.853
0.796	32.786
0.821	33.8
0.856	43.949
0.87	48.262
0.804	32.829
0.873	49.722
0.872	49.149
0.854	43.314
0.853	42.559
0.846	39.439
0.868	47.901
0.842	38.75
0.838	37.924
0.814	33.633
0.825	34.068
0.782	32.387
0.831	35.018
0.851	42.204
0.863	44.614
0.842	38.75
0.872	49.149
0.796	32.786
0.877	52.389
0.79	32.483
0.788	32.479
0.764	32.003
0.854	43.314
0.835	37.34
0.838	37.924
0.843	39.082
0.821	33.8
0.86	44.242
0.807	32.925
0.87	48.262
0.807	32.925
0.811	33.184
0.79	32.483
0.856	43.949
0.829	34.642
0.846	39.439
0.843	39.082
0.853	42.559
0.813	33.575
0.812	33.246
0.829	34.642
0.804	32.829
0.86	44.242
0.861	44.394
0.811	33.184
0.781	32.263
0.781	32.263
0.836	37.571
0.837	37.694
0.861	44.394
0.788	32.479
0.827	34.317
0.826	34.102
0.828	34.451
0.814	33.633
0.756	31.614
0.828	34.451
0.827	34.317
0.779	32.004
0.837	37.694
0.836	37.571
0.782	32.387
0.812	33.246
0.813	33.575
0.826	34.102
0.879	52.656
0.684	27.82
0.697	31.606
0.873	49.722
0.868	47.901
0.831	35.018
0.851	42.204
0.863	44.614
0.842	38.75
0.872	49.149
0.796	32.786
0.877	52.389
0.764	32.003
