P=? [ F (x=9&y=9&crashed=0) ]	R{"cost"}=? [ C<=100 ]
0.729	33.938
0.852	59.792
0.852	59.792
0.729	33.938
0.755	37.889
0.85	59.131
0.844	55.108
0.807	43.494
0.809	46.911
0.828	52.938
0.827	49.607
0.747	34.852
0.794	42.405
0.784	39.184
0.742	33.955
0.835	54.268
0.763	38.202
0.774	38.272
0.784	39.184
0.794	42.405
0.747	34.852
0.844	55.108
0.842	54.619
0.85	59.131
0.761	38.029
0.821	48.998
0.801	42.576
0.813	47.509
0.813	47.509
0.796	42.572
0.756	38.015
0.83	53.734
0.826	49.583
0.817	48.302
0.743	34.389
0.774	38.272
0.817	48.302
0.778	38.286
0.807	43.494
0.805	43.078
0.833	54.078
0.826	49.583
0.821	48.998
0.833	54.078
0.805	43.078
0.829	53.254
0.851	59.32
0.843	54.643
0.81	47.069
0.78	38.293
0.762	38.159
0.795	42.427
0.811	47.14
0.809	46.911
0.783	39.029
0.782	38.665
0.745	34.491
0.803	42.762
0.842	54.619
0.83	53.734
0.803	42.762
0.829	53.254
0.828	52.938
0.82	48.712
0.811	47.14
0.82	48.712
0.819	48.472
0.778	38.286
0.745	34.491
0.781	38.508
0.851	59.32
0.782	38.665
0.781	38.508
0.783	39.029
0.802	42.612
0.819	48.472
0.818	48.33
0.744	34.479
0.763	38.202
0.802	42.612
0.818	48.33
0.827	49.607
0.843	54.643
0.742	33.955
0.756	38.015
0.744	34.479
0.78	38.293
0.796	42.572
0.729	33.938
0.852	59.792
0.784	39.184
0.794	42.405
0.747	34.852
0.844	55.108
0.85	59.131
0.813	47.509
0.774	38.272
0.817	48.302
0.807	43.494
0.826	49.583
