P=? [ F (x=9&y=9&crashed=0) ]	R{"cost"}=? [ C<=100 ]
0.582	26.318
0.812	49.249
0.582	26.318
0.6	27.26
0.671	28.525
0.802	48.562
0.797	43.325
0.794	42.876
0.706	29.586
0.781	38.83
0.713	32.757
0.77	37.684
0.758	34.971
0.726	33.386
0.781	38.83
0.794	42.876
0.755	33.91
0.77	37.684
0.741	33.786
0.74	33.579
0.677	29.032
0.692	29.056
0.705	29.261
0.587	26.737
0.758	34.971
0.671	28.525
0.6	27.26
0.779	38.263
0.693	29.121
0.598	26.83
0.81	48.789
0.772	38.1
0.797	43.325
0.726	33.386
0.713	32.757
0.802	48.562
0.719	32.826
0.719	32.826
0.587	26.737
0.757	34.666
0.756	34.226
0.676	28.961
0.672	28.526
0.718	32.817
0.676	28.961
0.81	48.789
0.756	34.226
0.757	34.666
0.672	28.526
0.599	26.993
0.779	38.263
0.772	38.1
0.74	33.579
0.599	26.993
0.705	29.261
0.693	29.121
0.755	33.91
0.741	33.786
0.598	26.83
0.718	32.817
0.692	29.056
0.677	29.032
0.582	26.318
0.781	38.83
0.794	42.876
0.77	37.684
0.758	34.971
0.671	28.525
0.6	27.26
0.797	43.325
0.713	32.757
0.802	48.562
0.719	32.826
0.587	26.737
0.676	28.961
0.81	48.789
0.756	34.226
0.757	34.666
0.672	28.526
0.779	38.263
0.772	38.1
0.74	33.579
0.599	26.993
0.705	29.261
0.693	29.121
0.755	33.91
0.741	33.786
0.598	26.83
0.718	32.817
0.692	29.056
0.677	29.032
0.582	26.318
0.781	38.83
0.794	42.876
0.77	37.684
0.758	34.971
0.671	28.525
0.6	27.26
0.713	32.757
0.587	26.737
