P=? [ F (x=9&y=9&crashed=0) ]	R{"cost"}=? [ C<=100 ]
0.945	45.858
0.683	23.282
0.945	45.858
0.683	23.282
0.756	27.401
0.756	27.401
0.929	44.396
0.927	40.628
0.847	29.443
0.858	32.256
0.894	38.12
0.892	35.491
0.843	29.114
0.824	28.535
0.804	28.286
0.898	38.94
0.769	27.566
0.784	27.695
0.911	39.038
0.847	29.443
0.769	27.566
0.83	28.574
0.887	34.511
0.94	44.92
0.858	32.256
0.83	28.574
0.799	27.956
0.931	44.821
0.876	33.637
0.911	39.038
0.869	33.517
0.824	28.535
0.791	27.777
0.919	39.208
0.921	39.475
0.878	34.076
0.889	34.888
0.801	28.264
0.784	27.695
0.889	34.888
0.941	45.255
0.865	33.128
0.864	32.767
0.884	34.095
0.804	28.286
0.885	34.097
0.891	35.297
0.789	27.724
0.927	40.628
0.861	32.369
0.925	40.296
0.897	38.585
0.929	44.396
0.924	40.046
0.923	39.716
0.877	33.965
0.943	45.532
0.943	45.532
0.895	38.145
0.867	33.35
0.926	40.32
0.892	35.491
0.862	32.563
0.891	35.297
0.93	44.662
0.92	39.209
0.799	27.956
0.791	27.777
0.867	33.35
0.924	40.046
0.897	38.585
0.896	38.348
0.942	45.295
0.865	33.128
0.922	39.693
0.869	33.517
0.864	32.767
0.862	32.563
0.896	38.348
0.919	39.208
0.93	44.662
0.876	33.637
0.789	27.724
0.861	32.369
0.894	38.12
0.877	33.965
0.801	28.264
0.94	44.92
0.931	44.821
0.898	38.94
0.885	34.097
0.942	45.295
0.926	40.32
0.923	39.716
0.922	39.693
0.884	34.095
0.878	34.076
0.92	39.209
0.945	45.858
0.683	23.282
