P=? [ F (x=9&y=9&crashed=0) ]	R{"cost"}=? [ C<=100 ]
0.941	49.703
0.707	24.049
0.941	49.703
0.707	24.049
0.929	44.421
0.934	45.119
0.924	39.993
0.75	27.374
0.71	24.057
0.75	27.374
0.889	38.043
0.888	34.487
0.71	24.057
0.852	32.226
0.851	30.213
0.847	29.887
0.904	39.248
0.829	29.315
0.92	39.349
0.771	27.412
0.789	28.235
0.884	34.038
0.869	33.491
0.803	28.293
0.756	27.388
0.816	28.417
0.803	28.293
0.847	29.887
0.934	45.119
0.789	28.235
0.782	28.004
0.922	39.446
0.924	39.993
0.825	29.206
0.756	27.388
0.829	29.315
0.858	32.254
0.929	44.421
0.932	44.551
0.884	34.038
0.869	33.491
0.904	39.248
0.893	38.071
0.899	38.72
0.899	38.72
0.866	33.434
0.897	38.496
0.86	32.275
0.778	27.784
0.897	38.496
0.775	27.775
0.774	27.6
0.865	33.04
0.888	34.487
0.885	34.114
0.821	28.843
0.821	28.843
0.861	32.63
0.893	38.071
0.825	29.206
0.782	28.004
0.933	44.89
0.923	39.783
0.851	30.213
0.78	27.997
0.82	28.802
0.817	28.48
0.828	29.221
0.885	34.114
0.864	32.969
0.863	32.675
0.817	28.48
0.82	28.802
0.771	27.412
0.933	44.89
0.92	39.349
0.923	39.783
0.774	27.6
0.868	33.457
0.858	32.254
0.898	38.632
0.891	38.05
0.932	44.551
0.816	28.417
0.778	27.784
0.78	27.997
0.891	38.05
0.898	38.632
0.865	33.04
0.864	32.969
0.852	32.226
0.868	33.457
0.866	33.434
0.863	32.675
0.862	32.652
0.862	32.652
0.861	32.63
0.86	32.275
0.828	29.221
0.775	27.775
