P=? [ F (x=9&y=9&crashed=0) ]	R{"cost"}=? [ C<=100 ]
0.781	27.301
0.898	40.108
0.898	40.108
0.781	27.301
0.786	27.57
0.841	27.687
0.889	35.158
0.89	38.896
0.858	29.813
0.873	32.289
0.851	28.068
0.858	29.813
0.854	29.44
0.873	32.289
0.882	33.105
0.883	34.364
0.843	27.719
0.891	39.505
0.89	38.896
0.854	29.44
0.851	28.068
0.894	39.692
0.884	34.734
0.843	27.719
0.786	27.57
0.894	39.692
0.782	27.38
0.887	35.023
0.886	34.736
0.883	34.364
0.88	32.963
0.877	32.714
0.876	32.375
0.893	39.506
0.879	32.719
0.841	27.687
0.875	32.291
0.782	27.38
0.882	33.105
0.88	32.963
0.887	35.023
0.876	32.375
0.879	32.719
0.878	32.716
0.878	32.716
0.877	32.714
0.886	34.736
0.875	32.291
0.884	34.734
0.893	39.506
0.891	39.505
0.898	40.108
0.781	27.301
0.858	29.813
0.873	32.289
0.89	38.896
0.854	29.44
0.851	28.068
0.843	27.719
0.786	27.57
0.894	39.692
0.883	34.364
0.887	35.023
0.841	27.687
0.782	27.38
0.882	33.105
0.88	32.963
0.876	32.375
0.879	32.719
0.878	32.716
0.877	32.714
0.886	34.736
0.875	32.291
0.884	34.734
0.893	39.506
0.891	39.505
0.898	40.108
0.781	27.301
0.858	29.813
0.873	32.289
0.89	38.896
0.854	29.44
0.851	28.068
0.843	27.719
0.786	27.57
0.894	39.692
0.883	34.364
0.887	35.023
0.841	27.687
0.782	27.38
0.882	33.105
0.88	32.963
0.876	32.375
0.878	32.716
0.877	32.714
0.886	34.736
0.875	32.291
0.884	34.734
0.893	39.506
0.891	39.505
