P=? [ F (x=9&y=9&crashed=0) ]	R{"cost"}=? [ C<=100 ]
0.783	27.437
0.937	50.95
0.937	50.95
0.783	27.437
0.819	30.352
0.858	32.276
0.928	49.527
0.807	28.005
0.927	45.855
0.858	32.276
0.916	43.854
0.909	40.909
0.819	30.352
0.813	28.514
0.891	37.624
0.889	35.685
0.815	29.716
0.877	32.68
0.909	40.909
0.807	28.005
0.868	32.34
0.867	32.303
0.888	35.188
0.886	34.079
0.916	43.854
0.882	33.337
0.815	29.716
0.908	40.46
0.907	39.699
0.905	39.281
0.813	28.514
0.932	49.954
0.892	37.97
0.889	35.685
0.888	35.188
0.877	32.68
0.926	45.519
0.925	44.898
0.88	32.869
0.932	49.954
0.934	50.152
0.936	50.566
0.891	37.624
0.895	38.138
0.908	40.46
0.92	44.28
0.917	43.859
0.906	39.696
0.936	50.566
0.897	38.326
0.902	39.083
0.923	44.478
0.884	33.692
0.884	33.692
0.934	50.152
0.868	32.34
0.886	34.079
0.927	45.855
0.926	45.519
0.901	38.983
0.899	38.658
0.895	38.138
0.917	43.859
0.92	44.28
0.881	33.152
0.898	38.583
0.901	38.983
0.899	38.658
0.924	44.7
0.885	33.894
0.905	39.281
0.925	44.898
0.924	44.7
0.902	39.083
0.923	44.478
0.921	44.285
0.88	32.869
0.897	38.326
0.885	33.894
0.881	33.152
0.892	37.97
0.921	44.285
0.898	38.583
0.867	32.303
0.907	39.699
0.906	39.696
0.783	27.437
0.937	50.95
0.858	32.276
0.819	30.352
0.807	28.005
0.916	43.854
0.813	28.514
0.889	35.685
0.888	35.188
0.877	32.68
0.932	49.954
0.891	37.624
0.908	40.46
0.884	33.692
