P=? [ F (x=9&y=9&crashed=0) ]	R{"cost"}=? [ C<=100 ]
0.822	48.346
0.722	32.694
0.722	32.694
0.822	48.346
0.811	43.952
0.791	42.135
0.759	37.162
0.812	47.291
0.788	38.953
0.758	34.298
0.745	33.853
0.735	33.191
0.744	33.676
0.735	33.191
0.757	34.288
0.819	47.845
0.779	37.884
0.813	47.649
0.774	37.703
0.767	37.679
0.809	43.756
0.801	42.872
0.797	42.715
0.764	37.493
0.806	43.675
0.774	37.703
0.821	47.909
0.795	42.421
0.783	38.519
0.788	38.953
0.794	42.233
0.757	34.288
0.791	42.135
0.787	38.762
0.812	47.291
0.765	37.675
0.764	37.493
0.759	37.162
0.786	38.75
0.78	38.135
0.786	38.75
0.783	38.519
0.782	38.314
0.796	42.625
0.811	43.952
0.813	47.649
0.803	43.176
0.802	42.989
0.805	43.508
0.804	43.324
0.767	37.679
0.805	43.508
0.804	43.324
0.803	43.176
0.781	38.268
0.78	38.135
0.802	42.989
0.794	42.233
0.796	42.625
0.821	47.909
0.782	38.314
0.781	38.268
0.758	34.298
0.765	37.675
0.722	32.694
0.822	48.346
0.735	33.191
0.774	37.703
0.757	34.288
0.791	42.135
0.788	38.953
0.812	47.291
0.764	37.493
0.759	37.162
0.813	47.649
0.767	37.679
0.805	43.508
0.804	43.324
0.803	43.176
0.78	38.135
0.802	42.989
0.796	42.625
0.821	47.909
0.782	38.314
0.781	38.268
0.758	34.298
0.765	37.675
0.722	32.694
0.822	48.346
0.735	33.191
0.757	34.288
0.788	38.953
0.812	47.291
0.764	37.493
0.759	37.162
0.813	47.649
0.805	43.508
0.767	37.679
0.803	43.176
0.796	42.625
