P=? [ F (x=9&y=9&crashed=0) ]	R{"cost"}=? [ C<=100 ]
0.718	27.15
0.874	58.557
0.718	27.15
0.871	44.525
0.855	44.402
0.854	39.443
0.804	34.441
0.822	37.035
0.822	37.035
0.804	34.441
0.763	31.74
0.752	29.092
0.766	32.089
0.729	28.034
0.777	32.289
0.763	31.74
0.752	29.092
0.723	27.628
0.842	38.509
0.8	33.516
0.85	38.511
0.835	37.276
0.826	37.038
0.777	32.289
0.747	28.594
0.785	32.411
0.74	28.353
0.792	33.482
0.74	28.353
0.84	38.418
0.733	28.136
0.789	32.979
0.826	37.038
0.733	28.136
0.749	28.977
0.802	33.926
0.838	37.783
0.787	32.526
0.802	33.926
0.721	27.5
0.854	39.443
0.852	38.932
0.791	33.449
0.747	28.594
0.788	32.938
0.851	38.918
0.766	32.089
0.837	37.695
0.836	37.301
0.719	27.153
0.721	27.5
0.785	32.411
0.764	31.77
0.838	37.783
0.835	37.276
0.8	33.516
0.791	33.449
0.764	31.77
0.852	38.932
0.719	27.153
0.855	44.402
0.787	32.526
0.751	29.083
0.75	28.99
0.837	37.695
0.788	32.938
0.792	33.482
0.836	37.301
0.851	38.918
0.75	28.99
0.751	29.083
0.85	38.511
0.718	27.15
0.822	37.035
0.804	34.441
0.763	31.74
0.752	29.092
0.777	32.289
0.74	28.353
0.826	37.038
0.733	28.136
0.854	39.443
0.747	28.594
0.766	32.089
0.721	27.5
0.785	32.411
0.838	37.783
0.835	37.276
0.8	33.516
0.791	33.449
0.764	31.77
0.852	38.932
0.719	27.153
0.855	44.402
0.787	32.526
0.85	38.511
0.837	37.695
0.788	32.938
0.792	33.482
0.836	37.301
