P=? [ F (x=9&y=9&crashed=0) ]	R{"cost"}=? [ C<=100 ]
0.863	44.371
0.717	27.149
0.863	44.371
0.717	27.149
0.766	31.598
0.861	43.665
0.854	39.402
0.75	29.312
0.75	29.312
0.819	36.786
0.833	36.926
0.813	35.98
0.805	34.458
0.739	28.039
0.782	32.316
0.861	43.665
0.772	32.314
0.73	27.986
0.744	28.535
0.799	33.56
0.854	39.402
0.805	34.458
0.79	33.283
0.813	35.98
0.785	32.621
0.796	33.333
0.818	36.388
0.848	38.414
0.839	38.073
0.844	38.203
0.862	44.231
0.845	38.342
0.801	33.783
0.747	28.809
0.741	28.292
0.789	33.001
0.816	36.289
0.728	27.822
0.726	27.76
0.722	27.338
0.802	34.189
0.722	27.338
0.721	27.293
0.726	27.76
0.787	32.695
0.741	28.292
0.85	38.585
0.838	37.887
0.837	37.569
0.767	31.748
0.796	33.333
0.852	39.072
0.851	38.794
0.746	28.79
0.747	28.809
0.835	37.31
0.834	37.061
0.788	32.939
0.771	32.261
0.77	32.017
0.782	32.316
0.801	33.783
0.851	38.794
0.804	34.406
0.803	34.208
0.853	39.212
0.838	37.887
0.85	38.585
0.73	27.986
0.77	32.017
0.769	31.848
0.721	27.293
0.833	36.926
0.853	39.212
0.819	36.786
0.862	44.231
0.852	39.072
0.815	36.162
0.814	36.023
0.746	28.79
0.837	37.569
0.836	37.434
0.834	37.061
0.844	38.203
0.839	38.073
0.815	36.162
0.836	37.434
0.835	37.31
0.769	31.848
0.768	31.773
0.787	32.695
0.788	32.939
0.771	32.261
0.804	34.406
0.79	33.283
0.814	36.023
0.727	27.786
0.727	27.786
0.768	31.773
0.803	34.208
