P=? [ F (x=9&y=9&crashed=0) ]	R{"cost"}=? [ C<=100 ]
0.863	44.017
0.708	24.077
0.863	44.017
0.708	24.077
0.756	28.73
0.859	43.442
0.855	39.653
0.753	28.029
0.727	27.809
0.711	24.412
0.766	31.608
0.721	27.288
0.817	36.752
0.833	36.899
0.799	32.678
0.787	32.507
0.711	24.412
0.802	33.206
0.766	31.608
0.721	27.288
0.806	35.13
0.777	32.308
0.803	34.298
0.847	38.145
0.769	32.051
0.839	38.006
0.785	32.319
0.777	32.308
0.813	36.032
0.806	35.13
0.813	36.032
0.837	37.637
0.801	32.994
0.862	43.874
0.855	39.653
0.722	27.38
0.805	34.66
0.726	27.761
0.859	43.442
0.836	37.253
0.726	27.761
0.722	27.38
0.755	28.41
0.816	36.45
0.853	39.298
0.852	38.999
0.861	43.582
0.852	38.999
0.851	38.739
0.838	37.895
0.769	32.051
0.8	32.768
0.851	38.739
0.85	38.515
0.753	28.029
0.727	27.809
0.804	34.513
0.803	34.298
0.816	36.45
0.815	36.247
0.755	28.41
0.754	28.212
0.854	39.483
0.853	39.298
0.754	28.212
0.768	31.916
0.767	31.741
0.786	32.334
0.787	32.507
0.854	39.483
0.834	37.05
0.833	36.899
0.805	34.66
0.804	34.513
0.817	36.752
0.85	38.515
0.848	38.286
0.849	38.374
0.847	38.145
0.839	38.006
0.768	31.916
0.767	31.741
0.836	37.253
0.835	37.121
0.815	36.247
0.814	36.117
0.838	37.895
0.861	43.582
0.86	43.475
0.8	32.768
0.849	38.374
0.848	38.286
0.814	36.117
0.835	37.121
0.834	37.05
0.86	43.475
0.786	32.334
0.785	32.319
0.708	24.077
0.863	44.017
