P=? [ F (x=9&y=9&crashed=0) ]	R{"cost"}=? [ C<=100 ]
0.719	27.282
0.87	44.438
0.87	44.438
0.719	27.282
0.75	29.28
0.866	43.521
0.854	39.355
0.763	31.649
0.814	36.066
0.818	36.364
0.804	34.362
0.77	31.834
0.833	36.945
0.785	32.326
0.866	43.521
0.854	39.355
0.763	31.649
0.733	28.22
0.804	34.362
0.743	28.594
0.79	33.044
0.799	33.327
0.814	36.066
0.84	38.176
0.848	38.182
0.724	27.941
0.73	27.966
0.749	28.812
0.803	34.116
0.743	28.594
0.733	28.22
0.833	36.945
0.818	36.364
0.785	32.326
0.77	31.834
0.868	44.118
0.867	43.663
0.851	38.953
0.85	38.508
0.788	32.808
0.746	28.774
0.79	33.044
0.767	31.672
0.802	33.794
0.837	37.571
0.836	37.265
0.723	27.645
0.787	32.512
0.722	27.579
0.72	27.286
0.799	33.327
0.746	28.774
0.802	33.794
0.801	33.536
0.73	27.966
0.838	37.811
0.837	37.571
0.788	32.808
0.769	31.722
0.816	36.129
0.839	37.983
0.8	33.517
0.85	38.508
0.849	38.323
0.787	32.512
0.869	44.258
0.786	32.332
0.722	27.579
0.839	37.983
0.838	37.811
0.836	37.265
0.835	37.095
0.867	43.663
0.835	37.095
0.834	36.953
0.849	38.323
0.869	44.258
0.868	44.118
0.852	39.092
0.851	38.953
0.853	39.216
0.767	31.672
0.817	36.237
0.853	39.216
0.852	39.092
0.72	27.286
0.817	36.237
0.723	27.645
0.816	36.129
0.769	31.722
0.749	28.812
0.724	27.941
0.801	33.536
0.8	33.517
0.834	36.953
0.848	38.182
0.786	32.332
0.84	38.176
0.719	27.282
0.87	44.438
