P=? [ F (x=9&y=9&crashed=0) ]	R{"cost"}=? [ C<=100 ]
0.853	51.229
0.853	51.229
0.669	29.471
0.715	33.449
0.685	30.675
0.829	50.038
0.828	46.415
0.817	45.258
0.683	30.289
0.685	30.675
0.798	41.667
0.742	34.581
0.722	34.424
0.799	43.87
0.766	36.919
0.763	36.293
0.803	44.263
0.749	35.823
0.771	38.579
0.785	40.554
0.83	50.151
0.842	50.544
0.842	50.544
0.803	44.263
0.793	40.748
0.849	50.655
0.802	43.876
0.775	39.191
0.771	38.579
0.785	40.554
0.78	39.96
0.78	39.96
0.763	36.293
0.765	36.868
0.795	41.032
0.749	35.823
0.776	39.519
0.851	50.696
0.824	46.075
0.83	50.151
0.744	34.958
0.773	39.046
0.744	34.958
0.82	45.747
0.716	33.696
0.823	45.964
0.818	45.597
0.826	46.146
0.718	34.032
0.716	33.696
0.778	39.617
0.852	51.011
0.797	41.363
0.748	35.569
0.747	35.288
0.742	34.581
0.722	34.424
0.796	41.304
0.745	35.23
0.772	38.783
0.72	34.166
0.748	35.569
0.849	50.655
0.827	46.366
0.852	51.011
0.823	45.964
0.82	45.747
0.72	34.166
0.772	38.783
0.779	39.815
0.793	40.748
0.765	36.868
0.794	40.911
0.718	34.032
0.779	39.815
0.773	39.046
0.819	45.612
0.794	40.911
0.829	50.038
0.778	39.617
0.776	39.519
0.719	34.07
0.826	46.146
0.797	41.363
0.796	41.304
0.828	46.415
0.827	46.366
0.746	35.276
0.745	35.23
0.851	50.696
0.719	34.07
0.819	45.612
0.818	45.597
0.747	35.288
0.746	35.276
0.799	43.87
0.853	51.229
0.685	30.675
0.842	50.544
0.803	44.263
