P=? [ F (x=9&y=9&crashed=0) ]	R{"cost"}=? [ C<=100 ]
0.85	50.748
0.668	28.881
0.85	50.748
0.694	33.167
0.847	50.224
0.827	46.265
0.688	30.475
0.847	50.224
0.827	46.265
0.742	34.565
0.802	44.851
0.764	38.404
0.797	43.267
0.796	41.335
0.728	34.55
0.752	37.022
0.708	33.332
0.673	29.671
0.764	38.404
0.685	29.943
0.752	37.022
0.814	44.969
0.724	34.049
0.822	45.478
0.743	35.425
0.748	36.073
0.771	38.635
0.718	34.014
0.671	29.348
0.688	30.475
0.8	43.969
0.816	45.275
0.716	33.667
0.708	33.332
0.694	33.167
0.714	33.507
0.783	40.108
0.751	36.552
0.788	40.211
0.8	43.969
0.751	36.552
0.727	34.337
0.824	45.74
0.745	35.739
0.779	39.929
0.799	43.562
0.673	29.671
0.791	40.472
0.771	38.635
0.686	30.162
0.669	29.091
0.79	40.265
0.745	35.739
0.743	35.425
0.686	30.162
0.773	38.87
0.714	33.507
0.727	34.337
0.798	43.554
0.797	43.267
0.685	29.943
0.815	45.005
0.793	40.773
0.792	40.504
0.825	46.005
0.747	35.934
0.796	41.335
0.795	41.076
0.669	29.091
0.782	40.096
0.802	44.851
0.773	38.87
0.788	40.211
0.778	39.749
0.777	39.526
0.848	50.44
0.849	50.533
0.777	39.526
0.776	39.313
0.816	45.275
0.823	45.675
0.747	35.934
0.826	46.07
0.795	41.076
0.794	40.884
0.774	39.057
0.778	39.749
0.776	39.313
0.775	39.146
0.782	40.096
0.779	39.929
0.718	34.014
0.814	44.969
0.794	40.884
0.793	40.773
0.849	50.533
0.848	50.44
0.775	39.146
0.774	39.057
0.823	45.675
