P=? [ F (x=9&y=9&crashed=0) ]	R{"cost"}=? [ C<=100 ]
0.854	65.234
0.669	29.064
0.854	65.234
0.849	50.313
0.853	65.146
0.688	32.185
0.83	49.698
0.686	30.144
0.712	33.231
0.672	29.332
0.825	45.87
0.777	39.409
0.8	44.539
0.844	49.855
0.79	40.239
0.813	44.742
0.794	40.815
0.795	42.956
0.765	36.88
0.726	34.253
0.736	34.398
0.757	35.874
0.748	35.743
0.77	38.536
0.756	35.786
0.688	32.185
0.799	43.531
0.765	36.88
0.712	33.231
0.739	34.749
0.744	35.063
0.686	30.144
0.83	49.698
0.825	45.87
0.77	38.536
0.79	40.239
0.762	36.507
0.724	33.931
0.817	45.24
0.853	65.146
0.762	36.507
0.821	45.636
0.82	45.406
0.725	34.228
0.823	45.638
0.745	35.315
0.791	40.47
0.719	33.589
0.774	39.054
0.716	33.501
0.722	33.835
0.721	33.654
0.799	43.531
0.797	43.157
0.817	45.24
0.763	36.543
0.815	44.917
0.797	43.157
0.815	44.917
0.776	39.406
0.775	39.087
0.744	35.063
0.739	34.749
0.794	40.815
0.792	40.502
0.747	35.66
0.746	35.357
0.737	34.405
0.719	33.589
0.847	50.05
0.715	33.499
0.713	33.239
0.738	34.494
0.846	49.997
0.847	50.05
0.763	36.543
0.792	40.502
0.773	38.84
0.713	33.239
0.813	44.742
0.8	44.539
0.715	33.499
0.82	45.406
0.736	34.398
0.726	34.253
0.814	44.776
0.845	49.994
0.796	43.026
0.824	45.761
0.824	45.761
0.773	38.84
0.772	38.735
0.772	38.735
0.771	38.634
0.771	38.634
0.722	33.835
0.738	34.494
0.716	33.501
0.747	35.66
0.796	43.026
