P=? [ F (x=9&y=9&crashed=0) ]	R{"cost"}=? [ C<=100 ]
0.854	51.809
0.854	51.809
0.669	29.029
0.836	50.248
0.83	47.113
0.705	31.1
0.723	33.806
0.799	44.244
0.798	41.643
0.705	31.1
0.723	33.806
0.687	29.746
0.703	30.704
0.675	29.661
0.687	29.746
0.768	38.4
0.764	36.685
0.804	44.917
0.838	50.74
0.779	39.892
0.741	34.587
0.724	34.093
0.76	35.946
0.848	50.758
0.734	34.481
0.814	45.138
0.788	40.035
0.753	35.869
0.703	30.704
0.82	45.376
0.83	47.113
0.744	35.038
0.747	35.488
0.829	46.719
0.675	29.661
0.821	45.583
0.753	35.869
0.735	34.533
0.851	51.367
0.804	44.917
0.8	44.336
0.762	36.489
0.815	45.185
0.796	41.287
0.778	39.586
0.824	46.137
0.853	51.537
0.8	44.336
0.764	36.685
0.823	45.828
0.789	40.18
0.768	38.4
0.85	50.977
0.734	34.481
0.724	34.093
0.747	35.488
0.827	46.358
0.794	40.889
0.792	40.516
0.77	38.592
0.791	40.428
0.794	40.889
0.795	41.039
0.762	36.489
0.823	45.828
0.775	39.234
0.774	39.013
0.814	45.138
0.792	40.516
0.798	41.643
0.797	41.439
0.85	50.977
0.849	50.774
0.76	35.946
0.828	46.519
0.815	45.185
0.776	39.421
0.775	39.234
0.745	35.221
0.828	46.519
0.769	38.436
0.746	35.333
0.797	41.439
0.795	41.039
0.79	40.328
0.788	40.035
0.838	50.74
0.774	39.013
0.773	38.882
0.772	38.775
0.771	38.647
0.763	36.612
0.746	35.333
0.745	35.221
0.773	38.882
0.772	38.775
0.79	40.328
0.826	46.263
0.799	44.244
0.777	39.51
