P=? [ F (x=9&y=9&crashed=0) ]	R{"cost"}=? [ C<=100 ]
0.864	66.532
0.667	33.514
0.667	33.514
0.864	66.532
0.698	33.609
0.861	56.601
0.862	61.561
0.863	61.915
0.858	55.935
0.853	51.946
0.716	34.586
0.845	50.341
0.83	47.146
0.798	44.845
0.797	41.681
0.83	47.146
0.845	50.341
0.749	37.946
0.848	50.761
0.742	36.118
0.705	34.146
0.792	40.513
0.79	40.295
0.764	38.47
0.799	44.898
0.809	44.963
0.775	39.086
0.779	39.814
0.821	45.593
0.724	34.908
0.749	37.946
0.754	38.182
0.853	51.946
0.771	38.659
0.783	40.132
0.724	34.908
0.73	34.997
0.761	38.202
0.814	45.479
0.742	36.118
0.852	51.423
0.859	56.036
0.796	41.213
0.705	34.146
0.738	35.416
0.732	35.368
0.826	46.064
0.858	55.935
0.828	46.591
0.796	41.213
0.828	46.591
0.852	51.423
0.861	56.601
0.741	36.033
0.739	35.512
0.753	38.164
0.825	46.055
0.701	34.051
0.824	45.724
0.797	41.681
0.7	34.048
0.772	38.826
0.863	61.915
0.862	61.561
0.813	45.37
0.811	45.036
0.783	40.132
0.78	39.821
0.781	39.976
0.731	35.314
0.762	38.328
0.813	45.37
0.739	35.512
0.698	33.609
0.741	36.033
0.753	38.164
0.811	45.036
0.822	45.639
0.774	39.078
0.773	38.872
0.771	38.659
0.7	34.048
0.781	39.976
0.762	38.328
0.814	45.479
0.701	34.051
0.73	34.997
0.824	45.724
0.822	45.639
0.809	44.963
0.799	44.898
0.731	35.314
0.798	44.845
0.81	44.987
0.738	35.416
0.732	35.368
0.773	38.872
0.81	44.987
0.761	38.202
0.774	39.078
