P=? [ F (x=9&y=9&crashed=0) ]	R{"cost"}=? [ C<=100 ]
0.697	23.42
0.907	49.187
0.907	49.187
0.697	23.42
0.79	27.516
0.717	23.518
0.906	48.935
0.904	40.284
0.79	27.516
0.717	23.518
0.897	38.533
0.885	34.854
0.879	32.681
0.84	27.627
0.808	27.547
0.885	34.854
0.897	38.533
0.879	32.681
0.862	30.657
0.862	30.657
0.857	30.007
0.903	39.902
0.856	28.814
0.7	23.457
0.71	23.486
0.8	27.535
0.903	39.902
0.844	27.756
0.808	27.547
0.854	28.495
0.857	30.007
0.848	28.399
0.802	27.546
0.904	40.284
0.844	27.756
0.85	28.431
0.906	48.935
0.848	28.399
0.713	23.501
0.856	28.814
0.7	23.457
0.854	28.495
0.842	27.707
0.71	23.486
0.712	23.499
0.85	28.431
0.841	27.653
0.842	27.707
0.849	28.402
0.841	27.653
0.8	27.535
0.713	23.501
0.712	23.499
0.801	27.545
0.849	28.402
0.802	27.546
0.801	27.545
0.697	23.42
0.907	49.187
0.79	27.516
0.717	23.518
0.885	34.854
0.897	38.533
0.879	32.681
0.862	30.657
0.903	39.902
0.808	27.547
0.904	40.284
0.844	27.756
0.906	48.935
0.848	28.399
0.856	28.814
0.7	23.457
0.854	28.495
0.71	23.486
0.841	27.653
0.85	28.431
0.842	27.707
0.8	27.535
0.713	23.501
0.712	23.499
0.849	28.402
0.802	27.546
0.801	27.545
0.907	49.187
0.697	23.42
0.79	27.516
0.717	23.518
0.885	34.854
0.897	38.533
0.879	32.681
0.862	30.657
0.903	39.902
0.856	28.814
0.904	40.284
0.844	27.756
0.906	48.935
0.848	28.399
0.7	23.457
0.854	28.495
