P=? [ F (x=9&y=9&crashed=0) ]	R{"cost"}=? [ C<=100 ]
0.936	50.689
0.695	23.039
0.936	50.689
0.695	23.039
0.784	27.954
0.851	28.07
0.721	27.354
0.701	24.432
0.762	27.409
0.93	49.847
0.926	45.339
0.912	44.577
0.91	41.032
0.862	30.678
0.867	32.285
0.897	38.78
0.892	36.059
0.764	27.86
0.784	27.954
0.721	27.354
0.858	29.811
0.853	28.468
0.921	44.602
0.888	35.442
0.886	34.333
0.871	33.112
0.7	24.409
0.696	23.459
0.908	40.801
0.907	39.967
0.859	29.907
0.853	28.468
0.696	23.459
0.931	49.952
0.892	36.059
0.87	32.711
0.897	38.78
0.877	33.351
0.881	33.717
0.88	33.385
0.858	29.811
0.926	45.339
0.886	34.333
0.889	35.828
0.888	35.442
0.877	33.351
0.93	49.847
0.934	50.237
0.87	32.711
0.906	39.771
0.884	33.747
0.885	33.936
0.763	27.465
0.924	44.989
0.924	44.989
0.7	24.409
0.906	39.771
0.903	39.408
0.909	40.95
0.891	35.83
0.859	29.907
0.852	28.156
0.901	39.148
0.903	39.408
0.934	50.237
0.899	39.08
0.935	50.434
0.921	44.602
0.871	33.112
0.935	50.434
0.925	45.142
0.91	41.032
0.907	39.967
0.902	39.338
0.885	33.936
0.898	38.935
0.925	45.142
0.908	40.801
0.898	38.935
0.912	44.577
0.851	28.07
0.764	27.86
0.852	28.156
0.902	39.338
0.901	39.148
0.899	39.08
0.763	27.465
0.762	27.409
0.88	33.385
0.884	33.747
0.881	33.717
0.891	35.83
0.889	35.828
0.936	50.689
0.695	23.039
0.784	27.954
0.721	27.354
0.859	29.907
0.853	28.468
0.892	36.059
