P=? [ F (x=9&y=9&crashed=0) ]	R{"cost"}=? [ C<=100 ]
0.779	28.865
0.899	49.934
0.899	49.934
0.779	28.865
0.819	29.634
0.78	28.869
0.856	35.432
0.859	38.895
0.876	43.611
0.875	40.771
0.897	49.487
0.893	46.127
0.828	32.712
0.84	35.092
0.819	29.634
0.828	32.712
0.884	44.3
0.867	39.245
0.884	44.3
0.893	46.127
0.78	28.869
0.897	49.487
0.856	35.432
0.876	43.611
0.838	34.582
0.834	34.016
0.832	33.348
0.889	44.911
0.888	44.702
0.87	39.487
0.84	35.092
0.887	44.543
0.838	34.582
0.832	33.348
0.892	45.691
0.874	40.343
0.87	39.487
0.834	34.016
0.83	32.877
0.872	39.844
0.867	39.245
0.872	39.844
0.874	40.343
0.873	40.009
0.836	34.259
0.891	45.486
0.89	45.19
0.89	45.19
0.831	33.071
0.887	44.543
0.898	49.693
0.868	39.249
0.836	34.259
0.835	34.223
0.898	49.693
0.892	45.691
0.891	45.486
0.831	33.071
0.868	39.249
0.83	32.877
0.873	40.009
0.835	34.223
0.779	28.865
0.899	49.934
0.819	29.634
0.856	35.432
0.867	39.245
0.828	32.712
0.884	44.3
0.893	46.127
0.78	28.869
0.897	49.487
0.876	43.611
0.84	35.092
0.838	34.582
0.832	33.348
0.87	39.487
0.872	39.844
0.874	40.343
0.887	44.543
0.89	45.19
0.836	34.259
0.898	49.693
0.892	45.691
0.891	45.486
0.831	33.071
0.83	32.877
0.835	34.223
0.779	28.865
0.899	49.934
0.819	29.634
0.856	35.432
0.867	39.245
0.828	32.712
0.884	44.3
0.893	46.127
0.78	28.869
0.897	49.487
0.876	43.611
0.84	35.092
