P=? [ F (x=9&y=9&crashed=0) ]	R{"cost"}=? [ C<=100 ]
0.716	28.118
0.716	28.118
0.88	55.237
0.749	31.854
0.864	50.422
0.734	28.767
0.876	54.387
0.787	36.425
0.779	33.944
0.876	54.387
0.774	33.001
0.81	38.34
0.812	40.196
0.84	45.192
0.758	32.052
0.779	33.944
0.859	49.398
0.815	41.701
0.843	46.589
0.787	36.425
0.792	36.842
0.851	49.222
0.849	48.12
0.814	40.493
0.776	33.586
0.77	32.537
0.849	48.12
0.799	36.93
0.834	44.228
0.821	41.869
0.807	38.205
0.847	47.234
0.853	49.273
0.788	36.664
0.767	32.392
0.832	43.382
0.831	42.599
0.833	43.457
0.861	49.539
0.83	42.264
0.76	32.225
0.838	45.105
0.778	33.64
0.826	41.889
0.791	36.796
0.806	37.538
0.836	44.369
0.804	37.206
0.802	37.108
0.728	28.511
0.764	32.362
0.863	49.875
0.729	28.671
0.801	36.957
0.862	49.834
0.805	37.368
0.847	47.234
0.878	54.471
0.837	44.83
0.827	41.915
0.879	54.793
0.724	28.368
0.722	28.294
0.84	45.192
0.829	42.013
0.843	46.589
0.731	28.72
0.816	41.734
0.758	32.052
0.831	42.599
0.818	41.735
0.846	46.908
0.879	54.793
0.808	38.3
0.82	41.786
0.853	49.273
0.814	40.493
0.813	40.204
0.837	44.83
0.763	32.34
0.846	46.908
0.845	46.648
0.72	28.268
0.718	28.175
0.799	36.93
0.762	32.253
0.726	28.452
0.723	28.358
0.844	46.64
0.726	28.452
0.718	28.175
0.819	41.738
0.851	49.222
0.731	28.72
0.72	28.268
0.812	40.196
0.769	32.531
0.806	37.538
0.81	38.34
0.836	44.369
