P=? [ F (x=9&y=9&crashed=0) ]	R{"cost"}=? [ C<=100 ]
0.726	27.532
0.88	59.734
0.726	27.532
0.88	59.734
0.872	55.139
0.864	50.286
0.87	54.462
0.831	43.008
0.844	43.907
0.848	47.87
0.745	28.416
0.731	28.365
0.754	29.682
0.758	31.893
0.847	45.123
0.862	49.787
0.855	49.484
0.824	40.105
0.829	42.121
0.807	37.835
0.872	55.139
0.816	38.366
0.802	36.914
0.8	35.217
0.864	50.286
0.824	40.105
0.853	49.136
0.87	54.462
0.782	33.497
0.848	47.87
0.829	42.121
0.853	49.136
0.77	32.377
0.79	33.549
0.83	42.521
0.82	38.845
0.846	44.648
0.792	33.847
0.758	31.893
0.772	32.911
0.871	54.88
0.765	32.281
0.785	33.508
0.796	34.678
0.778	33.457
0.822	39.408
0.762	32.193
0.795	34.606
0.729	28.055
0.804	37.044
0.816	38.366
0.807	37.835
0.799	35.081
0.774	33.229
0.729	28.055
0.746	28.691
0.762	32.193
0.764	32.24
0.75	29.217
0.847	45.123
0.785	33.508
0.752	29.515
0.749	29.16
0.747	28.726
0.822	39.408
0.845	44.238
0.798	34.896
0.753	29.681
0.794	34.235
0.817	38.396
0.793	34.206
0.776	33.378
0.774	33.229
0.821	39.198
0.8	35.217
0.771	32.721
0.805	37.385
0.818	38.522
0.845	44.238
0.802	36.914
0.818	38.522
0.776	33.378
0.749	29.16
0.79	33.549
0.778	33.457
0.747	28.726
0.806	37.591
0.73	28.277
0.798	34.896
0.751	29.434
0.821	39.198
0.806	37.591
0.805	37.385
0.771	32.721
0.803	37.032
0.77	32.377
0.765	32.281
0.73	28.277
0.751	29.434
0.794	34.235
