P=? [ F (x=9&y=9&crashed=0) ]	R{"cost"}=? [ C<=100 ]
0.679	27.339
0.863	54.06
0.679	27.339
0.863	54.06
0.862	49.575
0.858	48.759
0.848	45.014
0.76	32.23
0.754	29.768
0.709	28.118
0.825	41.972
0.801	37.001
0.8	35.326
0.721	28.274
0.824	40.198
0.848	45.014
0.832	43.098
0.748	29.192
0.739	29.084
0.766	32.941
0.689	27.535
0.696	27.719
0.706	27.857
0.858	48.759
0.815	38.423
0.829	42.196
0.786	33.843
0.831	42.697
0.841	43.588
0.695	27.629
0.771	33.238
0.689	27.535
0.764	32.708
0.778	33.716
0.777	33.467
0.723	28.423
0.76	32.23
0.809	38.201
0.791	33.864
0.754	29.768
0.732	28.878
0.738	29.08
0.807	38.164
0.804	37.183
0.798	34.882
0.749	29.215
0.819	38.622
0.859	48.776
0.842	43.605
0.826	42.003
0.727	28.488
0.82	39.108
0.772	33.263
0.799	35.227
0.763	32.341
0.861	49.154
0.845	44.385
0.844	43.97
0.847	44.602
0.822	39.408
0.793	34.223
0.782	33.773
0.792	33.872
0.782	33.773
0.841	43.588
0.832	43.098
0.802	37.107
0.796	34.808
0.862	49.575
0.794	34.245
0.823	39.811
0.762	32.267
0.824	40.198
0.823	39.811
0.806	37.778
0.708	27.88
0.751	29.597
0.861	49.154
0.809	38.201
0.844	43.97
0.731	28.85
0.728	28.5
0.805	37.529
0.731	28.85
0.795	34.496
0.728	28.5
0.822	39.408
0.82	39.108
0.818	38.567
0.752	29.641
0.706	27.857
0.753	29.74
0.795	34.496
0.806	37.778
0.805	37.529
0.817	38.47
0.847	44.602
0.845	44.385
0.777	33.467
0.772	33.263
