P=? [ F (x=9&y=9&crashed=0) ]	R{"cost"}=? [ C<=100 ]
0.694	27.098
0.694	27.098
0.846	44.543
0.823	39.923
0.715	27.247
0.758	31.934
0.799	35.214
0.829	41.98
0.754	29.926
0.744	28.345
0.801	36.755
0.726	27.505
0.731	28.123
0.833	43.091
0.715	27.247
0.843	43.751
0.808	37.939
0.806	37.449
0.764	32.238
0.784	33.446
0.829	41.98
0.809	38.078
0.803	36.823
0.777	33.337
0.798	34.867
0.843	43.751
0.833	43.091
0.789	33.48
0.815	38.211
0.796	34.3
0.752	29.405
0.753	29.923
0.832	42.62
0.784	33.446
0.771	32.609
0.769	32.332
0.832	42.62
0.83	42.128
0.817	38.283
0.776	33.331
0.751	29.4
0.845	44.081
0.75	29.057
0.775	32.989
0.822	39.468
0.844	43.781
0.746	28.468
0.79	33.525
0.728	27.825
0.804	37.228
0.762	32.191
0.754	29.926
0.797	34.646
0.731	28.123
0.792	33.871
0.794	34.231
0.772	32.776
0.821	39.23
0.82	38.911
0.75	29.057
0.748	28.753
0.845	44.081
0.819	38.754
0.818	38.459
0.791	33.803
0.762	32.191
0.83	42.128
0.747	28.719
0.815	38.211
0.759	31.948
0.759	31.948
0.822	39.468
0.821	39.23
0.77	32.371
0.745	28.39
0.727	27.592
0.797	34.646
0.729	27.905
0.793	34.019
0.729	27.905
0.801	36.755
0.818	38.459
0.775	32.989
0.773	32.821
0.773	32.821
0.82	38.911
0.819	38.754
0.748	28.753
0.793	34.019
0.809	38.078
0.805	37.331
0.777	33.337
0.805	37.331
0.804	37.228
0.769	32.332
0.727	27.592
0.794	34.231
0.791	33.803
0.77	32.371
0.747	28.719
