P=? [ F (x=9&y=9&crashed=0) ]	R{"cost"}=? [ C<=100 ]
0.844	49.081
0.844	49.081
0.652	22.959
0.837	44.412
0.826	43.377
0.821	39.528
0.692	27.021
0.714	27.186
0.691	26.982
0.677	24.181
0.756	31.87
0.754	29.685
0.67	23.268
0.799	35.051
0.677	24.181
0.691	26.982
0.744	28.349
0.803	36.825
0.807	38.094
0.659	23.186
0.732	28.218
0.726	27.503
0.817	38.278
0.834	43.798
0.828	43.698
0.671	23.774
0.821	39.528
0.719	27.343
0.659	23.186
0.777	33.425
0.797	34.748
0.759	32.124
0.799	35.051
0.803	36.825
0.762	32.24
0.676	24.114
0.826	43.377
0.782	33.449
0.719	27.343
0.787	33.466
0.774	32.957
0.782	33.449
0.769	32.351
0.764	32.243
0.729	28.061
0.775	33.281
0.82	39.041
0.806	37.612
0.835	44.091
0.836	44.143
0.791	33.607
0.73	28.177
0.715	27.203
0.771	32.627
0.728	27.78
0.754	29.685
0.82	39.041
0.819	38.626
0.77	32.363
0.795	34.513
0.747	28.69
0.796	34.553
0.772	32.651
0.758	31.902
0.676	24.114
0.671	23.774
0.749	29.135
0.746	28.685
0.745	28.381
0.818	38.571
0.776	33.345
0.752	29.405
0.728	27.78
0.804	37.101
0.806	37.612
0.805	37.337
0.827	43.426
0.732	28.218
0.79	33.538
0.764	32.243
0.748	28.934
0.792	33.847
0.805	37.337
0.804	37.101
0.794	34.278
0.751	29.368
0.749	29.135
0.794	34.278
0.793	34.051
0.793	34.051
0.792	33.847
0.773	32.854
0.748	28.934
0.789	33.487
0.817	38.278
0.807	38.094
0.752	29.405
0.751	29.368
0.756	31.87
0.714	27.186
