P=? [ F (x=9&y=9&crashed=0) ]	R{"cost"}=? [ C<=100 ]
0.714	27.224
0.846	44.36
0.714	27.224
0.846	44.36
0.824	40.144
0.755	29.982
0.757	31.884
0.832	42.851
0.828	41.849
0.744	28.365
0.843	43.613
0.716	27.475
0.732	28.292
0.801	36.656
0.815	38.108
0.726	27.499
0.784	33.495
0.808	37.964
0.8	35.404
0.778	33.454
0.843	43.613
0.832	42.851
0.758	31.907
0.807	37.694
0.789	33.496
0.799	35.128
0.806	37.387
0.765	32.326
0.831	42.303
0.772	32.648
0.796	34.356
0.83	42.156
0.793	33.97
0.828	41.849
0.803	36.822
0.794	34.064
0.823	39.929
0.822	39.461
0.79	33.537
0.746	28.685
0.816	38.431
0.777	33.431
0.745	28.388
0.75	29.2
0.749	28.927
0.729	28.003
0.829	41.932
0.769	32.353
0.791	33.829
0.762	32.075
0.771	32.462
0.715	27.243
0.754	29.732
0.751	29.24
0.797	34.713
0.764	32.241
0.748	28.888
0.747	28.718
0.731	28.226
0.821	39.238
0.82	38.912
0.752	29.431
0.754	29.732
0.752	29.431
0.776	33.132
0.763	32.102
0.8	35.404
0.844	43.886
0.845	44.087
0.817	38.434
0.798	34.869
0.795	34.31
0.77	32.386
0.773	32.872
0.822	39.461
0.821	39.238
0.728	27.781
0.823	39.929
0.804	37.035
0.805	37.179
0.845	44.087
0.844	43.886
0.819	38.745
0.818	38.562
0.727	27.674
0.762	32.075
0.82	38.912
0.819	38.745
0.798	34.869
0.797	34.713
0.831	42.303
0.805	37.179
0.804	37.035
0.791	33.829
0.73	28.091
0.818	38.562
0.802	36.694
0.774	32.979
0.728	27.781
0.773	32.872
