P=? [ F (x=9&y=9&crashed=0) ]	R{"cost"}=? [ C<=100 ]
0.976	40.964
0.741	23.857
0.976	40.964
0.741	23.857
0.836	28.556
0.754	24.392
0.786	28.512
0.762	27.759
0.963	39.025
0.956	35.9
0.921	33.533
0.919	30.782
0.879	28.651
0.847	28.634
0.748	24.338
0.747	23.872
0.956	35.9
0.842	28.589
0.911	29.703
0.774	28.235
0.886	28.687
0.949	34.86
0.754	24.392
0.762	27.759
0.945	34.155
0.963	39.025
0.78	28.295
0.975	40.641
0.973	40.164
0.889	28.694
0.922	33.598
0.769	27.999
0.909	29.259
0.954	35.252
0.952	35.215
0.766	27.844
0.951	34.885
0.969	39.629
0.88	28.686
0.975	40.641
0.969	39.629
0.919	30.782
0.769	27.999
0.743	23.863
0.903	28.964
0.917	30.321
0.915	29.965
0.972	39.988
0.914	29.927
0.774	28.235
0.896	28.726
0.901	28.814
0.947	34.522
0.846	28.621
0.964	39.072
0.955	35.573
0.946	34.479
0.955	35.573
0.966	39.31
0.784	28.413
0.918	30.465
0.936	33.837
0.939	33.853
0.78	28.295
0.903	28.964
0.926	33.69
0.9	28.77
0.971	39.884
0.973	40.164
0.931	33.828
0.893	28.713
0.907	29.165
0.917	30.321
0.965	39.284
0.941	33.991
0.907	29.165
0.928	33.744
0.784	28.413
0.971	39.884
0.943	34.092
0.941	33.991
0.966	39.31
0.912	29.759
0.909	29.259
0.926	33.69
0.928	33.744
0.934	33.832
0.931	33.828
0.918	30.465
0.921	33.533
0.943	34.092
0.912	29.759
0.786	28.512
0.947	34.522
0.915	29.965
0.953	35.229
0.763	27.792
0.765	27.812
0.908	29.166
0.893	28.713
