P=? [ F (x=9&y=9&crashed=0) ]	R{"cost"}=? [ C<=100 ]
0.898	60.31
0.762	32.019
0.898	60.31
0.881	55.685
0.876	54.624
0.864	50.45
0.881	55.685
0.825	43.402
0.765	32.501
0.774	35.642
0.856	48.915
0.848	45.835
0.824	40.646
0.819	39.499
0.864	50.45
0.807	39.411
0.876	54.624
0.765	32.501
0.848	45.835
0.774	35.642
0.799	38.329
0.856	48.915
0.779	36.254
0.786	36.831
0.832	43.674
0.88	54.967
0.838	43.957
0.863	50.181
0.794	37.381
0.806	39.165
0.833	43.746
0.862	49.662
0.822	40.126
0.803	38.829
0.82	39.896
0.79	37.286
0.786	36.831
0.779	36.254
0.795	37.733
0.803	38.829
0.847	45.36
0.862	49.662
0.86	49.217
0.838	43.957
0.843	44.634
0.841	44.237
0.797	37.809
0.776	36.032
0.775	35.675
0.798	37.976
0.823	40.469
0.846	45.182
0.845	44.869
0.878	54.717
0.804	38.912
0.86	49.217
0.832	43.674
0.825	43.402
0.841	44.237
0.84	44.178
0.843	44.634
0.804	38.912
0.84	44.178
0.833	43.746
0.789	37.274
0.788	37.075
0.858	49.145
0.857	48.953
0.847	45.36
0.846	45.182
0.824	40.646
0.845	44.869
0.823	40.469
0.844	44.692
0.821	39.95
0.798	37.976
0.879	54.804
0.778	36.093
0.787	36.956
0.788	37.075
0.787	36.956
0.794	37.381
0.79	37.286
0.878	54.717
0.819	39.499
0.807	39.411
0.879	54.804
0.797	37.809
0.795	37.733
0.859	49.152
0.844	44.692
0.821	39.95
0.778	36.093
0.777	36.043
0.857	48.953
0.775	35.675
0.789	37.274
0.777	36.043
0.776	36.032
0.859	49.152
