P=? [ F (x=9&y=9&crashed=0) ]	R{"cost"}=? [ C<=100 ]
0.917	65.817
0.74	33.496
0.917	65.817
0.74	33.496
0.794	37.545
0.747	33.516
0.9	60.792
0.747	33.516
0.914	64.941
0.794	37.545
0.896	59.413
0.883	55.611
0.859	49.117
0.847	45.364
0.877	54.171
0.865	50.642
0.914	64.941
0.809	39.363
0.812	42.161
0.883	55.611
0.896	59.413
0.865	50.642
0.829	44.003
0.877	54.171
0.859	49.117
0.84	44.178
0.847	45.364
0.815	42.825
0.825	43.404
0.803	38.239
0.899	60.168
0.797	38.123
0.821	42.858
0.864	50.2
0.798	38.216
0.829	44.003
0.814	42.459
0.804	38.734
0.807	38.842
0.881	54.903
0.916	65.522
0.844	44.796
0.808	39.342
0.812	42.161
0.795	37.633
0.813	42.287
0.916	65.522
0.805	38.753
0.842	44.643
0.882	55.224
0.809	39.363
0.823	43.235
0.822	42.869
0.897	59.771
0.843	44.743
0.882	55.224
0.841	44.455
0.845	45.073
0.862	49.676
0.861	49.405
0.795	37.633
0.863	49.938
0.863	49.938
0.862	49.676
0.898	60.016
0.897	59.771
0.88	54.786
0.879	54.563
0.846	45.281
0.845	45.073
0.879	54.563
0.878	54.358
0.841	44.455
0.878	54.358
0.84	44.178
0.86	49.282
0.824	43.39
0.823	43.235
0.898	60.016
0.861	49.405
0.86	49.282
0.88	54.786
0.807	38.842
0.846	45.281
0.821	42.858
0.803	38.239
0.798	38.216
0.808	39.342
0.824	43.39
0.822	42.869
0.74	33.496
0.917	65.817
0.747	33.516
0.794	37.545
0.883	55.611
0.896	59.413
0.865	50.642
0.877	54.171
0.859	49.117
0.847	45.364
