P=? [ F (x=9&y=9&crashed=0) ]	R{"cost"}=? [ C<=100 ]
0.68	26.879
0.864	50.126
0.68	26.879
0.756	31.073
0.721	29.34
0.847	45.577
0.699	27.361
0.859	49.392
0.832	43.602
0.823	40.105
0.704	27.905
0.717	28.548
0.792	35.386
0.793	37.121
0.802	38.284
0.859	49.392
0.813	38.341
0.77	31.971
0.823	40.105
0.761	31.883
0.832	43.602
0.781	33.628
0.771	32.245
0.791	35.187
0.717	28.548
0.786	33.797
0.801	37.995
0.79	34.601
0.796	37.708
0.775	33.324
0.72	29.163
0.76	31.72
0.774	32.82
0.837	44.206
0.72	29.163
0.861	49.689
0.815	38.715
0.844	45.001
0.773	32.651
0.795	37.524
0.793	37.121
0.757	31.305
0.787	34.168
0.779	33.565
0.758	31.339
0.795	37.524
0.773	32.651
0.846	45.288
0.801	37.995
0.796	37.708
0.788	34.454
0.787	34.168
0.863	49.84
0.862	49.835
0.822	39.9
0.821	39.623
0.834	43.746
0.814	38.461
0.818	39.149
0.817	38.895
0.839	44.261
0.759	31.496
0.822	39.9
0.846	45.288
0.845	45.092
0.778	33.563
0.776	33.368
0.819	39.343
0.818	39.149
0.821	39.623
0.843	44.808
0.82	39.43
0.841	44.557
0.84	44.385
0.776	33.368
0.786	33.797
0.774	32.82
0.836	44.06
0.835	43.892
0.759	31.496
0.86	49.537
0.817	38.895
0.835	43.892
0.836	44.06
0.816	38.749
0.86	49.537
0.834	43.746
0.843	44.808
0.842	44.678
0.778	33.563
0.789	34.578
0.788	34.454
0.84	44.385
0.842	44.678
0.841	44.557
0.814	38.461
0.845	45.092
0.761	31.883
0.77	31.971
0.82	39.43
