P=? [ F (x=9&y=9&crashed=0) ]	R{"cost"}=? [ C<=100 ]
0.679	26.857
0.881	55.302
0.679	26.857
0.718	29.641
0.756	31.095
0.877	54.671
0.864	50.635
0.826	43.797
0.851	49.062
0.848	45.744
0.824	40.551
0.795	37.688
0.702	27.636
0.792	35.405
0.686	27.511
0.877	54.671
0.864	50.635
0.816	38.924
0.714	28.996
0.756	31.095
0.784	33.876
0.807	38.827
0.779	33.87
0.705	28.156
0.714	28.996
0.763	32.229
0.863	50.544
0.862	49.77
0.77	32.258
0.792	35.405
0.705	28.156
0.852	49.171
0.778	33.375
0.704	28.124
0.8	37.844
0.858	49.592
0.788	34.497
0.841	44.537
0.832	43.992
0.775	33.193
0.684	27.406
0.836	44.11
0.684	27.406
0.759	31.653
0.76	31.863
0.762	32.024
0.79	34.665
0.824	40.551
0.717	29.324
0.858	49.592
0.791	34.844
0.771	32.262
0.787	34.221
0.772	32.676
0.774	32.791
0.835	43.998
0.804	38.442
0.758	31.346
0.832	43.992
0.777	33.207
0.848	45.744
0.823	40.093
0.88	55.273
0.878	54.824
0.795	37.688
0.841	44.537
0.836	44.11
0.852	49.171
0.82	39.471
0.851	49.062
0.806	38.664
0.787	34.221
0.819	39.373
0.817	39.028
0.802	38.024
0.826	43.797
0.717	29.324
0.8	37.844
0.878	54.824
0.86	49.62
0.842	44.685
0.844	44.972
0.844	44.972
0.842	44.685
0.847	45.565
0.846	45.298
0.702	27.636
0.686	27.511
0.822	39.913
0.821	39.65
0.817	39.028
0.819	39.373
0.803	38.226
0.757	31.31
0.803	38.226
0.823	40.093
0.822	39.913
0.802	38.024
0.791	34.844
0.821	39.65
