P=? [ F (x=9&y=9&crashed=0) ]	R{"cost"}=? [ C<=100 ]
0.706	27.345
0.838	47.982
0.838	47.982
0.706	27.345
0.713	27.987
0.769	31.581
0.769	31.581
0.82	41.734
0.837	47.482
0.831	43.426
0.815	37.858
0.794	36.208
0.791	32.781
0.783	31.648
0.831	43.426
0.837	47.482
0.815	37.858
0.82	41.734
0.802	36.33
0.809	36.48
0.802	36.33
0.795	36.262
0.826	42.198
0.709	27.639
0.789	32.413
0.709	27.639
0.83	42.876
0.814	37.358
0.826	42.198
0.829	42.596
0.811	36.612
0.794	36.208
0.79	32.768
0.784	31.667
0.791	32.781
0.809	36.48
0.827	42.331
0.83	42.876
0.786	32.104
0.785	31.834
0.829	42.596
0.827	42.331
0.812	36.872
0.788	32.164
0.813	37.12
0.812	36.872
0.814	37.358
0.813	37.12
0.787	32.116
0.785	31.834
0.811	36.612
0.795	36.262
0.783	31.648
0.788	32.164
0.79	32.768
0.786	32.104
0.706	27.345
0.838	47.982
0.769	31.581
0.831	43.426
0.837	47.482
0.815	37.858
0.82	41.734
0.802	36.33
0.709	27.639
0.826	42.198
0.809	36.48
0.83	42.876
0.827	42.331
0.812	36.872
0.814	37.358
0.813	37.12
0.785	31.834
0.811	36.612
0.795	36.262
0.783	31.648
0.788	32.164
0.786	32.104
0.79	32.768
0.838	47.982
0.706	27.345
0.769	31.581
0.831	43.426
0.815	37.858
0.82	41.734
0.709	27.639
0.826	42.198
0.809	36.48
0.83	42.876
0.827	42.331
0.812	36.872
0.814	37.358
0.813	37.12
0.785	31.834
0.811	36.612
0.795	36.262
0.783	31.648
0.79	32.768
0.786	32.104
0.706	27.345
