P=? [ F (x=9&y=9&crashed=0) ]	R{"cost"}=? [ C<=100 ]
0.864	74.074
0.729	32.106
0.729	32.106
0.864	74.074
0.737	32.725
0.775	33.243
0.863	64.111
0.794	36.475
0.791	33.282
0.775	33.243
0.855	58.974
0.852	57.247
0.847	52.121
0.862	63.836
0.81	36.52
0.831	46.569
0.83	42.872
0.818	40.944
0.815	37.776
0.844	51.314
0.839	48.244
0.852	57.247
0.737	32.725
0.853	58.7
0.839	48.244
0.862	63.836
0.855	58.974
0.847	52.121
0.844	51.314
0.826	42.08
0.815	37.776
0.838	47.272
0.818	40.944
0.822	41.689
0.834	46.575
0.794	36.475
0.791	33.282
0.836	46.856
0.814	37.358
0.826	42.08
0.822	41.689
0.819	41.279
0.821	41.686
0.82	41.354
0.811	36.662
0.812	36.992
0.834	46.575
0.814	37.358
0.813	37.072
0.83	42.872
0.836	46.856
0.846	51.857
0.828	42.5
0.829	42.591
0.827	42.219
0.845	51.576
0.838	47.272
0.837	46.992
0.863	64.111
0.846	51.857
0.845	51.576
0.811	36.662
0.827	42.219
0.837	46.992
0.829	42.591
0.828	42.5
0.813	37.072
0.812	36.992
0.82	41.354
0.819	41.279
0.81	36.52
0.831	46.569
0.821	41.686
0.864	74.074
0.729	32.106
0.775	33.243
0.852	57.247
0.737	32.725
0.839	48.244
0.862	63.836
0.855	58.974
0.847	52.121
0.844	51.314
0.815	37.776
0.818	40.944
0.794	36.475
0.791	33.282
0.826	42.08
0.822	41.689
0.834	46.575
0.814	37.358
0.83	42.872
0.836	46.856
0.863	64.111
0.845	51.576
0.811	36.662
0.827	42.219
0.837	46.992
0.829	42.591
0.828	42.5
