P=? [ F (x=9&y=9&crashed=0) ]	R{"cost"}=? [ C<=100 ]
0.847	53.37
0.775	32.569
0.847	53.37
0.775	32.569
0.839	47.982
0.815	37.735
0.792	33.042
0.813	37.06
0.837	47.469
0.846	53.239
0.79	32.699
0.792	33.042
0.831	43.35
0.813	37.06
0.821	41.722
0.846	53.239
0.823	42.34
0.831	43.35
0.821	41.722
0.829	42.77
0.822	41.97
0.838	47.508
0.829	42.77
0.823	42.34
0.814	37.311
0.79	32.699
0.83	42.983
0.814	37.311
0.83	42.983
0.838	47.508
0.775	32.569
0.847	53.37
0.792	33.042
0.813	37.06
0.838	47.508
0.831	43.35
0.846	53.239
0.829	42.77
0.823	42.34
0.79	32.699
0.814	37.311
0.83	42.983
0.775	32.569
0.847	53.37
0.792	33.042
0.813	37.06
0.831	43.35
0.846	53.239
0.829	42.77
0.823	42.34
0.79	32.699
0.814	37.311
0.83	42.983
0.847	53.37
0.775	32.569
0.792	33.042
0.813	37.06
0.831	43.35
0.846	53.239
0.829	42.77
0.823	42.34
0.79	32.699
0.814	37.311
0.83	42.983
0.847	53.37
0.792	33.042
0.813	37.06
0.831	43.35
0.846	53.239
0.829	42.77
0.823	42.34
0.79	32.699
0.814	37.311
0.83	42.983
0.847	53.37
0.813	37.06
0.831	43.35
0.846	53.239
0.814	37.311
0.83	42.983
0.813	37.06
0.831	43.35
0.846	53.239
0.814	37.311
0.83	42.983
0.813	37.06
0.831	43.35
0.814	37.311
0.83	42.983
0.83	42.983
0.814	37.311
0.814	37.311
0.814	37.311
0.814	37.311
0.814	37.311
0.814	37.311
0.813	37.06
0.83	42.983
0.814	37.311
0.813	37.06
