P=? [ F (x=9&y=9&crashed=0) ]	R{"cost"}=? [ C<=100 ]
0.865	44.924
0.716	26.769
0.716	26.769
0.865	44.924
0.767	27.846
0.818	29.281
0.827	32.673
0.74	27.709
0.856	40.093
0.842	38.037
0.858	43.207
0.719	27.336
0.84	35.167
0.736	27.521
0.789	27.928
0.772	27.897
0.789	27.928
0.803	28.01
0.818	29.281
0.814	28.865
0.807	28.012
0.814	28.865
0.827	32.673
0.852	39.006
0.861	43.667
0.839	35.08
0.837	34.258
0.856	40.093
0.807	28.012
0.862	44.391
0.854	39.396
0.833	33.59
0.832	32.952
0.836	34.176
0.834	33.596
0.736	27.521
0.74	27.709
0.851	38.516
0.803	28.01
0.863	44.489
0.771	27.848
0.846	38.296
0.846	38.296
0.842	38.037
0.861	43.667
0.859	43.361
0.853	39.296
0.848	38.318
0.859	43.361
0.858	43.207
0.829	32.695
0.854	39.396
0.863	44.489
0.84	35.167
0.839	35.08
0.837	34.258
0.836	34.176
0.85	38.473
0.85	38.473
0.83	32.845
0.848	38.318
0.834	33.596
0.853	39.296
0.862	44.391
0.831	32.907
0.83	32.845
0.832	32.952
0.831	32.907
0.851	38.516
0.772	27.897
0.829	32.695
0.833	33.59
0.771	27.848
0.865	44.924
0.716	26.769
0.789	27.928
0.818	29.281
0.814	28.865
0.827	32.673
0.856	40.093
0.807	28.012
0.736	27.521
0.74	27.709
0.846	38.296
0.842	38.037
0.861	43.667
0.859	43.361
0.858	43.207
0.854	39.396
0.863	44.489
0.84	35.167
0.839	35.08
0.836	34.176
0.848	38.318
0.834	33.596
0.853	39.296
0.862	44.391
0.83	32.845
0.832	32.952
0.831	32.907
