P=? [ F (x=9&y=9&crashed=0) ]	R{"cost"}=? [ C<=100 ]
0.773	28.378
0.916	55.155
0.773	28.378
0.801	29.216
0.907	50.05
0.801	29.216
0.828	32.844
0.898	45.45
0.906	49.809
0.781	29.11
0.828	32.844
0.88	42.959
0.842	34.122
0.879	39.91
0.844	37.123
0.896	44.967
0.874	39.462
0.898	45.45
0.907	50.05
0.855	37.664
0.906	49.809
0.884	44.279
0.856	37.977
0.889	44.934
0.88	42.959
0.847	37.317
0.863	38.794
0.863	38.794
0.869	39.453
0.833	33.525
0.778	28.891
0.838	33.706
0.856	37.977
0.884	44.279
0.778	28.891
0.878	39.812
0.774	28.421
0.865	38.979
0.842	34.122
0.84	33.779
0.781	29.11
0.774	28.421
0.868	39.228
0.867	39.206
0.838	33.706
0.832	33.372
0.844	37.123
0.878	39.812
0.855	37.664
0.847	37.317
0.831	33.348
0.83	33.065
0.84	33.779
0.888	44.692
0.886	44.509
0.886	44.509
0.866	39.003
0.83	33.065
0.829	32.875
0.833	33.525
0.845	37.291
0.888	44.692
0.887	44.533
0.879	39.91
0.889	44.934
0.829	32.875
0.866	39.003
0.887	44.533
0.831	33.348
0.846	37.314
0.845	37.291
0.869	39.453
0.846	37.314
0.773	28.378
0.801	29.216
0.828	32.844
0.898	45.45
0.906	49.809
0.88	42.959
0.863	38.794
0.884	44.279
0.778	28.891
0.856	37.977
0.781	29.11
0.838	33.706
0.844	37.123
0.855	37.664
0.847	37.317
0.84	33.779
0.907	50.05
0.886	44.509
0.866	39.003
0.83	33.065
0.833	33.525
0.889	44.934
0.878	39.812
0.888	44.692
0.879	39.91
0.829	32.875
0.887	44.533
