P=? [ F (x=9&y=9&crashed=0) ]	R{"cost"}=? [ C<=100 ]
0.623	22.722
0.896	45.385
0.896	45.385
0.623	22.722
0.698	26.71
0.698	26.71
0.717	27.117
0.761	27.558
0.88	43.215
0.857	38.445
0.855	35.086
0.878	40.086
0.805	30.659
0.794	28.35
0.83	32.678
0.83	32.678
0.805	30.659
0.772	27.896
0.715	26.74
0.761	27.558
0.832	32.922
0.889	44.196
0.88	43.215
0.802	29.678
0.799	28.802
0.874	39.368
0.873	39.122
0.84	33.797
0.771	27.849
0.889	44.196
0.838	33.213
0.865	38.981
0.802	29.678
0.852	34.676
0.857	38.445
0.803	30.096
0.877	39.735
0.847	33.86
0.803	30.096
0.855	35.086
0.863	38.929
0.797	28.633
0.772	27.896
0.863	38.929
0.717	27.117
0.878	40.086
0.851	34.264
0.852	34.676
0.85	34.256
0.848	33.866
0.877	39.735
0.895	45.033
0.892	44.515
0.891	44.267
0.894	44.791
0.716	26.8
0.839	33.491
0.838	33.213
0.771	27.849
0.839	33.491
0.894	44.791
0.892	44.515
0.799	28.802
0.895	45.033
0.795	28.415
0.795	28.415
0.873	39.122
0.865	38.981
0.798	28.704
0.85	34.256
0.848	33.866
0.891	44.267
0.798	28.704
0.847	33.86
0.84	33.797
0.716	26.8
0.715	26.74
0.864	38.956
0.864	38.956
0.851	34.264
0.623	22.722
0.805	30.659
0.761	27.558
0.88	43.215
0.889	44.196
0.802	29.678
0.857	38.445
0.803	30.096
0.855	35.086
0.863	38.929
0.717	27.117
0.878	40.086
0.877	39.735
0.771	27.849
0.839	33.491
0.894	44.791
0.892	44.515
0.799	28.802
0.795	28.415
0.873	39.122
