P=? [ F (x=9&y=9&crashed=0) ]	R{"cost"}=? [ C<=100 ]
0.917	49.913
0.758	27.427
0.917	49.913
0.758	27.427
0.911	49.136
0.794	31.988
0.9	44.822
0.789	29.523
0.778	27.558
0.887	42.984
0.882	39.947
0.859	37.321
0.825	32.303
0.811	32.258
0.809	32.011
0.789	29.523
0.852	35.337
0.911	49.136
0.9	44.822
0.875	38.524
0.782	28.039
0.865	38.119
0.859	37.321
0.832	33.406
0.782	28.039
0.882	39.947
0.852	35.337
0.894	43.778
0.838	33.574
0.881	39.526
0.84	33.693
0.887	42.984
0.794	31.988
0.862	37.653
0.848	34.799
0.846	34.64
0.898	44.205
0.862	37.653
0.914	49.488
0.891	43.557
0.827	32.714
0.875	38.524
0.865	38.119
0.85	35.186
0.842	34.048
0.914	49.488
0.842	34.048
0.844	34.298
0.899	44.542
0.864	37.929
0.848	34.799
0.846	34.64
0.899	44.542
0.864	37.929
0.781	27.768
0.89	43.428
0.889	43.167
0.895	44.016
0.876	38.762
0.88	39.303
0.878	39.1
0.877	38.878
0.891	43.557
0.827	32.714
0.843	34.253
0.896	44.072
0.78	27.751
0.83	33.122
0.829	32.934
0.844	34.298
0.825	32.303
0.915	49.66
0.85	35.186
0.838	33.574
0.78	27.751
0.829	32.934
0.828	32.78
0.831	33.257
0.916	49.767
0.88	39.303
0.879	39.161
0.831	33.257
0.83	33.122
0.898	44.205
0.896	44.072
0.89	43.428
0.851	35.213
0.81	32.134
0.81	32.134
0.877	38.878
0.876	38.762
0.916	49.767
0.915	49.66
0.839	33.679
0.889	43.167
0.888	43.064
0.888	43.064
0.828	32.78
0.879	39.161
0.878	39.1
