P=? [ F (x=9&y=9&crashed=0) ]	R{"cost"}=? [ C<=100 ]
0.935	55.268
0.78	33.103
0.935	55.268
0.78	33.103
0.88	39.924
0.931	54.299
0.918	50.183
0.818	33.271
0.85	36.836
0.827	34.156
0.797	33.238
0.883	42.473
0.85	36.836
0.827	34.156
0.872	39.64
0.797	33.238
0.904	47.421
0.901	45.147
0.918	50.183
0.931	54.299
0.826	34.105
0.868	39.151
0.896	43.851
0.822	33.627
0.912	49.192
0.897	44.37
0.822	33.627
0.883	42.473
0.868	39.151
0.892	43.824
0.887	42.942
0.863	38.852
0.905	47.602
0.911	48.826
0.898	44.55
0.888	43.233
0.887	42.942
0.904	47.421
0.855	37.587
0.932	54.324
0.917	49.738
0.889	43.305
0.915	49.278
0.901	45.147
0.852	37.337
0.851	36.96
0.934	54.922
0.908	48.258
0.907	47.913
0.858	38.212
0.857	37.877
0.861	38.755
0.86	38.43
0.917	49.738
0.916	49.415
0.934	54.922
0.933	54.608
0.863	38.852
0.9	45.037
0.899	44.74
0.933	54.608
0.91	48.764
0.909	48.503
0.906	47.85
0.909	48.503
0.908	48.258
0.89	43.535
0.856	37.798
0.899	44.74
0.891	43.695
0.89	43.535
0.859	38.368
0.858	38.212
0.916	49.415
0.891	43.695
0.851	36.96
0.854	37.477
0.9	45.037
0.915	49.278
0.857	37.877
0.856	37.798
0.854	37.477
0.853	37.406
0.853	37.406
0.852	37.337
0.862	38.784
0.907	47.913
0.906	47.85
0.86	38.43
0.91	48.764
0.859	38.368
0.862	38.784
0.861	38.755
0.896	43.851
0.78	33.103
0.935	55.268
0.85	36.836
0.827	34.156
0.797	33.238
0.918	50.183
