P=? [ F (x=9&y=9&crashed=0) ]	R{"cost"}=? [ C<=100 ]
0.692	27.107
0.862	53.537
0.862	53.537
0.692	27.107
0.73	28.144
0.821	41.403
0.723	27.353
0.859	52.98
0.853	48.669
0.82	37.772
0.753	31.595
0.753	31.595
0.842	46.886
0.837	43.88
0.8	36.172
0.785	33.266
0.774	32.005
0.785	33.266
0.8	36.172
0.76	31.913
0.804	36.71
0.816	36.884
0.832	41.695
0.836	43.592
0.835	42.247
0.853	48.669
0.859	52.98
0.837	43.88
0.844	47.156
0.851	48.075
0.849	47.636
0.755	31.909
0.76	31.913
0.842	46.886
0.78	32.615
0.849	47.636
0.844	47.156
0.726	27.611
0.82	37.772
0.819	37.402
0.784	33.074
0.778	32.257
0.852	48.391
0.85	47.776
0.832	41.695
0.821	41.403
0.836	43.592
0.776	32.127
0.861	53.257
0.852	48.391
0.776	32.127
0.835	42.247
0.834	41.97
0.819	37.402
0.818	37.135
0.843	46.908
0.723	27.353
0.781	32.849
0.729	28.085
0.728	27.852
0.725	27.599
0.724	27.374
0.727	27.821
0.803	36.505
0.754	31.791
0.779	32.443
0.802	36.428
0.801	36.248
0.816	36.884
0.804	36.71
0.779	32.443
0.783	33.072
0.782	32.904
0.817	37.028
0.833	41.837
0.85	47.776
0.86	53.119
0.861	53.257
0.86	53.119
0.834	41.97
0.833	41.837
0.778	32.257
0.754	31.791
0.818	37.135
0.817	37.028
0.803	36.505
0.802	36.428
0.801	36.248
0.729	28.085
0.782	32.904
0.781	32.849
0.728	27.852
0.727	27.821
0.843	46.908
0.724	27.374
0.725	27.599
0.755	31.909
0.783	33.072
0.692	27.107
0.785	33.266
