P=? [ F (x=9&y=9&crashed=0) ]	R{"cost"}=? [ C<=100 ]
0.871	59.006
0.729	28.401
0.871	59.006
0.729	28.401
0.734	31.98
0.863	54.257
0.853	48.5
0.855	52.77
0.837	42.707
0.824	41.705
0.763	32.251
0.842	46.651
0.745	32.237
0.783	33.114
0.801	36.615
0.821	38.206
0.731	28.562
0.764	32.728
0.778	32.928
0.786	36.338
0.863	54.257
0.787	36.517
0.819	37.567
0.807	37.284
0.745	32.237
0.847	48.289
0.855	52.77
0.833	41.854
0.825	41.838
0.842	46.651
0.804	36.813
0.846	47.597
0.843	47.11
0.821	38.206
0.779	32.965
0.786	36.338
0.783	33.114
0.835	42.519
0.834	42.003
0.846	47.597
0.843	47.11
0.731	28.562
0.82	37.75
0.805	37.187
0.819	37.567
0.807	37.284
0.847	48.289
0.764	32.728
0.82	37.75
0.834	42.003
0.836	42.558
0.779	32.965
0.73	28.514
0.787	36.517
0.806	37.239
0.805	37.187
0.73	28.514
0.806	37.239
0.836	42.558
0.835	42.519
0.833	41.854
0.825	41.838
0.763	32.251
0.871	59.006
0.729	28.401
0.863	54.257
0.745	32.237
0.855	52.77
0.842	46.651
0.836	42.558
0.821	38.206
0.779	32.965
0.786	36.338
0.783	33.114
0.846	47.597
0.843	47.11
0.731	28.562
0.819	37.567
0.787	36.517
0.82	37.75
0.834	42.003
0.805	37.187
0.73	28.514
0.806	37.239
0.835	42.519
0.833	41.854
0.825	41.838
0.763	32.251
0.729	28.401
0.871	59.006
0.763	32.251
0.863	54.257
0.745	32.237
0.855	52.77
0.842	46.651
0.779	32.965
0.836	42.558
0.821	38.206
0.783	33.114
0.843	47.11
