P=? [ F (x=9&y=9&crashed=0) ]	R{"cost"}=? [ C<=100 ]
0.854	58.198
0.637	26.586
0.637	26.586
0.854	58.198
0.851	57.837
0.845	48.603
0.668	27.093
0.725	27.563
0.731	28.554
0.773	31.786
0.822	42.232
0.666	26.668
0.844	48.465
0.837	44.014
0.821	38.186
0.8	36.535
0.783	33.125
0.773	31.786
0.731	28.554
0.783	33.125
0.8	36.535
0.802	36.673
0.815	36.858
0.832	42.641
0.837	44.014
0.844	48.465
0.845	48.603
0.851	57.837
0.668	27.093
0.834	42.966
0.725	27.563
0.819	37.582
0.818	37.133
0.832	42.641
0.822	42.232
0.836	43.612
0.836	43.612
0.835	43.235
0.777	32.211
0.776	31.988
0.82	37.909
0.819	37.582
0.73	28.246
0.779	32.462
0.782	32.831
0.821	38.186
0.82	37.909
0.835	43.235
0.779	32.462
0.777	32.211
0.666	26.668
0.727	27.787
0.726	27.587
0.729	28.092
0.728	27.901
0.815	36.858
0.802	36.673
0.833	42.784
0.776	31.988
0.774	31.808
0.774	31.808
0.78	32.62
0.782	32.831
0.781	32.675
0.73	28.246
0.729	28.092
0.833	42.784
0.817	37.029
0.816	36.89
0.853	58.06
0.852	57.974
0.801	36.54
0.728	27.901
0.727	27.787
0.818	37.133
0.817	37.029
0.853	58.06
0.852	57.974
0.781	32.675
0.78	32.62
0.816	36.89
0.726	27.587
0.801	36.54
0.854	58.198
0.637	26.586
0.773	31.786
0.731	28.554
0.783	33.125
0.8	36.535
0.837	44.014
0.844	48.465
0.845	48.603
0.851	57.837
0.668	27.093
0.725	27.563
0.832	42.641
0.819	37.582
0.821	38.186
0.82	37.909
0.779	32.462
