P=? [ F (x=9&y=9&crashed=0) ]	R{"cost"}=? [ C<=100 ]
0.818	41.578
0.628	26.265
0.628	26.265
0.818	41.578
0.817	36.939
0.714	27.424
0.746	31.59
0.666	26.668
0.73	28.224
0.798	36.027
0.782	32.769
0.714	27.424
0.666	26.668
0.647	26.272
0.782	32.769
0.629	26.268
0.746	31.59
0.73	28.224
0.798	36.027
0.814	36.553
0.801	36.299
0.656	26.624
0.725	27.572
0.765	31.916
0.652	26.377
0.757	31.851
0.753	31.717
0.767	31.95
0.775	32.013
0.778	32.225
0.753	31.717
0.647	26.272
0.757	31.851
0.655	26.495
0.777	32.022
0.781	32.509
0.814	36.553
0.801	36.299
0.78	32.345
0.729	28.13
0.728	27.898
0.727	27.785
0.726	27.602
0.781	32.509
0.725	27.572
0.815	36.697
0.775	32.013
0.767	31.95
0.817	36.939
0.816	36.796
0.8	36.163
0.8	36.163
0.799	36.033
0.78	32.345
0.655	26.495
0.728	27.898
0.727	27.785
0.816	36.796
0.815	36.697
0.729	28.13
0.656	26.624
0.726	27.602
0.777	32.022
0.799	36.033
0.629	26.268
0.628	26.265
0.818	41.578
0.714	27.424
0.666	26.668
0.746	31.59
0.73	28.224
0.798	36.027
0.753	31.717
0.647	26.272
0.757	31.851
0.814	36.553
0.801	36.299
0.781	32.509
0.725	27.572
0.775	32.013
0.767	31.95
0.817	36.939
0.8	36.163
0.78	32.345
0.728	27.898
0.727	27.785
0.816	36.796
0.815	36.697
0.729	28.13
0.726	27.602
0.629	26.268
0.818	41.578
0.628	26.265
0.746	31.59
0.73	28.224
0.798	36.027
0.753	31.717
0.647	26.272
0.757	31.851
0.814	36.553
