P=? [ F (x=9&y=9&crashed=0) ]	R{"cost"}=? [ C<=100 ]
0.811	62.85
0.587	30.242
0.587	30.242
0.811	62.85
0.679	35.485
0.626	35.281
0.809	62.535
0.802	57.575
0.787	53.151
0.596	30.534
0.788	56.981
0.603	33.8
0.622	34.099
0.605	33.865
0.711	39.459
0.68	35.588
0.693	35.819
0.801	57.264
0.789	57.218
0.767	49.271
0.766	47.651
0.749	44.597
0.707	37.997
0.591	30.442
0.719	40.489
0.744	43.231
0.772	50.109
0.727	40.613
0.624	35.254
0.802	57.575
0.782	52.089
0.773	51.013
0.596	30.534
0.603	33.8
0.786	53.023
0.749	44.597
0.699	36.954
0.623	34.385
0.744	43.231
0.779	51.436
0.758	46.56
0.757	45.911
0.782	52.089
0.729	40.867
0.707	37.997
0.752	45.07
0.76	46.778
0.696	36.17
0.769	49.353
0.716	39.966
0.763	47.127
0.77	49.816
0.702	37.104
0.713	39.61
0.786	53.023
0.705	37.684
0.753	45.456
0.736	42.183
0.777	51.219
0.739	42.416
0.762	46.785
0.732	41.38
0.742	42.903
0.703	37.425
0.734	41.898
0.78	51.735
0.771	49.831
0.755	45.622
0.735	41.951
0.694	36.095
0.741	42.632
0.739	42.416
0.717	40.122
0.78	51.735
0.766	47.651
0.765	47.299
0.626	35.281
0.777	51.219
0.751	44.889
0.755	45.622
0.714	39.77
0.706	37.695
0.717	40.122
0.774	51.021
0.751	44.889
0.757	45.911
0.623	34.385
0.697	36.456
0.698	36.671
0.743	42.954
0.727	40.613
0.719	40.489
0.733	41.646
0.703	37.425
0.733	41.646
0.788	56.981
0.736	42.183
0.693	35.819
0.731	41.311
0.73	41.088
