P=? [ F (x=9&y=9&crashed=0) ]	R{"cost"}=? [ C<=100 ]
0.688	26.857
0.85	48.951
0.85	48.951
0.688	26.857
0.844	44.183
0.84	43.501
0.828	39.757
0.759	33.729
0.71	26.888
0.824	39.094
0.731	28.695
0.783	35.023
0.793	37.644
0.806	39.015
0.754	31.687
0.716	27.948
0.775	33.797
0.754	31.687
0.783	35.023
0.739	29.772
0.739	29.772
0.757	32.096
0.84	43.501
0.828	39.757
0.793	37.644
0.712	27.301
0.716	27.948
0.797	38.378
0.781	34.314
0.736	29.49
0.844	44.183
0.801	38.849
0.735	29.011
0.825	39.631
0.806	39.015
0.796	37.771
0.757	32.096
0.8	38.598
0.842	44.059
0.713	27.543
0.779	34.296
0.733	28.975
0.714	27.587
0.841	43.716
0.778	34.032
0.732	28.728
0.737	29.715
0.8	38.598
0.797	38.378
0.841	43.716
0.795	37.757
0.775	33.797
0.759	33.729
0.777	33.997
0.827	39.709
0.714	27.587
0.777	33.997
0.71	26.888
0.801	38.849
0.781	34.314
0.842	44.059
0.824	39.094
0.827	39.709
0.825	39.631
0.794	37.696
0.794	37.696
0.738	29.752
0.737	29.715
0.733	28.975
0.778	34.032
0.732	28.728
0.738	29.752
0.779	34.296
0.796	37.771
0.688	26.857
0.754	31.687
0.828	39.757
0.716	27.948
0.844	44.183
0.757	32.096
0.8	38.598
0.797	38.378
0.841	43.716
0.759	33.729
0.714	27.587
0.777	33.997
0.71	26.888
0.824	39.094
0.827	39.709
0.825	39.631
0.794	37.696
0.737	29.715
0.778	34.032
0.732	28.728
0.796	37.771
0.754	31.687
0.828	39.757
0.716	27.948
0.844	44.183
0.757	32.096
