P=? [ F (x=9&y=9&crashed=0) ]	R{"cost"}=? [ C<=100 ]
0.852	49.319
0.652	26.575
0.652	26.575
0.737	29.969
0.704	26.852
0.715	27.886
0.85	48.998
0.842	44.369
0.839	43.911
0.826	39.331
0.806	38.038
0.799	37.215
0.781	34.707
0.758	33.07
0.781	34.707
0.755	31.925
0.799	37.215
0.762	33.716
0.823	38.881
0.775	33.741
0.826	39.331
0.75	31.469
0.839	43.911
0.75	31.469
0.711	27.297
0.85	48.998
0.842	44.369
0.823	38.881
0.711	27.297
0.705	26.911
0.801	37.536
0.778	34.389
0.751	31.627
0.805	37.887
0.777	34.017
0.8	37.306
0.705	26.911
0.762	33.716
0.805	37.887
0.801	37.536
0.751	31.627
0.78	34.43
0.777	34.017
0.825	39.171
0.824	39.041
0.841	44.217
0.84	44.063
0.84	44.063
0.841	44.217
0.775	33.741
0.825	39.171
0.824	39.041
0.779	34.416
0.78	34.43
0.779	34.416
0.652	26.575
0.781	34.707
0.799	37.215
0.826	39.331
0.839	43.911
0.75	31.469
0.85	48.998
0.823	38.881
0.842	44.369
0.711	27.297
0.777	34.017
0.705	26.911
0.762	33.716
0.751	31.627
0.84	44.063
0.841	44.217
0.775	33.741
0.825	39.171
0.824	39.041
0.78	34.43
0.652	26.575
0.781	34.707
0.799	37.215
0.826	39.331
0.839	43.911
0.85	48.998
0.823	38.881
0.842	44.369
0.711	27.297
0.777	34.017
0.705	26.911
0.751	31.627
0.75	31.469
0.841	44.217
0.775	33.741
0.825	39.171
0.824	39.041
0.78	34.43
0.652	26.575
0.781	34.707
0.799	37.215
0.826	39.331
0.85	48.998
0.823	38.881
0.842	44.369
