P=? [ F (x=9&y=9&crashed=0) ]	R{"cost"}=? [ C<=100 ]
0.878	59.025
0.725	30.766
0.878	59.025
0.725	30.766
0.866	53.532
0.875	58.772
0.871	54.473
0.845	47.975
0.739	32.677
0.862	49.501
0.844	44.058
0.816	41.483
0.804	38.443
0.755	33.008
0.837	43.212
0.794	37.926
0.773	35.804
0.804	38.443
0.783	37.348
0.824	42.677
0.816	41.483
0.769	35.313
0.759	33.493
0.759	33.493
0.769	35.313
0.731	31.725
0.781	36.899
0.801	37.988
0.736	32.245
0.781	36.899
0.871	54.473
0.795	37.939
0.736	32.245
0.757	33.265
0.875	58.772
0.862	49.501
0.823	42.621
0.851	48.488
0.849	48.173
0.731	31.725
0.782	36.909
0.771	35.383
0.772	35.754
0.729	31.143
0.783	37.348
0.855	48.514
0.824	42.677
0.846	48.13
0.755	33.008
0.822	42.107
0.87	54.023
0.817	41.494
0.728	31.137
0.803	38.071
0.728	31.137
0.861	49.263
0.86	48.903
0.821	42.053
0.819	41.738
0.841	43.596
0.84	43.301
0.87	54.023
0.869	53.732
0.867	53.558
0.857	48.603
0.802	38.002
0.839	43.294
0.77	35.32
0.844	44.058
0.843	43.815
0.821	42.053
0.861	49.263
0.818	41.723
0.859	48.832
0.858	48.615
0.758	33.478
0.819	41.738
0.843	43.815
0.842	43.624
0.729	31.143
0.85	48.298
0.85	48.298
0.869	53.732
0.868	53.637
0.868	53.637
0.856	48.526
0.86	48.903
0.859	48.832
0.838	43.224
0.803	38.071
0.822	42.107
0.795	37.939
0.846	48.13
0.842	43.624
0.841	43.596
0.855	48.514
0.851	48.488
0.758	33.478
0.818	41.723
0.858	48.615
