P=? [ F (x=9&y=9&crashed=0) ]	R{"cost"}=? [ C<=100 ]
0.863	60.252
0.678	27.969
0.863	60.252
0.678	27.969
0.862	49.591
0.725	30.931
0.856	48.616
0.844	44.146
0.781	37.126
0.725	30.931
0.821	42.193
0.838	43.171
0.813	41.1
0.794	37.805
0.738	32.626
0.844	44.146
0.749	33.196
0.769	35.274
0.806	39.829
0.761	34.788
0.806	39.829
0.838	43.171
0.821	42.193
0.736	32.187
0.755	33.768
0.732	31.734
0.757	34.361
0.749	33.196
0.738	32.626
0.73	31.43
0.794	37.805
0.774	36.147
0.815	41.257
0.736	32.187
0.732	31.734
0.819	41.753
0.804	39.258
0.775	36.278
0.751	33.408
0.86	49.194
0.842	43.637
0.751	33.408
0.797	38.093
0.805	39.314
0.76	34.672
0.761	34.788
0.779	36.81
0.858	48.892
0.727	31.237
0.818	41.613
0.817	41.511
0.759	34.46
0.843	44.002
0.839	43.205
0.754	33.766
0.754	33.766
0.773	35.797
0.84	43.355
0.802	39.045
0.777	36.371
0.798	38.415
0.728	31.335
0.779	36.81
0.82	42.058
0.778	36.52
0.842	43.637
0.84	43.355
0.757	34.361
0.729	31.38
0.861	49.447
0.802	39.045
0.799	38.617
0.798	38.415
0.772	35.664
0.771	35.483
0.726	31.06
0.857	48.787
0.859	49.063
0.778	36.52
0.801	38.896
0.771	35.483
0.77	35.338
0.862	49.591
0.843	44.002
0.861	49.447
0.795	37.948
0.816	41.398
0.8	38.757
0.799	38.617
0.801	38.896
0.8	38.757
0.82	42.058
0.773	35.797
0.772	35.664
0.859	49.063
0.726	31.06
0.796	38.067
0.795	37.948
0.816	41.398
0.857	48.787
