P=? [ F (x=9&y=9&crashed=0) ]	R{"cost"}=? [ C<=100 ]
0.86	49.036
0.704	26.825
0.704	26.825
0.86	49.036
0.858	48.745
0.843	43.799
0.785	37.271
0.839	43.224
0.826	39.333
0.823	38.901
0.806	38.095
0.781	34.669
0.843	43.799
0.858	48.745
0.839	43.224
0.798	37.292
0.826	39.333
0.749	31.476
0.739	30.091
0.739	30.091
0.771	33.559
0.76	33.44
0.758	33.153
0.749	31.476
0.724	28.441
0.757	32.097
0.716	27.95
0.724	28.441
0.775	33.758
0.728	28.679
0.736	29.746
0.781	34.669
0.731	29.053
0.735	29.369
0.771	33.559
0.731	29.053
0.728	28.679
0.78	34.436
0.712	27.257
0.708	26.857
0.716	27.95
0.752	31.514
0.777	34.017
0.78	34.436
0.777	34.017
0.805	37.946
0.713	27.631
0.804	37.839
0.734	29.306
0.736	29.746
0.756	31.911
0.754	31.837
0.84	43.508
0.714	27.9
0.713	27.631
0.71	27.05
0.734	29.306
0.799	37.325
0.712	27.257
0.71	27.05
0.759	33.359
0.824	39.106
0.757	32.097
0.753	31.661
0.825	39.174
0.842	43.646
0.859	48.883
0.801	37.512
0.8	37.364
0.753	31.661
0.859	48.883
0.776	33.879
0.842	43.646
0.841	43.514
0.802	37.635
0.801	37.512
0.776	33.879
0.709	26.93
0.803	37.72
0.76	33.44
0.803	37.72
0.802	37.635
0.759	33.359
0.756	31.911
0.754	31.837
0.709	26.93
0.825	39.174
0.824	39.106
0.715	27.939
0.714	27.9
0.8	37.364
0.752	31.514
0.708	26.857
0.715	27.939
0.841	43.514
0.84	43.508
0.704	26.825
0.86	49.036
0.843	43.799
0.858	48.745
