P=? [ F (x=9&y=9&crashed=0) ]	R{"cost"}=? [ C<=100 ]
0.687	26.921
0.861	49.395
0.844	44.031
0.827	40.031
0.858	48.803
0.839	43.224
0.823	38.958
0.799	37.283
0.781	34.697
0.781	34.697
0.799	37.283
0.806	38.118
0.858	48.803
0.762	33.705
0.775	33.82
0.839	43.224
0.753	32.481
0.743	32.056
0.731	31.558
0.705	28.587
0.71	28.821
0.842	43.67
0.717	30.002
0.694	27.847
0.697	28.137
0.692	27.313
0.806	38.118
0.738	31.61
0.705	28.587
0.716	29.362
0.725	30.813
0.728	31.099
0.714	29.318
0.826	39.419
0.859	49.263
0.696	28.064
0.803	37.65
0.78	34.42
0.777	34.109
0.693	27.343
0.697	28.137
0.714	29.318
0.724	30.728
0.721	30.3
0.709	28.782
0.753	32.481
0.743	32.056
0.776	33.849
0.688	26.93
0.729	31.165
0.688	26.93
0.759	33.341
0.718	30.231
0.724	30.728
0.742	32.013
0.739	31.675
0.72	30.273
0.739	31.675
0.78	34.42
0.777	34.109
0.76	33.4
0.742	32.013
0.84	43.375
0.721	30.3
0.84	43.375
0.801	37.527
0.762	33.705
0.755	32.795
0.754	32.594
0.729	31.165
0.709	28.782
0.757	33.047
0.756	32.854
0.76	33.4
0.758	33.153
0.731	31.558
0.805	37.969
0.804	37.804
0.826	39.419
0.825	39.26
0.824	39.115
0.804	37.804
0.8	37.378
0.805	37.969
0.825	39.26
0.824	39.115
0.859	49.263
0.801	37.527
0.775	33.82
0.754	32.594
0.758	33.153
0.757	33.047
0.8	37.378
0.756	32.854
0.755	32.795
0.738	31.61
0.716	29.362
0.718	30.231
0.693	27.343
0.799	37.283
