P=? [ F (x=9&y=9&crashed=0) ]	R{"cost"}=? [ C<=100 ]
0.889	49.591
0.777	28.008
0.889	49.591
0.777	28.008
0.84	31.786
0.789	28.264
0.881	44.919
0.789	28.264
0.888	49.328
0.878	43.624
0.873	40.587
0.86	37.064
0.857	34.156
0.873	40.587
0.857	34.156
0.888	49.328
0.869	38.792
0.843	32.168
0.871	39.586
0.855	33.026
0.871	39.586
0.86	37.064
0.865	38.249
0.851	32.55
0.846	32.359
0.869	38.792
0.88	44.624
0.879	43.908
0.862	37.658
0.847	32.362
0.851	32.55
0.865	38.249
0.854	32.89
0.841	31.79
0.864	37.875
0.854	32.89
0.862	37.658
0.855	33.026
0.88	44.624
0.879	43.908
0.841	31.79
0.847	32.362
0.863	37.801
0.864	37.875
0.863	37.801
0.889	49.591
0.777	28.008
0.789	28.264
0.841	31.79
0.873	40.587
0.857	34.156
0.888	49.328
0.871	39.586
0.86	37.064
0.869	38.792
0.851	32.55
0.865	38.249
0.854	32.89
0.862	37.658
0.879	43.908
0.847	32.362
0.864	37.875
0.863	37.801
0.889	49.591
0.789	28.264
0.841	31.79
0.873	40.587
0.857	34.156
0.888	49.328
0.871	39.586
0.86	37.064
0.869	38.792
0.851	32.55
0.865	38.249
0.854	32.89
0.862	37.658
0.879	43.908
0.847	32.362
0.864	37.875
0.863	37.801
0.889	49.591
0.789	28.264
0.841	31.79
0.873	40.587
0.857	34.156
0.888	49.328
0.871	39.586
0.86	37.064
0.869	38.792
0.865	38.249
0.854	32.89
0.862	37.658
0.847	32.362
0.879	43.908
0.864	37.875
0.863	37.801
0.889	49.591
0.789	28.264
0.841	31.79
0.873	40.587
