P=? [ F (x=9&y=9&crashed=0) ]	R{"cost"}=? [ C<=100 ]
0.888	49.204
0.813	27.914
0.813	27.914
0.888	49.204
0.848	32.393
0.828	29.28
0.887	49.096
0.881	44.783
0.848	32.393
0.828	29.28
0.857	33.969
0.859	37.015
0.877	43.513
0.873	40.489
0.819	28.382
0.881	44.783
0.87	38.828
0.865	38.026
0.887	49.096
0.825	28.919
0.873	40.489
0.857	33.969
0.854	32.894
0.863	37.61
0.819	28.382
0.865	38.026
0.877	43.513
0.855	33.037
0.851	32.699
0.87	38.828
0.851	32.699
0.816	27.96
0.871	39.461
0.816	27.96
0.872	40.026
0.871	39.461
0.879	44.218
0.878	43.668
0.825	28.919
0.872	40.026
0.86	37.166
0.859	37.015
0.862	37.463
0.855	33.037
0.826	29.011
0.88	44.42
0.862	37.463
0.86	37.166
0.814	27.925
0.826	29.011
0.88	44.42
0.879	44.218
0.878	43.668
0.814	27.925
0.888	49.204
0.813	27.914
0.848	32.393
0.828	29.28
0.881	44.783
0.887	49.096
0.873	40.489
0.857	33.969
0.819	28.382
0.865	38.026
0.877	43.513
0.87	38.828
0.851	32.699
0.816	27.96
0.871	39.461
0.825	28.919
0.872	40.026
0.859	37.015
0.855	33.037
0.862	37.463
0.86	37.166
0.826	29.011
0.88	44.42
0.814	27.925
0.813	27.914
0.888	49.204
0.848	32.393
0.828	29.28
0.873	40.489
0.857	33.969
0.819	28.382
0.865	38.026
0.877	43.513
0.87	38.828
0.816	27.96
0.871	39.461
0.825	28.919
0.872	40.026
0.859	37.015
0.855	33.037
0.851	32.699
0.862	37.463
0.86	37.166
0.88	44.42
0.814	27.925
0.888	49.204
