P=? [ F (x=9&y=9&crashed=0) ]	R{"cost"}=? [ C<=100 ]
0.879	44.391
0.606	22.06
0.606	22.06
0.879	44.391
0.608	22.148
0.701	23.371
0.719	26.568
0.872	43.778
0.87	39.277
0.863	38.131
0.847	32.298
0.759	27.148
0.846	29.09
0.702	23.374
0.862	34.985
0.792	27.269
0.762	27.226
0.719	26.568
0.825	27.48
0.806	27.464
0.702	23.374
0.608	22.148
0.701	23.371
0.86	34.349
0.855	33.25
0.869	38.639
0.792	27.269
0.805	27.462
0.86	34.349
0.759	27.148
0.87	39.277
0.872	43.778
0.841	28.349
0.834	27.95
0.832	27.599
0.855	33.25
0.861	34.967
0.843	28.961
0.869	38.639
0.863	38.131
0.839	28.321
0.834	27.95
0.827	27.596
0.839	28.321
0.854	32.9
0.85	32.41
0.853	32.837
0.851	32.575
0.851	32.575
0.762	27.226
0.805	27.462
0.843	28.961
0.853	32.837
0.85	32.41
0.847	32.298
0.841	28.349
0.825	27.48
0.832	27.599
0.827	27.596
0.844	29.034
0.854	32.9
0.846	29.09
0.845	29.036
0.862	34.985
0.861	34.967
0.806	27.464
0.845	29.036
0.844	29.034
0.606	22.06
0.879	44.391
0.719	26.568
0.702	23.374
0.608	22.148
0.792	27.269
0.86	34.349
0.759	27.148
0.87	39.277
0.872	43.778
0.855	33.25
0.869	38.639
0.863	38.131
0.834	27.95
0.839	28.321
0.851	32.575
0.762	27.226
0.805	27.462
0.843	28.961
0.853	32.837
0.85	32.41
0.847	32.298
0.841	28.349
0.825	27.48
0.832	27.599
0.827	27.596
0.854	32.9
0.846	29.09
0.862	34.985
0.861	34.967
0.806	27.464
0.845	29.036
