P=? [ F (x=9&y=9&crashed=0) ]	R{"cost"}=? [ C<=100 ]
0.898	58.475
0.633	29.725
0.898	58.475
0.633	29.725
0.688	32.151
0.888	53.29
0.897	58.303
0.882	53.033
0.735	35.431
0.88	48.868
0.77	35.556
0.793	35.578
0.735	35.431
0.706	34.8
0.662	30.502
0.862	43.573
0.863	46.179
0.695	33.376
0.809	38.459
0.656	30.269
0.77	35.556
0.843	41.434
0.662	30.502
0.803	36.663
0.866	47.485
0.809	38.459
0.819	39.395
0.863	46.179
0.857	42.825
0.852	42.296
0.795	36.377
0.888	53.29
0.656	30.269
0.819	39.395
0.897	58.303
0.821	39.748
0.824	39.842
0.831	40.248
0.826	40.176
0.803	36.663
0.838	40.956
0.871	47.73
0.849	42.115
0.849	42.115
0.706	34.8
0.698	33.996
0.838	40.956
0.832	40.603
0.702	34.307
0.858	43.045
0.862	43.573
0.858	43.045
0.872	47.978
0.876	48.351
0.8	36.402
0.866	47.485
0.874	48.196
0.835	40.793
0.85	42.221
0.879	48.741
0.835	40.793
0.876	48.351
0.699	34.149
0.698	33.996
0.882	53.033
0.879	48.741
0.704	34.649
0.702	34.307
0.871	47.73
0.88	48.868
0.801	36.441
0.832	40.603
0.826	40.176
0.699	34.149
0.801	36.441
0.873	48.121
0.704	34.649
0.795	36.377
0.793	35.578
0.705	34.676
0.873	48.121
0.831	40.248
0.705	34.676
0.8	36.402
0.633	29.725
0.898	58.475
0.662	30.502
0.735	35.431
0.77	35.556
0.809	38.459
0.863	46.179
0.888	53.29
0.656	30.269
0.819	39.395
0.897	58.303
0.803	36.663
0.849	42.115
0.706	34.8
0.838	40.956
0.862	43.573
