P=? [ F (x=9&y=9&crashed=0) ]	R{"cost"}=? [ C<=100 ]
0.897	58.105
0.706	34.759
0.897	58.105
0.802	35.313
0.894	53.633
0.896	57.965
0.878	51.206
0.877	48.148
0.861	43.329
0.862	45.972
0.825	37.682
0.81	36.541
0.832	39.856
0.83	38.134
0.825	37.682
0.881	52.437
0.81	36.541
0.88	51.475
0.841	40.887
0.839	40.642
0.847	41.81
0.841	40.887
0.868	47.055
0.863	46.238
0.863	46.238
0.847	41.81
0.875	47.681
0.854	42.507
0.802	35.313
0.868	47.055
0.855	42.732
0.829	38.126
0.872	47.566
0.884	52.531
0.858	42.863
0.836	40.347
0.808	36.177
0.806	35.767
0.871	47.376
0.851	42.085
0.829	38.126
0.894	53.633
0.876	48.041
0.832	39.856
0.834	40.295
0.859	43.038
0.836	40.347
0.861	43.329
0.859	43.038
0.809	36.255
0.891	53.378
0.89	53.096
0.806	35.767
0.805	35.61
0.803	35.465
0.88	51.475
0.878	51.206
0.862	45.972
0.848	41.83
0.896	57.965
0.851	42.085
0.848	41.83
0.892	53.39
0.833	40.092
0.886	52.792
0.853	42.281
0.889	53.049
0.887	52.826
0.833	40.092
0.808	36.177
0.885	52.718
0.87	47.28
0.869	47.104
0.889	53.049
0.887	52.826
0.852	42.232
0.805	35.61
0.803	35.465
0.892	53.39
0.858	42.863
0.855	42.732
0.83	38.134
0.875	47.681
0.872	47.566
0.877	48.148
0.876	48.041
0.87	47.28
0.884	52.531
0.881	52.437
0.809	36.255
0.885	52.718
0.834	40.295
0.853	42.281
0.869	47.104
0.852	42.232
0.89	53.096
0.891	53.378
0.897	58.105
0.825	37.682
0.841	40.887
