P=? [ F (x=9&y=9&crashed=0) ]	R{"cost"}=? [ C<=100 ]
0.878	48.86
0.625	31.9
0.878	48.86
0.625	31.9
0.685	32.271
0.704	32.854
0.806	40.862
0.805	37.848
0.861	43.975
0.867	47.018
0.726	34.856
0.848	41.955
0.704	32.854
0.824	41.748
0.726	34.856
0.685	32.271
0.767	36.401
0.745	35.811
0.792	36.668
0.774	36.482
0.802	37.082
0.738	35.176
0.861	43.975
0.851	42.527
0.867	47.018
0.855	42.847
0.805	37.848
0.877	48.568
0.859	43.479
0.859	43.479
0.797	36.691
0.767	36.401
0.824	41.748
0.745	35.811
0.817	41.559
0.744	35.756
0.802	37.082
0.769	36.471
0.855	42.847
0.809	41.124
0.792	36.668
0.774	36.482
0.813	41.372
0.868	47.454
0.875	48.294
0.729	35.06
0.744	35.756
0.817	41.559
0.813	41.372
0.872	48.024
0.809	41.124
0.733	35.153
0.738	35.176
0.848	41.955
0.875	48.294
0.87	47.589
0.797	36.691
0.852	42.565
0.872	48.024
0.806	40.862
0.871	47.776
0.729	35.06
0.733	35.153
0.869	47.542
0.871	47.776
0.852	42.565
0.868	47.454
0.625	31.9
0.878	48.86
0.704	32.854
0.726	34.856
0.685	32.271
0.861	43.975
0.867	47.018
0.805	37.848
0.859	43.479
0.767	36.401
0.824	41.748
0.745	35.811
0.802	37.082
0.855	42.847
0.852	42.565
0.792	36.668
0.774	36.482
0.848	41.955
0.744	35.756
0.817	41.559
0.813	41.372
0.809	41.124
0.738	35.176
0.875	48.294
0.797	36.691
0.872	48.024
0.806	40.862
0.729	35.06
0.733	35.153
0.871	47.776
0.868	47.454
0.878	48.86
0.625	31.9
