P=? [ F (x=9&y=9&crashed=0) ]	R{"cost"}=? [ C<=100 ]
0.899	58.608
0.683	33.091
0.899	58.608
0.683	33.091
0.774	37.094
0.717	33.337
0.897	54.221
0.805	37.412
0.882	52.395
0.898	58.041
0.88	48.681
0.745	36.942
0.851	42.05
0.827	40.973
0.812	38.445
0.728	34.242
0.862	43.501
0.813	40.648
0.864	46.028
0.753	36.972
0.745	36.942
0.728	34.242
0.851	42.05
0.856	42.701
0.827	40.973
0.895	53.53
0.717	33.337
0.812	38.445
0.805	37.412
0.726	34.239
0.875	47.739
0.753	36.972
0.726	34.239
0.866	46.711
0.824	40.683
0.889	53.129
0.864	46.028
0.869	47.106
0.878	47.98
0.873	47.471
0.818	40.66
0.869	47.106
0.898	58.041
0.886	52.728
0.862	43.501
0.859	43.09
0.895	53.53
0.889	53.129
0.866	46.711
0.818	40.66
0.873	47.471
0.882	52.395
0.879	48.402
0.859	43.09
0.88	48.681
0.886	52.728
0.857	42.905
0.887	52.914
0.879	48.402
0.824	40.683
0.878	47.98
0.887	52.914
0.857	42.905
0.813	40.648
0.683	33.091
0.899	58.608
0.745	36.942
0.728	34.242
0.851	42.05
0.827	40.973
0.717	33.337
0.812	38.445
0.805	37.412
0.753	36.972
0.726	34.239
0.864	46.028
0.857	42.905
0.869	47.106
0.862	43.501
0.889	53.129
0.866	46.711
0.818	40.66
0.873	47.471
0.882	52.395
0.859	43.09
0.88	48.681
0.886	52.728
0.879	48.402
0.824	40.683
0.878	47.98
0.887	52.914
0.898	58.041
0.813	40.648
0.683	33.091
0.899	58.608
0.745	36.942
0.851	42.05
0.728	34.242
0.827	40.973
0.859	43.09
