P=? [ F (x=9&y=9&crashed=0) ]	R{"cost"}=? [ C<=100 ]
0.584	29.46
0.879	48.519
0.584	29.46
0.879	48.519
0.707	35.147
0.795	35.409
0.694	31.257
0.864	46.482
0.863	44.078
0.633	29.689
0.633	29.689
0.695	33.374
0.6	29.469
0.666	29.741
0.679	30.313
0.824	37.485
0.679	30.313
0.83	38.664
0.807	36.055
0.83	38.664
0.816	37.265
0.6	29.469
0.832	39.78
0.866	47.504
0.807	36.055
0.803	35.444
0.847	41.622
0.838	40.631
0.694	31.257
0.7	33.697
0.865	46.679
0.847	41.622
0.838	40.631
0.872	47.597
0.795	35.409
0.667	29.742
0.859	43.709
0.816	37.265
0.851	41.997
0.853	42.55
0.706	34.629
0.667	29.742
0.848	41.87
0.858	43.142
0.817	37.44
0.834	40.152
0.874	48.006
0.876	48.112
0.702	34.082
0.832	39.78
0.862	43.792
0.824	37.485
0.837	40.397
0.696	33.539
0.704	34.353
0.704	34.353
0.702	34.082
0.834	40.152
0.863	44.078
0.706	34.629
0.707	35.147
0.837	40.397
0.855	42.597
0.876	48.112
0.803	35.444
0.858	43.142
0.857	42.914
0.865	46.679
0.864	46.482
0.851	41.997
0.856	42.774
0.874	48.006
0.695	33.374
0.696	33.539
0.872	47.597
0.857	42.914
0.856	42.774
0.853	42.55
0.866	47.504
0.862	43.792
0.859	43.709
0.666	29.741
0.855	42.597
0.817	37.44
0.584	29.46
0.879	48.519
0.633	29.689
0.679	30.313
0.83	38.664
0.6	29.469
0.807	36.055
0.694	31.257
0.847	41.622
0.838	40.631
0.795	35.409
0.816	37.265
0.667	29.742
0.832	39.78
0.824	37.485
0.704	34.353
