P=? [ F (x=9&y=9&crashed=0) ]	R{"cost"}=? [ C<=100 ]
0.779	36.893
0.89	62.974
0.89	62.974
0.779	36.893
0.826	41.461
0.878	48.443
0.879	53.092
0.883	57.954
0.861	43.602
0.799	37.326
0.881	53.64
0.843	41.643
0.811	38.299
0.889	62.452
0.888	58.729
0.811	38.299
0.865	47.137
0.826	41.461
0.807	37.94
0.861	43.602
0.855	42.707
0.8	37.327
0.875	48.293
0.807	37.94
0.855	42.707
0.843	41.643
0.851	42.425
0.85	42.012
0.874	47.784
0.847	41.943
0.847	41.943
0.865	47.137
0.854	42.426
0.881	53.64
0.8	37.327
0.869	47.26
0.872	47.592
0.889	62.452
0.888	58.729
0.887	58.214
0.88	53.139
0.886	58.197
0.883	57.954
0.799	37.326
0.872	47.592
0.869	47.26
0.868	47.199
0.866	47.192
0.886	58.197
0.873	47.653
0.85	42.012
0.873	47.653
0.88	53.139
0.887	58.214
0.868	47.199
0.866	47.192
0.854	42.426
0.851	42.425
0.89	62.974
0.779	36.893
0.811	38.299
0.826	41.461
0.861	43.602
0.807	37.94
0.855	42.707
0.843	41.643
0.847	41.943
0.865	47.137
0.881	53.64
0.8	37.327
0.889	62.452
0.888	58.729
0.883	57.954
0.872	47.592
0.869	47.26
0.886	58.197
0.873	47.653
0.88	53.139
0.887	58.214
0.868	47.199
0.866	47.192
0.854	42.426
0.851	42.425
0.779	36.893
0.89	62.974
0.811	38.299
0.826	41.461
0.861	43.602
0.807	37.94
0.855	42.707
0.843	41.643
0.847	41.943
0.865	47.137
0.881	53.64
0.88	53.139
0.8	37.327
0.889	62.452
0.888	58.729
0.883	57.954
0.872	47.592
