P=? [ F (x=9&y=9&crashed=0) ]	R{"cost"}=? [ C<=100 ]
0.688	34.164
0.898	58.272
0.898	58.272
0.688	34.164
0.741	37.806
0.807	38.33
0.721	37.211
0.888	57.11
0.887	52.724
0.881	52.007
0.879	48.537
0.698	36.596
0.82	41.605
0.862	46.188
0.741	37.806
0.812	38.928
0.861	43.52
0.832	42.046
0.851	42.288
0.705	37.024
0.698	36.596
0.832	42.046
0.823	41.84
0.812	38.928
0.82	41.605
0.705	37.024
0.807	38.33
0.854	42.447
0.897	57.728
0.867	47.113
0.864	46.637
0.856	42.99
0.811	38.65
0.864	46.637
0.894	57.641
0.891	57.37
0.891	57.37
0.851	42.288
0.859	43.042
0.862	46.188
0.823	41.84
0.882	52.212
0.885	52.278
0.87	47.278
0.867	47.113
0.811	38.65
0.881	52.007
0.879	48.537
0.894	57.641
0.855	42.76
0.888	57.11
0.861	43.52
0.86	43.274
0.877	48.095
0.876	47.85
0.887	52.724
0.886	52.483
0.878	48.332
0.877	48.095
0.86	43.274
0.855	42.76
0.886	52.483
0.878	48.332
0.875	47.78
0.871	47.475
0.873	47.583
0.875	47.78
0.87	47.278
0.873	47.583
0.872	47.58
0.871	47.475
0.897	57.728
0.876	47.85
0.885	52.278
0.882	52.212
0.859	43.042
0.872	47.58
0.898	58.272
0.688	34.164
0.741	37.806
0.698	36.596
0.832	42.046
0.812	38.928
0.82	41.605
0.705	37.024
0.807	38.33
0.864	46.637
0.891	57.37
0.862	46.188
0.823	41.84
0.867	47.113
0.811	38.65
0.881	52.007
0.879	48.537
0.894	57.641
0.888	57.11
0.861	43.52
0.887	52.724
0.86	43.274
0.855	42.76
