P=? [ F (x=9&y=9&crashed=0) ]	R{"cost"}=? [ C<=100 ]
0.862	48.741
0.641	25.449
0.862	48.741
0.641	25.449
0.861	44.175
0.856	43.383
0.852	38.766
0.793	31.428
0.72	26.787
0.687	26.6
0.747	27.63
0.838	37.311
0.829	34.551
0.777	28.742
0.729	27.464
0.683	25.601
0.663	25.566
0.774	28.301
0.664	25.574
0.756	28.234
0.809	31.578
0.793	31.428
0.777	28.742
0.72	26.787
0.838	37.311
0.729	27.464
0.829	34.551
0.753	28.228
0.828	34.483
0.856	43.383
0.818	32.753
0.686	26.044
0.82	33.112
0.753	28.228
0.843	38.045
0.842	37.854
0.858	43.639
0.847	38.176
0.82	33.112
0.826	34.031
0.822	33.552
0.815	32.533
0.776	28.719
0.775	28.326
0.852	38.766
0.86	44.01
0.851	38.7
0.848	38.33
0.848	38.33
0.858	43.639
0.825	33.945
0.823	33.585
0.685	25.945
0.818	32.753
0.812	31.975
0.841	37.672
0.839	37.492
0.81	31.755
0.756	28.234
0.851	38.7
0.86	44.01
0.81	31.755
0.815	32.533
0.812	31.975
0.813	32.182
0.685	25.945
0.826	34.031
0.825	33.945
0.814	32.344
0.687	26.6
0.841	37.672
0.839	37.492
0.814	32.344
0.813	32.182
0.809	31.578
0.823	33.585
0.822	33.552
0.683	25.601
0.847	38.176
0.843	38.045
0.663	25.566
0.686	26.044
0.664	25.574
0.775	28.326
0.776	28.719
0.862	48.741
0.641	25.449
0.793	31.428
0.777	28.742
0.72	26.787
0.838	37.311
0.729	27.464
0.829	34.551
0.856	43.383
0.753	28.228
0.82	33.112
0.848	38.33
0.858	43.639
0.818	32.753
0.756	28.234
