P=? [ F (x=9&y=9&crashed=0) ]	R{"cost"}=? [ C<=100 ]
0.854	43.687
0.634	25.389
0.854	43.687
0.634	25.389
0.84	37.796
0.772	31.002
0.851	43.204
0.846	38.686
0.828	34.339
0.771	27.957
0.705	27.047
0.688	26.364
0.795	31.637
0.729	27.407
0.726	27.103
0.795	31.637
0.767	27.762
0.749	27.672
0.664	25.562
0.747	27.566
0.646	25.528
0.664	25.562
0.682	25.617
0.705	27.047
0.808	31.639
0.828	34.339
0.688	26.364
0.645	25.486
0.635	25.422
0.772	31.002
0.851	43.204
0.845	38.681
0.844	38.1
0.685	25.8
0.815	32.768
0.814	32.306
0.826	33.973
0.812	32.008
0.819	33.054
0.824	33.808
0.767	27.762
0.846	38.686
0.827	34.297
0.685	25.8
0.727	27.104
0.843	38.095
0.814	32.306
0.852	43.496
0.82	33.345
0.822	33.544
0.822	33.544
0.817	32.937
0.81	31.957
0.824	33.808
0.729	27.407
0.817	32.937
0.771	27.957
0.853	43.682
0.852	43.496
0.821	33.369
0.843	38.095
0.815	32.768
0.809	31.789
0.826	33.973
0.747	27.566
0.809	31.789
0.684	25.652
0.812	32.008
0.819	33.054
0.749	27.672
0.727	27.104
0.645	25.486
0.635	25.422
0.748	27.614
0.726	27.103
0.682	25.617
0.81	31.957
0.748	27.614
0.827	34.297
0.646	25.528
0.821	33.369
0.82	33.345
0.684	25.652
0.683	25.629
0.683	25.629
0.844	38.1
0.845	38.681
0.853	43.682
0.854	43.687
0.634	25.389
0.843	38.095
0.795	31.637
0.664	25.562
0.705	27.047
0.828	34.339
0.688	26.364
0.772	31.002
0.767	27.762
0.846	38.686
0.685	25.8
