P=? [ F (x=9&y=9&crashed=0) ]	R{"cost"}=? [ C<=100 ]
0.873	54.335
0.686	26.858
0.873	54.335
0.686	26.858
0.688	26.865
0.729	27.686
0.865	52.63
0.864	47.771
0.856	44.308
0.855	39.777
0.795	31.591
0.773	31.532
0.859	47.23
0.856	44.308
0.833	37.084
0.831	34.857
0.744	29.475
0.735	28.118
0.759	30.862
0.74	29.293
0.798	32.079
0.744	29.475
0.819	33.176
0.759	30.862
0.809	32.151
0.869	53.784
0.853	39.391
0.765	31.353
0.865	52.63
0.773	31.532
0.847	38.14
0.729	27.686
0.842	38.135
0.827	34.196
0.823	33.907
0.731	27.762
0.851	38.546
0.828	34.705
0.869	53.784
0.837	37.583
0.825	34.111
0.823	33.907
0.814	32.564
0.872	54.124
0.863	47.565
0.733	28.109
0.841	37.953
0.834	37.26
0.86	47.388
0.859	47.23
0.813	32.287
0.85	38.528
0.798	32.079
0.841	37.953
0.838	37.588
0.741	29.364
0.795	31.591
0.872	54.124
0.761	30.864
0.834	37.26
0.815	32.738
0.85	38.528
0.764	31.189
0.831	34.857
0.847	38.14
0.838	37.588
0.764	31.189
0.762	30.901
0.817	32.839
0.818	32.949
0.855	39.777
0.854	39.578
0.854	39.578
0.762	30.901
0.765	31.353
0.863	47.565
0.86	47.388
0.811	32.215
0.851	38.546
0.733	28.109
0.828	34.705
0.741	29.364
0.818	32.949
0.817	32.839
0.815	32.738
0.809	32.151
0.813	32.287
0.811	32.215
0.81	32.188
0.81	32.188
0.873	54.335
0.686	26.858
0.856	44.308
0.744	29.475
0.759	30.862
0.733	28.109
0.865	52.63
0.773	31.532
0.729	27.686
0.869	53.784
