P=? [ F (x=9&y=9&crashed=0) ]	R{"cost"}=? [ C<=100 ]
0.786	27.575
0.955	55.973
0.955	55.973
0.786	27.575
0.954	50.932
0.925	40.763
0.929	44.724
0.944	45.936
0.89	34.917
0.835	29.954
0.858	32.195
0.829	29.228
0.894	38.009
0.835	29.954
0.818	29.203
0.858	32.195
0.944	45.936
0.941	44.918
0.868	33.794
0.798	28.305
0.877	33.972
0.908	38.968
0.806	28.502
0.917	39.08
0.877	33.972
0.902	38.893
0.884	34.052
0.898	38.677
0.922	39.78
0.908	38.968
0.886	34.461
0.861	32.201
0.798	28.305
0.894	38.009
0.81	28.697
0.793	28.025
0.813	28.948
0.806	28.502
0.929	44.724
0.942	45.244
0.789	27.654
0.902	38.893
0.922	39.78
0.92	39.208
0.942	45.244
0.865	32.902
0.79	27.96
0.918	39.103
0.886	34.461
0.885	34.086
0.867	33.579
0.866	33.214
0.862	32.565
0.81	28.697
0.895	38.365
0.921	39.547
0.866	33.214
0.793	28.025
0.863	32.672
0.813	28.948
0.921	39.547
0.865	32.902
0.863	32.672
0.867	33.579
0.812	28.911
0.792	27.985
0.812	28.911
0.941	44.918
0.868	33.794
0.897	38.528
0.896	38.506
0.895	38.365
0.917	39.08
0.862	32.565
0.92	39.208
0.884	34.052
0.789	27.654
0.885	34.086
0.792	27.985
0.79	27.96
0.897	38.528
0.896	38.506
0.786	27.575
0.955	55.973
0.835	29.954
0.858	32.195
0.944	45.936
0.877	33.972
0.908	38.968
0.798	28.305
0.894	38.009
0.929	44.724
0.902	38.893
0.886	34.461
0.81	28.697
0.866	33.214
0.793	28.025
0.921	39.547
0.865	32.902
0.863	32.672
