P=? [ F (x=9&y=9&crashed=0) ]	R{"cost"}=? [ C<=100 ]
0.795	27.484
0.946	50.75
0.795	27.484
0.892	37.794
0.943	45.295
0.944	50.423
0.938	44.345
0.925	40.234
0.891	35.115
0.916	38.679
0.826	28.454
0.848	30.219
0.866	33.331
0.848	30.219
0.882	33.635
0.805	28.252
0.858	32.254
0.925	40.234
0.938	44.345
0.842	29.098
0.835	28.615
0.816	28.404
0.816	28.404
0.805	28.252
0.858	32.254
0.94	44.674
0.916	38.679
0.835	28.615
0.892	37.794
0.841	29.042
0.888	34.499
0.863	32.837
0.862	32.349
0.885	34.25
0.883	33.661
0.865	32.92
0.888	34.499
0.919	39.134
0.918	38.794
0.922	39.617
0.921	39.283
0.924	39.901
0.942	44.962
0.841	29.042
0.882	33.635
0.866	33.331
0.942	44.962
0.924	39.901
0.922	39.617
0.945	50.706
0.944	50.423
0.86	32.307
0.886	34.292
0.886	34.292
0.885	34.25
0.86	32.307
0.883	33.661
0.921	39.283
0.919	39.134
0.918	38.794
0.865	32.92
0.863	32.837
0.945	50.706
0.862	32.349
0.795	27.484
0.848	30.219
0.925	40.234
0.938	44.345
0.816	28.404
0.805	28.252
0.858	32.254
0.841	29.042
0.916	38.679
0.835	28.615
0.892	37.794
0.888	34.499
0.882	33.635
0.866	33.331
0.942	44.962
0.922	39.617
0.944	50.423
0.885	34.25
0.86	32.307
0.883	33.661
0.921	39.283
0.919	39.134
0.918	38.794
0.865	32.92
0.863	32.837
0.945	50.706
0.862	32.349
0.795	27.484
0.848	30.219
0.925	40.234
0.938	44.345
0.805	28.252
0.858	32.254
0.841	29.042
0.835	28.615
0.888	34.499
