P=? [ F (x=9&y=9&crashed=0) ]	R{"cost"}=? [ C<=100 ]
0.915	50.1
0.674	26.913
0.915	50.1
0.674	26.913
0.913	49.545
0.893	44.326
0.897	44.891
0.88	40.119
0.681	27.46
0.854	37.77
0.846	34.792
0.708	27.762
0.77	32.217
0.756	29.474
0.791	32.251
0.757	31.247
0.897	44.891
0.742	28.596
0.717	28.025
0.731	28.044
0.861	38.963
0.874	39.058
0.88	40.119
0.708	27.762
0.846	34.792
0.792	32.272
0.854	37.77
0.811	32.393
0.802	32.378
0.681	27.46
0.802	32.378
0.763	31.432
0.717	28.025
0.824	33.2
0.748	29.119
0.879	40.058
0.836	33.501
0.737	28.565
0.831	33.495
0.839	34.186
0.816	32.396
0.831	33.495
0.878	39.519
0.748	29.119
0.733	28.266
0.819	32.937
0.823	33.011
0.77	32.217
0.765	31.859
0.764	31.836
0.758	31.253
0.751	29.138
0.838	33.826
0.765	31.859
0.817	32.593
0.856	38.312
0.855	37.981
0.914	49.771
0.737	28.565
0.732	28.095
0.753	29.448
0.895	44.416
0.733	28.266
0.86	38.763
0.824	33.2
0.817	32.593
0.812	32.394
0.843	34.288
0.857	38.569
0.856	38.312
0.896	44.636
0.858	38.722
0.845	34.547
0.914	49.771
0.896	44.636
0.855	37.981
0.837	33.7
0.752	29.323
0.844	34.472
0.763	31.432
0.758	31.253
0.841	34.228
0.857	38.569
0.878	39.519
0.877	39.372
0.821	32.965
0.841	34.228
0.875	39.187
0.838	33.826
0.837	33.7
0.752	29.323
0.821	32.965
0.819	32.937
0.792	32.272
0.876	39.291
0.875	39.187
0.874	39.058
0.861	38.963
0.895	44.416
0.877	39.372
