P=? [ F (x=9&y=9&crashed=0) ]	R{"cost"}=? [ C<=100 ]
0.898	45.163
0.676	26.954
0.898	45.163
0.676	26.954
0.884	43.979
0.882	40.623
0.854	37.968
0.848	35.427
0.748	28.376
0.686	27.454
0.794	32.162
0.77	32.143
0.711	27.692
0.705	27.461
0.763	31.279
0.761	30.028
0.73	27.928
0.796	32.25
0.728	27.833
0.814	32.339
0.862	39.045
0.824	33.41
0.854	37.968
0.767	32.134
0.875	39.109
0.763	31.279
0.752	29.061
0.757	29.481
0.834	33.438
0.879	40.053
0.893	44.208
0.845	34.556
0.686	27.454
0.877	39.317
0.846	35.133
0.886	44.205
0.757	29.481
0.848	35.427
0.857	38.61
0.749	29.006
0.761	30.028
0.819	32.459
0.73	27.928
0.897	44.934
0.894	44.435
0.823	33.006
0.841	33.88
0.711	27.692
0.839	33.581
0.748	28.376
0.861	38.771
0.882	40.623
0.881	40.27
0.82	32.873
0.843	34.28
0.897	44.934
0.894	44.435
0.841	33.88
0.847	35.19
0.706	27.484
0.879	40.053
0.877	39.317
0.843	34.28
0.836	33.539
0.767	32.134
0.816	32.435
0.728	27.833
0.881	40.27
0.821	33.0
0.706	27.484
0.858	38.65
0.857	38.61
0.885	44.012
0.876	39.13
0.844	34.466
0.77	32.143
0.796	32.25
0.75	29.056
0.82	32.873
0.839	33.581
0.836	33.539
0.861	38.771
0.858	38.65
0.884	43.979
0.834	33.438
0.794	32.162
0.815	32.345
0.844	34.466
0.814	32.339
0.875	39.109
0.862	39.045
0.749	29.006
0.885	44.012
0.824	33.41
0.819	32.459
0.816	32.435
0.876	39.13
0.705	27.461
0.823	33.006
0.815	32.345
