P=? [ F (x=9&y=9&crashed=0) ]	R{"cost"}=? [ C<=100 ]
0.669	27.496
0.899	45.507
0.899	45.507
0.669	27.496
0.683	28.148
0.727	28.234
0.883	43.917
0.782	30.392
0.882	40.728
0.855	38.135
0.849	35.398
0.816	32.422
0.816	32.422
0.782	30.392
0.732	28.323
0.748	28.327
0.752	28.393
0.767	28.536
0.683	28.148
0.876	39.141
0.78	29.747
0.826	33.452
0.893	44.197
0.865	38.837
0.885	44.185
0.773	29.237
0.772	28.648
0.877	39.316
0.847	35.058
0.856	38.31
0.855	38.135
0.834	33.525
0.776	29.374
0.849	35.398
0.819	32.462
0.88	40.412
0.879	39.943
0.898	45.392
0.897	44.93
0.878	39.772
0.78	29.747
0.862	38.737
0.862	38.737
0.856	38.31
0.727	28.234
0.865	38.837
0.776	29.374
0.896	44.742
0.894	44.385
0.846	34.723
0.732	28.323
0.876	39.141
0.824	33.161
0.822	32.954
0.82	32.667
0.82	32.667
0.836	33.536
0.839	33.607
0.883	43.917
0.896	44.742
0.894	44.385
0.848	35.303
0.843	34.383
0.842	34.139
0.844	34.457
0.838	33.566
0.767	28.536
0.752	28.393
0.824	33.161
0.842	34.139
0.841	33.921
0.882	40.728
0.881	40.531
0.769	28.576
0.897	44.93
0.846	34.723
0.845	34.544
0.879	39.943
0.878	39.772
0.841	33.921
0.84	33.761
0.84	33.761
0.834	33.525
0.826	33.452
0.769	28.576
0.822	32.954
0.823	33.02
0.773	29.237
0.863	38.795
0.881	40.531
0.88	40.412
0.75	28.353
0.898	45.392
0.75	28.353
0.848	35.303
0.885	44.185
0.845	34.544
0.748	28.327
0.843	34.383
0.772	28.648
