P=? [ F (x=9&y=9&crashed=0) ]	R{"cost"}=? [ C<=100 ]
0.829	52.294
0.73	36.417
0.829	52.294
0.821	47.885
0.783	38.686
0.827	51.837
0.789	41.869
0.806	43.813
0.812	46.967
0.75	36.539
0.76	37.375
0.772	37.43
0.806	43.813
0.827	51.837
0.819	47.45
0.795	42.195
0.813	47.161
0.812	46.967
0.8	42.849
0.756	36.621
0.789	41.869
0.791	42.173
0.751	36.566
0.797	42.373
0.82	47.682
0.773	37.438
0.797	42.373
0.776	37.454
0.805	43.395
0.778	37.604
0.782	38.466
0.781	38.099
0.757	36.917
0.819	47.45
0.813	47.161
0.79	41.899
0.779	37.847
0.781	38.099
0.78	37.858
0.828	52.073
0.828	52.073
0.782	38.466
0.759	37.166
0.804	43.392
0.803	43.189
0.759	37.166
0.758	36.99
0.802	43.025
0.801	42.856
0.803	43.189
0.802	43.025
0.777	37.599
0.75	36.539
0.758	36.99
0.757	36.917
0.772	37.43
0.756	36.621
0.76	37.375
0.751	36.566
0.79	41.899
0.791	42.173
0.776	37.454
0.78	37.858
0.779	37.847
0.801	42.856
0.777	37.599
0.805	43.395
0.804	43.392
0.829	52.294
0.806	43.813
0.827	51.837
0.812	46.967
0.789	41.869
0.797	42.373
0.801	42.856
0.813	47.161
0.828	52.073
0.782	38.466
0.759	37.166
0.803	43.189
0.802	43.025
0.777	37.599
0.75	36.539
0.758	36.99
0.757	36.917
0.772	37.43
0.756	36.621
0.76	37.375
0.751	36.566
0.79	41.899
0.791	42.173
0.78	37.858
0.779	37.847
0.805	43.395
0.804	43.392
0.829	52.294
0.806	43.813
0.812	46.967
0.789	41.869
0.797	42.373
