P=? [ F (x=9&y=9&crashed=0) ]	R{"cost"}=? [ C<=100 ]
0.774	28.421
0.907	54.286
0.907	54.286
0.774	28.421
0.804	29.711
0.858	38.622
0.831	33.11
0.898	49.396
0.796	28.91
0.804	29.711
0.906	50.128
0.855	35.051
0.897	45.296
0.831	33.11
0.879	42.697
0.878	39.799
0.796	28.91
0.865	38.699
0.832	33.402
0.847	33.852
0.84	33.751
0.866	39.01
0.84	33.751
0.873	39.11
0.851	34.262
0.88	42.947
0.855	35.051
0.904	49.693
0.885	44.177
0.851	34.262
0.89	44.197
0.881	43.787
0.847	33.852
0.877	39.526
0.897	45.296
0.896	44.855
0.832	33.402
0.904	49.693
0.898	49.396
0.883	43.881
0.878	39.799
0.874	39.375
0.892	44.537
0.891	44.282
0.879	42.697
0.895	44.826
0.894	44.582
0.906	50.128
0.905	49.887
0.885	44.177
0.883	43.881
0.875	39.376
0.905	49.887
0.877	39.526
0.875	39.376
0.873	39.11
0.866	39.01
0.891	44.282
0.882	43.869
0.881	43.787
0.896	44.855
0.895	44.826
0.894	44.582
0.893	44.556
0.89	44.197
0.893	44.556
0.892	44.537
0.882	43.869
0.874	39.375
0.907	54.286
0.774	28.421
0.804	29.711
0.831	33.11
0.796	28.91
0.84	33.751
0.851	34.262
0.855	35.051
0.847	33.852
0.897	45.296
0.832	33.402
0.904	49.693
0.898	49.396
0.878	39.799
0.879	42.697
0.885	44.177
0.883	43.881
0.905	49.887
0.877	39.526
0.875	39.376
0.873	39.11
0.866	39.01
0.891	44.282
0.881	43.787
0.896	44.855
0.895	44.826
0.89	44.197
0.882	43.869
0.774	28.421
0.804	29.711
0.831	33.11
