P=? [ F (x=9&y=9&crashed=0) ]	R{"cost"}=? [ C<=100 ]
0.891	45.586
0.62	22.68
0.62	22.68
0.891	45.586
0.717	26.801
0.884	44.545
0.859	38.839
0.667	26.628
0.881	40.366
0.783	27.507
0.738	27.433
0.666	26.551
0.666	26.551
0.858	35.777
0.83	32.801
0.819	30.512
0.819	30.512
0.79	27.908
0.874	39.231
0.718	26.997
0.808	28.141
0.734	27.248
0.834	33.797
0.83	32.801
0.818	29.337
0.847	33.829
0.855	35.332
0.853	34.641
0.814	28.607
0.784	27.693
0.815	29.236
0.884	44.545
0.855	35.332
0.853	34.641
0.85	34.201
0.831	33.314
0.811	28.186
0.734	27.248
0.85	34.201
0.881	40.366
0.858	35.777
0.789	27.818
0.814	28.607
0.874	39.231
0.859	38.839
0.88	40.064
0.878	39.907
0.877	39.607
0.886	44.926
0.875	39.522
0.89	45.4
0.887	45.111
0.833	33.451
0.738	27.433
0.848	33.88
0.89	45.4
0.887	45.111
0.886	44.926
0.718	26.997
0.808	28.141
0.79	27.908
0.811	28.186
0.717	26.801
0.667	26.628
0.88	40.064
0.878	39.907
0.848	33.88
0.789	27.818
0.817	29.302
0.832	33.433
0.831	33.314
0.809	28.164
0.877	39.607
0.875	39.522
0.783	27.507
0.817	29.302
0.815	29.236
0.847	33.829
0.834	33.797
0.809	28.164
0.833	33.451
0.832	33.433
0.891	45.586
0.62	22.68
0.666	26.551
0.83	32.801
0.884	44.545
0.855	35.332
0.853	34.641
0.734	27.248
0.783	27.507
0.85	34.201
0.881	40.366
0.858	35.777
0.814	28.607
0.874	39.231
0.859	38.839
0.738	27.433
0.789	27.818
0.89	45.4
