P=? [ F (x=9&y=9&crashed=0) ]	R{"cost"}=? [ C<=100 ]
0.69	23.504
0.898	45.372
0.69	23.504
0.898	45.372
0.701	27.574
0.787	28.338
0.739	28.221
0.824	30.226
0.858	38.475
0.881	43.678
0.697	23.551
0.739	28.221
0.88	40.046
0.857	35.381
0.838	33.453
0.8	29.145
0.818	29.356
0.873	39.07
0.838	33.453
0.851	34.582
0.795	28.556
0.701	27.574
0.891	44.48
0.843	34.317
0.891	44.48
0.881	43.678
0.841	33.783
0.857	35.381
0.852	34.667
0.82	29.749
0.878	39.871
0.875	39.224
0.873	39.07
0.852	34.667
0.819	29.394
0.82	29.749
0.893	44.495
0.796	28.848
0.897	45.037
0.84	33.465
0.894	44.863
0.875	39.224
0.842	34.133
0.696	23.537
0.692	23.512
0.8	29.145
0.843	34.317
0.878	39.871
0.895	45.012
0.795	28.556
0.798	29.016
0.818	29.356
0.842	34.133
0.894	44.863
0.874	39.077
0.692	23.512
0.798	29.016
0.88	40.046
0.879	39.925
0.797	28.906
0.797	28.906
0.879	39.925
0.897	45.037
0.696	23.537
0.895	45.012
0.893	44.495
0.84	33.465
0.874	39.077
0.898	45.372
0.69	23.504
0.739	28.221
0.838	33.453
0.701	27.574
0.881	43.678
0.857	35.381
0.852	34.667
0.82	29.749
0.875	39.224
0.8	29.145
0.843	34.317
0.878	39.871
0.795	28.556
0.818	29.356
0.842	34.133
0.894	44.863
0.692	23.512
0.798	29.016
0.88	40.046
0.797	28.906
0.879	39.925
0.696	23.537
0.895	45.012
0.893	44.495
0.84	33.465
0.874	39.077
0.898	45.372
0.69	23.504
0.739	28.221
0.838	33.453
0.857	35.381
