P=? [ F (x=9&y=9&crashed=0) ]	R{"cost"}=? [ C<=100 ]
0.621	23.099
0.854	49.486
0.854	49.486
0.844	48.407
0.721	31.169
0.838	44.685
0.626	26.31
0.818	41.977
0.778	32.908
0.679	26.822
0.71	27.937
0.815	38.72
0.651	26.691
0.702	27.386
0.795	37.378
0.781	33.481
0.68	26.96
0.783	35.773
0.755	31.461
0.76	32.177
0.737	31.385
0.809	37.461
0.791	36.856
0.735	31.219
0.649	26.57
0.638	26.498
0.638	26.498
0.721	31.169
0.71	27.937
0.702	27.386
0.831	43.394
0.831	43.394
0.852	49.07
0.76	32.177
0.828	42.816
0.781	33.481
0.708	27.928
0.626	26.31
0.758	31.997
0.834	43.977
0.708	27.928
0.85	48.925
0.824	42.27
0.789	36.309
0.818	41.977
0.85	48.925
0.826	42.623
0.837	44.562
0.835	44.112
0.814	38.596
0.812	38.148
0.786	35.795
0.68	26.96
0.828	42.816
0.757	31.627
0.834	43.977
0.81	37.812
0.815	38.72
0.825	42.273
0.787	36.106
0.824	42.27
0.835	44.112
0.814	38.596
0.837	44.562
0.812	38.148
0.811	38.025
0.81	37.812
0.788	36.3
0.787	36.106
0.826	42.623
0.851	48.929
0.756	31.599
0.759	32.133
0.736	31.354
0.651	26.691
0.785	35.781
0.811	38.025
0.789	36.309
0.783	35.773
0.65	26.605
0.809	37.461
0.755	31.461
0.737	31.385
0.735	31.219
0.759	32.133
0.65	26.605
0.736	31.354
0.757	31.627
0.756	31.599
0.788	36.3
0.785	35.781
0.851	48.929
0.825	42.273
0.638	26.498
0.721	31.169
0.71	27.937
0.702	27.386
0.831	43.394
0.76	32.177
0.626	26.31
