P=? [ F (x=9&y=9&crashed=0) ]	R{"cost"}=? [ C<=100 ]
0.626	26.409
0.844	48.26
0.842	48.119
0.834	43.858
0.696	28.675
0.817	41.713
0.811	37.852
0.707	30.991
0.641	26.901
0.667	27.136
0.831	43.468
0.784	35.689
0.778	32.88
0.781	33.547
0.794	37.162
0.737	31.409
0.755	31.463
0.76	32.166
0.82	42.084
0.708	31.038
0.667	27.136
0.641	26.901
0.679	27.166
0.721	31.167
0.807	37.423
0.688	27.633
0.722	31.213
0.82	42.084
0.629	26.821
0.734	31.223
0.834	43.858
0.789	36.213
0.778	32.88
0.691	27.672
0.781	33.547
0.842	48.119
0.681	27.37
0.817	41.713
0.76	32.166
0.794	37.162
0.693	28.132
0.693	28.132
0.759	32.117
0.811	37.852
0.789	36.213
0.627	26.414
0.758	31.651
0.787	36.03
0.786	35.753
0.628	26.81
0.832	43.476
0.681	27.37
0.81	37.804
0.809	37.466
0.818	41.946
0.788	36.093
0.807	37.423
0.756	31.517
0.735	31.227
0.785	35.701
0.808	37.432
0.818	41.946
0.679	27.166
0.721	31.167
0.736	31.297
0.832	43.476
0.757	31.614
0.629	26.821
0.736	31.297
0.755	31.463
0.81	37.804
0.758	31.651
0.757	31.614
0.809	37.466
0.628	26.81
0.734	31.223
0.722	31.213
0.832	43.476
0.667	27.136
0.82	42.084
0.834	43.858
0.842	48.119
0.781	33.547
0.817	41.713
0.76	32.166
0.794	37.162
0.693	28.132
0.811	37.852
0.789	36.213
0.807	37.423
0.818	41.946
0.679	27.166
0.629	26.821
0.736	31.297
0.81	37.804
0.758	31.651
0.757	31.614
0.809	37.466
0.628	26.81
0.734	31.223
