P=? [ F (x=9&y=9&crashed=0) ]	R{"cost"}=? [ C<=100 ]
0.862	49.684
0.614	26.309
0.862	49.684
0.614	26.309
0.858	48.886
0.845	44.776
0.68	26.938
0.824	41.982
0.815	38.917
0.65	26.594
0.701	28.39
0.707	30.986
0.627	26.406
0.649	26.539
0.754	31.426
0.784	34.425
0.735	31.202
0.772	32.443
0.786	35.945
0.858	48.886
0.845	44.776
0.806	37.318
0.76	32.395
0.734	31.198
0.699	27.806
0.72	31.15
0.793	37.237
0.841	44.016
0.709	31.068
0.69	27.776
0.625	26.327
0.815	38.917
0.824	41.982
0.701	28.39
0.72	31.15
0.831	43.385
0.615	26.323
0.775	32.708
0.841	44.016
0.784	34.425
0.683	27.532
0.756	31.565
0.831	43.385
0.781	33.796
0.861	49.264
0.78	33.433
0.778	32.845
0.791	37.012
0.758	32.143
0.781	33.796
0.827	42.46
0.68	26.938
0.812	38.295
0.844	44.419
0.707	30.986
0.83	43.253
0.828	42.788
0.825	42.291
0.78	33.433
0.828	42.788
0.79	36.59
0.789	36.301
0.861	49.264
0.786	35.945
0.807	37.582
0.811	38.1
0.81	37.728
0.843	44.384
0.814	38.572
0.65	26.594
0.754	31.426
0.79	36.59
0.787	36.227
0.687	27.657
0.813	38.538
0.683	27.532
0.756	31.565
0.627	26.406
0.83	43.253
0.809	37.7
0.735	31.202
0.687	27.657
0.808	37.598
0.759	32.195
0.811	38.1
0.708	31.0
0.788	36.293
0.685	27.585
0.792	37.075
0.685	27.585
0.758	32.143
0.649	26.539
0.843	44.384
0.699	27.806
0.778	32.845
0.777	32.821
0.826	42.346
0.777	32.821
0.806	37.318
0.793	37.237
