P=? [ F (x=9&y=9&crashed=0) ]	R{"cost"}=? [ C<=100 ]
0.828	44.35
0.602	22.667
0.828	44.35
0.602	22.667
0.815	43.217
0.81	37.931
0.779	35.762
0.695	31.242
0.614	26.314
0.612	23.47
0.694	27.861
0.728	31.401
0.646	26.839
0.668	27.049
0.762	33.507
0.644	26.487
0.709	31.362
0.626	26.318
0.762	33.507
0.603	23.224
0.74	31.558
0.79	36.69
0.626	26.318
0.708	31.3
0.681	27.379
0.671	27.365
0.76	33.436
0.822	43.276
0.69	27.651
0.825	43.786
0.798	36.942
0.798	36.942
0.786	36.067
0.759	32.748
0.75	31.93
0.804	36.995
0.683	27.609
0.81	37.931
0.745	31.856
0.823	43.51
0.827	44.208
0.807	37.27
0.805	37.007
0.612	23.47
0.682	27.607
0.789	36.461
0.754	32.199
0.756	32.51
0.754	32.199
0.786	36.067
0.692	27.85
0.808	37.564
0.789	36.461
0.787	36.188
0.644	26.487
0.669	27.303
0.756	32.51
0.809	37.814
0.808	37.564
0.806	37.253
0.603	23.224
0.752	31.942
0.827	44.208
0.753	31.978
0.787	36.188
0.668	27.049
0.67	27.334
0.757	32.665
0.824	43.643
0.69	27.651
0.824	43.643
0.809	37.814
0.692	27.85
0.743	31.713
0.742	31.611
0.614	26.314
0.744	31.772
0.745	31.856
0.761	33.506
0.758	32.732
0.757	32.665
0.822	43.276
0.744	31.772
0.743	31.713
0.708	31.3
0.695	31.242
0.742	31.611
0.741	31.562
0.683	27.609
0.709	31.362
0.753	31.978
0.669	27.303
0.806	37.253
0.759	32.748
0.758	32.732
0.681	27.379
0.671	27.365
0.694	27.861
0.741	31.562
0.761	33.506
