P=? [ F (x=9&y=9&crashed=0) ]	R{"cost"}=? [ C<=100 ]
0.863	54.925
0.674	28.237
0.863	54.925
0.674	28.237
0.762	32.667
0.862	49.794
0.85	48.595
0.845	44.723
0.71	31.098
0.816	41.811
0.815	38.716
0.778	35.628
0.675	28.462
0.693	28.491
0.7	28.794
0.778	35.628
0.754	31.545
0.722	31.266
0.735	31.27
0.742	31.519
0.757	32.525
0.801	37.366
0.722	31.266
0.791	36.639
0.801	37.366
0.71	31.098
0.826	42.448
0.841	43.779
0.7	28.794
0.809	37.577
0.819	42.345
0.845	44.723
0.858	48.826
0.756	31.65
0.833	43.577
0.811	37.847
0.85	48.595
0.737	31.347
0.842	44.143
0.791	36.639
0.785	35.773
0.781	35.726
0.844	44.254
0.861	49.414
0.859	48.857
0.828	42.986
0.813	38.654
0.812	38.127
0.861	49.414
0.789	36.356
0.788	35.908
0.79	36.428
0.83	43.292
0.696	28.673
0.862	49.794
0.809	37.577
0.696	28.673
0.818	42.225
0.817	41.911
0.693	28.491
0.74	31.487
0.812	38.127
0.829	43.016
0.832	43.561
0.83	43.292
0.826	42.448
0.858	48.826
0.841	43.779
0.833	43.577
0.859	48.857
0.828	42.986
0.699	28.784
0.832	43.561
0.698	28.772
0.735	31.27
0.74	31.487
0.818	42.225
0.844	44.254
0.756	31.65
0.817	41.911
0.816	41.811
0.698	28.772
0.789	36.356
0.78	35.702
0.779	35.638
0.786	35.832
0.815	38.716
0.814	38.664
0.788	35.908
0.787	35.857
0.829	43.016
0.675	28.462
0.741	31.514
0.787	35.857
0.786	35.832
0.78	35.702
0.779	35.638
0.814	38.664
0.813	38.654
0.741	31.514
