P=? [ F (x=9&y=9&crashed=0) ]	R{"cost"}=? [ C<=100 ]
0.614	26.218
0.852	48.773
0.852	48.773
0.614	26.218
0.785	35.663
0.843	44.731
0.85	48.311
0.707	30.969
0.815	41.636
0.811	38.487
0.637	26.872
0.666	27.032
0.76	33.76
0.697	28.763
0.76	33.76
0.736	31.335
0.843	44.731
0.688	27.638
0.674	27.631
0.721	31.324
0.719	31.302
0.625	26.313
0.811	38.487
0.841	43.871
0.709	31.11
0.697	28.763
0.744	31.803
0.635	26.642
0.809	37.65
0.628	26.58
0.788	35.868
0.821	42.906
0.757	32.683
0.759	33.648
0.789	36.489
0.84	43.858
0.826	43.754
0.792	37.076
0.85	48.311
0.825	43.566
0.821	42.906
0.833	43.77
0.671	27.485
0.791	36.705
0.746	32.113
0.75	32.167
0.758	33.06
0.833	43.77
0.815	41.636
0.851	48.404
0.694	28.103
0.82	42.369
0.818	41.92
0.825	43.566
0.806	37.389
0.752	32.228
0.695	28.513
0.668	27.229
0.786	35.854
0.797	37.295
0.742	31.512
0.758	33.06
0.755	32.432
0.696	28.647
0.74	31.479
0.798	37.307
0.805	37.369
0.801	37.319
0.667	27.044
0.819	42.211
0.709	31.11
0.818	41.92
0.753	32.395
0.626	26.423
0.69	27.702
0.627	26.472
0.801	37.319
0.691	27.844
0.808	37.621
0.738	31.471
0.693	28.066
0.691	27.844
0.669	27.356
0.797	37.295
0.792	37.076
0.674	27.631
0.666	27.032
0.637	26.872
0.689	27.687
0.82	42.369
0.79	36.547
0.819	42.211
0.746	32.113
0.695	28.513
0.693	28.066
0.755	32.432
0.669	27.356
0.742	31.512
0.636	26.766
0.809	37.65
