P=? [ F (x=9&y=9&crashed=0) ]	R{"cost"}=? [ C<=100 ]
0.869	53.69
0.616	26.724
0.869	53.69
0.86	48.962
0.706	31.043
0.866	53.094
0.665	30.526
0.781	35.818
0.645	30.284
0.749	35.676
0.834	44.1
0.74	35.492
0.725	32.222
0.645	30.284
0.805	38.3
0.812	41.342
0.835	46.981
0.847	47.742
0.725	32.222
0.74	35.492
0.665	30.526
0.866	53.094
0.802	37.738
0.834	44.1
0.829	43.033
0.655	30.521
0.717	31.421
0.855	48.209
0.709	31.399
0.815	41.698
0.749	35.676
0.793	37.278
0.822	41.7
0.812	41.342
0.839	47.578
0.741	35.511
0.648	30.424
0.857	48.408
0.655	30.521
0.805	38.3
0.829	43.033
0.855	48.209
0.824	41.891
0.786	36.161
0.827	42.468
0.785	35.903
0.802	37.738
0.793	37.278
0.825	42.342
0.857	48.408
0.828	42.879
0.804	38.295
0.72	31.757
0.792	37.245
0.791	36.948
0.789	36.668
0.788	36.379
0.803	38.012
0.803	38.012
0.724	31.953
0.791	36.948
0.79	36.69
0.723	31.916
0.719	31.623
0.836	47.211
0.835	46.981
0.838	47.558
0.837	47.342
0.719	31.623
0.824	41.891
0.783	35.897
0.647	30.349
0.707	31.223
0.787	36.34
0.708	31.225
0.814	41.528
0.741	35.511
0.839	47.578
0.723	31.916
0.72	31.757
0.828	42.879
0.837	47.342
0.836	47.211
0.717	31.421
0.813	41.47
0.826	42.455
0.825	42.342
0.783	35.897
0.822	41.7
0.648	30.424
0.647	30.349
0.814	41.528
0.813	41.47
0.788	36.379
0.787	36.34
0.724	31.953
0.792	37.245
0.79	36.69
0.709	31.399
0.789	36.668
