P=? [ F (x=9&y=9&crashed=0) ]	R{"cost"}=? [ C<=100 ]
0.623	27.011
0.819	53.358
0.819	53.358
0.623	27.011
0.681	28.653
0.812	52.032
0.734	32.747
0.699	32.651
0.806	47.655
0.79	43.676
0.799	46.673
0.746	36.9
0.685	31.382
0.744	34.22
0.775	41.414
0.766	38.91
0.818	53.353
0.681	28.653
0.812	52.032
0.775	41.414
0.79	43.676
0.766	38.91
0.694	32.185
0.799	46.673
0.806	47.655
0.781	42.121
0.689	32.058
0.752	37.262
0.696	32.586
0.763	38.18
0.748	37.079
0.786	43.028
0.739	33.473
0.737	32.964
0.777	41.905
0.69	32.143
0.788	43.201
0.685	31.382
0.687	31.599
0.743	34.186
0.742	33.729
0.765	38.463
0.805	47.39
0.757	37.388
0.785	42.655
0.803	47.043
0.805	47.39
0.803	47.043
0.697	32.644
0.748	37.079
0.746	36.9
0.787	43.039
0.788	43.201
0.762	37.884
0.778	41.93
0.759	37.61
0.687	31.599
0.754	37.306
0.782	42.372
0.802	46.812
0.734	32.747
0.699	32.651
0.764	38.394
0.778	41.93
0.737	32.964
0.736	32.909
0.761	37.844
0.76	37.665
0.739	33.473
0.744	34.22
0.736	32.909
0.777	41.905
0.686	31.443
0.741	33.644
0.74	33.51
0.784	42.587
0.783	42.468
0.758	37.506
0.758	37.506
0.783	42.468
0.782	42.372
0.742	33.729
0.741	33.644
0.757	37.388
0.802	46.812
0.754	37.306
0.801	46.73
0.765	38.463
0.764	38.394
0.785	42.655
0.784	42.587
0.686	31.443
0.76	37.665
0.69	32.143
0.762	37.884
0.801	46.73
0.761	37.844
0.8	46.69
0.74	33.51
0.743	34.186
