P=? [ F (x=9&y=9&crashed=0) ]	R{"cost"}=? [ C<=100 ]
0.906	50.247
0.62	22.383
0.906	50.247
0.62	22.383
0.813	28.184
0.695	23.119
0.738	28.0
0.698	23.512
0.9	49.659
0.881	40.267
0.898	45.335
0.883	44.284
0.718	27.059
0.858	35.777
0.859	38.864
0.831	33.043
0.721	27.699
0.824	30.252
0.718	27.059
0.738	28.0
0.839	33.339
0.847	33.822
0.884	44.293
0.839	33.339
0.695	23.119
0.831	33.043
0.874	39.297
0.822	30.186
0.82	29.396
0.847	33.822
0.817	28.949
0.851	34.234
0.866	39.225
0.817	28.949
0.824	30.252
0.875	39.312
0.877	39.727
0.891	44.666
0.853	34.682
0.851	34.234
0.813	28.184
0.855	34.977
0.864	39.176
0.864	39.176
0.897	45.155
0.853	34.682
0.903	50.015
0.902	49.736
0.891	44.666
0.818	29.307
0.856	35.328
0.857	35.426
0.859	38.864
0.905	50.043
0.855	34.977
0.896	45.038
0.894	44.743
0.898	45.335
0.879	39.984
0.878	39.741
0.896	45.038
0.9	49.659
0.866	39.225
0.88	40.15
0.879	39.984
0.82	29.396
0.88	40.15
0.894	44.743
0.883	44.284
0.822	30.186
0.857	35.426
0.856	35.328
0.902	49.736
0.823	30.192
0.819	29.346
0.893	44.73
0.892	44.68
0.819	29.346
0.818	29.307
0.905	50.043
0.903	50.015
0.878	39.741
0.892	44.68
0.893	44.73
0.823	30.192
0.62	22.383
0.906	50.247
0.718	27.059
0.738	28.0
0.839	33.339
0.695	23.119
0.831	33.043
0.847	33.822
0.817	28.949
0.824	30.252
0.851	34.234
0.878	39.741
0.864	39.176
0.853	34.682
0.883	44.284
