P=? [ F (x=9&y=9&crashed=0) ]	R{"cost"}=? [ C<=100 ]
0.905	49.887
0.698	26.577
0.698	26.577
0.905	49.887
0.79	27.874
0.722	27.751
0.897	45.177
0.903	49.703
0.829	32.592
0.818	29.274
0.855	35.024
0.813	28.227
0.881	43.505
0.88	40.415
0.857	38.001
0.718	26.864
0.882	43.53
0.852	34.354
0.859	39.149
0.818	29.274
0.829	32.592
0.84	33.652
0.894	44.598
0.869	39.389
0.897	45.177
0.894	44.598
0.869	39.389
0.852	34.354
0.831	32.949
0.877	39.542
0.816	28.915
0.855	35.024
0.84	33.652
0.721	27.471
0.857	38.001
0.858	38.526
0.816	28.915
0.813	28.227
0.837	33.054
0.903	49.703
0.895	44.614
0.879	40.119
0.878	39.558
0.858	38.526
0.72	27.171
0.718	26.864
0.839	33.409
0.838	33.057
0.72	27.171
0.88	40.415
0.879	40.119
0.839	33.409
0.859	39.149
0.831	32.949
0.904	49.705
0.877	39.542
0.895	44.614
0.722	27.751
0.837	33.054
0.881	43.505
0.878	39.558
0.838	33.057
0.904	49.705
0.698	26.577
0.905	49.887
0.818	29.274
0.829	32.592
0.897	45.177
0.894	44.598
0.881	43.505
0.869	39.389
0.855	35.024
0.84	33.652
0.857	38.001
0.816	28.915
0.813	28.227
0.903	49.703
0.858	38.526
0.718	26.864
0.72	27.171
0.88	40.415
0.879	40.119
0.839	33.409
0.859	39.149
0.831	32.949
0.877	39.542
0.895	44.614
0.837	33.054
0.878	39.558
0.838	33.057
0.904	49.705
0.698	26.577
0.905	49.887
0.829	32.592
0.897	45.177
0.894	44.598
0.881	43.505
0.869	39.389
0.855	35.024
0.84	33.652
