P=? [ F (x=9&y=9&crashed=0) ]	R{"cost"}=? [ C<=100 ]
0.906	55.249
0.743	28.167
0.906	55.249
0.743	28.167
0.793	28.468
0.744	28.174
0.883	44.091
0.905	50.223
0.866	39.006
0.904	49.982
0.896	45.03
0.878	39.733
0.855	35.024
0.837	33.039
0.807	30.362
0.795	28.762
0.828	32.525
0.849	34.206
0.816	32.331
0.855	35.024
0.866	39.006
0.813	32.015
0.831	32.883
0.807	30.362
0.892	44.508
0.896	45.03
0.904	49.982
0.849	34.206
0.873	39.092
0.813	32.015
0.895	44.783
0.852	34.935
0.878	39.733
0.8	29.673
0.801	29.711
0.851	34.256
0.887	44.48
0.8	29.673
0.829	32.663
0.801	29.711
0.874	39.348
0.877	39.486
0.793	28.468
0.885	44.162
0.744	28.174
0.814	32.269
0.886	44.404
0.905	50.223
0.828	32.525
0.816	32.331
0.877	39.486
0.874	39.348
0.852	34.935
0.873	39.092
0.886	44.404
0.885	44.162
0.851	34.256
0.815	32.287
0.887	44.48
0.815	32.287
0.814	32.269
0.743	28.167
0.906	55.249
0.855	35.024
0.866	39.006
0.807	30.362
0.896	45.03
0.849	34.206
0.813	32.015
0.878	39.733
0.8	29.673
0.801	29.711
0.793	28.468
0.744	28.174
0.905	50.223
0.828	32.525
0.816	32.331
0.877	39.486
0.852	34.935
0.886	44.404
0.885	44.162
0.851	34.256
0.887	44.48
0.815	32.287
0.814	32.269
0.906	55.249
0.743	28.167
0.855	35.024
0.866	39.006
0.807	30.362
0.896	45.03
0.793	28.468
0.813	32.015
0.8	29.673
0.878	39.733
0.801	29.711
0.744	28.174
0.828	32.525
0.816	32.331
0.849	34.206
