P=? [ F (x=9&y=9&crashed=0) ]	R{"cost"}=? [ C<=100 ]
0.623	22.361
0.888	45.216
0.623	22.361
0.888	45.216
0.703	23.547
0.624	22.791
0.72	27.452
0.77	27.84
0.882	44.324
0.879	40.236
0.808	28.008
0.77	27.84
0.831	33.004
0.818	29.565
0.873	39.115
0.856	35.713
0.715	26.742
0.856	35.713
0.703	23.547
0.873	39.115
0.847	33.829
0.831	33.004
0.814	28.9
0.814	28.9
0.818	29.565
0.715	26.742
0.839	33.433
0.851	34.58
0.832	33.32
0.624	22.791
0.839	33.433
0.717	26.758
0.817	29.561
0.847	33.829
0.851	34.58
0.808	28.008
0.886	45.095
0.72	27.452
0.879	40.236
0.853	34.962
0.885	44.619
0.876	39.722
0.875	39.25
0.853	34.962
0.855	35.363
0.855	35.363
0.878	39.888
0.882	44.324
0.817	29.561
0.717	26.758
0.885	44.619
0.884	44.446
0.877	39.874
0.876	39.722
0.875	39.25
0.874	39.129
0.886	45.095
0.832	33.32
0.884	44.446
0.883	44.335
0.878	39.888
0.874	39.129
0.877	39.874
0.716	26.755
0.883	44.335
0.716	26.755
0.623	22.361
0.888	45.216
0.77	27.84
0.856	35.713
0.703	23.547
0.873	39.115
0.831	33.004
0.814	28.9
0.818	29.565
0.715	26.742
0.624	22.791
0.839	33.433
0.847	33.829
0.851	34.58
0.72	27.452
0.879	40.236
0.853	34.962
0.855	35.363
0.882	44.324
0.817	29.561
0.717	26.758
0.885	44.619
0.876	39.722
0.875	39.25
0.886	45.095
0.832	33.32
0.884	44.446
0.878	39.888
0.874	39.129
0.877	39.874
0.883	44.335
0.716	26.755
0.888	45.216
0.623	22.361
