P=? [ F (x=9&y=9&crashed=0) ]	R{"cost"}=? [ C<=100 ]
0.914	55.174
0.697	27.191
0.697	27.191
0.914	55.174
0.905	54.702
0.895	49.286
0.876	43.874
0.715	27.529
0.894	44.808
0.751	27.56
0.904	50.211
0.875	39.418
0.753	27.612
0.78	27.675
0.802	29.732
0.845	34.631
0.805	32.271
0.854	37.382
0.809	32.473
0.854	37.382
0.874	39.106
0.715	27.529
0.827	32.6
0.858	38.796
0.856	38.713
0.845	34.631
0.903	49.757
0.802	29.732
0.884	44.343
0.796	28.83
0.796	28.83
0.886	44.574
0.842	34.294
0.892	44.761
0.785	28.01
0.884	44.343
0.84	33.721
0.84	33.721
0.809	32.473
0.789	28.034
0.837	32.971
0.905	54.702
0.903	49.757
0.895	49.286
0.876	43.874
0.842	34.294
0.805	32.271
0.904	50.211
0.858	38.796
0.833	32.726
0.839	33.33
0.795	28.439
0.783	27.755
0.792	28.363
0.791	28.13
0.892	44.761
0.886	44.574
0.875	39.418
0.874	39.106
0.839	33.33
0.838	33.059
0.837	32.971
0.833	32.726
0.856	38.713
0.753	27.612
0.83	32.621
0.783	27.755
0.832	32.682
0.751	27.56
0.781	27.704
0.789	28.034
0.785	28.01
0.794	28.418
0.828	32.618
0.83	32.621
0.827	32.6
0.791	28.13
0.838	33.059
0.78	27.675
0.832	32.682
0.794	28.418
0.792	28.363
0.781	27.704
0.894	44.808
0.795	28.439
0.828	32.618
0.914	55.174
0.697	27.191
0.854	37.382
0.715	27.529
0.845	34.631
0.802	29.732
0.796	28.83
0.884	44.343
0.84	33.721
0.809	32.473
0.905	54.702
0.903	49.757
0.895	49.286
0.876	43.874
