P=? [ F (x=9&y=9&crashed=0) ]	R{"cost"}=? [ C<=100 ]
0.906	53.67
0.649	26.319
0.906	53.67
0.649	26.319
0.883	44.132
0.784	27.52
0.693	26.517
0.734	27.23
0.902	49.547
0.895	44.727
0.878	39.534
0.845	37.117
0.811	31.882
0.905	49.848
0.84	33.44
0.865	38.819
0.804	29.437
0.706	27.214
0.734	27.23
0.825	32.364
0.833	32.658
0.855	37.668
0.874	39.108
0.825	32.364
0.855	37.668
0.854	37.382
0.811	31.882
0.885	44.392
0.893	44.436
0.902	49.547
0.835	33.051
0.7	26.889
0.845	37.117
0.895	44.727
0.7	26.889
0.798	28.635
0.706	27.214
0.789	28.115
0.696	26.705
0.802	29.128
0.802	29.128
0.876	39.485
0.878	39.534
0.787	27.723
0.792	28.267
0.84	33.44
0.785	27.639
0.696	26.705
0.874	39.108
0.839	33.417
0.792	28.267
0.788	28.073
0.839	33.417
0.798	28.635
0.795	28.505
0.834	32.971
0.784	27.52
0.854	37.382
0.904	49.81
0.894	44.695
0.795	28.505
0.796	28.617
0.803	29.314
0.876	39.485
0.885	44.392
0.904	49.81
0.803	29.314
0.787	27.723
0.834	32.971
0.893	44.436
0.788	28.073
0.905	49.848
0.894	44.695
0.796	28.617
0.649	26.319
0.906	53.67
0.734	27.23
0.825	32.364
0.803	29.314
0.902	49.547
0.845	37.117
0.895	44.727
0.7	26.889
0.855	37.668
0.706	27.214
0.802	29.128
0.878	39.534
0.84	33.44
0.696	26.705
0.792	28.267
0.839	33.417
0.798	28.635
0.784	27.52
0.854	37.382
0.795	28.505
0.876	39.485
0.874	39.108
0.787	27.723
0.834	32.971
0.893	44.436
