P=? [ F (x=9&y=9&crashed=0) ]	R{"cost"}=? [ C<=100 ]
0.675	26.906
0.925	55.382
0.675	26.906
0.925	55.382
0.915	50.072
0.886	43.881
0.878	39.485
0.903	48.933
0.897	44.955
0.854	37.79
0.846	34.759
0.683	27.569
0.713	28.025
0.704	27.576
0.764	30.128
0.733	28.121
0.775	32.0
0.876	39.137
0.86	39.131
0.764	30.128
0.796	32.262
0.915	50.072
0.775	32.0
0.905	49.461
0.743	28.15
0.886	43.881
0.733	28.121
0.806	32.342
0.846	34.759
0.858	39.081
0.897	44.955
0.878	39.485
0.856	38.232
0.781	32.238
0.913	49.732
0.854	37.79
0.68	27.188
0.753	28.949
0.752	28.417
0.824	33.198
0.709	27.723
0.82	32.917
0.893	44.25
0.786	32.247
0.793	32.261
0.904	48.956
0.76	29.63
0.83	33.458
0.903	48.933
0.856	38.232
0.744	28.175
0.813	32.394
0.709	27.723
0.808	32.366
0.786	32.247
0.76	29.63
0.704	27.576
0.877	39.414
0.816	32.41
0.843	34.275
0.713	28.025
0.855	37.803
0.778	32.201
0.836	33.513
0.817	32.514
0.677	27.122
0.837	33.796
0.83	33.458
0.893	44.25
0.748	28.228
0.823	33.008
0.845	34.573
0.757	29.311
0.896	44.619
0.817	32.514
0.676	26.96
0.756	29.275
0.753	28.949
0.914	49.755
0.758	29.509
0.839	33.986
0.839	33.986
0.913	49.732
0.905	49.461
0.778	32.201
0.832	33.494
0.756	29.275
0.824	33.198
0.811	32.372
0.749	28.247
0.844	34.521
0.895	44.516
0.894	44.273
0.793	32.261
0.683	27.569
0.835	33.506
0.842	34.179
0.822	32.957
0.806	32.342
0.837	33.796
