P=? [ F (x=9&y=9&crashed=0) ]	R{"cost"}=? [ C<=100 ]
0.896	44.679
0.674	26.914
0.896	44.679
0.881	43.716
0.879	40.057
0.853	37.774
0.846	34.736
0.707	27.674
0.76	31.184
0.758	29.657
0.689	27.615
0.779	32.336
0.812	32.425
0.794	32.354
0.794	32.354
0.731	28.101
0.719	28.061
0.768	32.14
0.739	28.589
0.683	27.451
0.865	39.061
0.746	29.325
0.761	31.191
0.875	39.127
0.842	34.342
0.735	28.138
0.765	31.861
0.711	28.03
0.763	31.781
0.776	32.158
0.878	39.636
0.883	43.968
0.816	32.45
0.741	28.802
0.846	34.736
0.853	37.774
0.844	34.479
0.838	33.877
0.879	40.057
0.741	28.802
0.817	32.63
0.822	32.963
0.681	27.054
0.862	38.802
0.876	39.15
0.833	33.564
0.689	27.615
0.827	33.548
0.675	26.933
0.824	33.16
0.889	44.156
0.825	33.491
0.836	33.742
0.75	29.394
0.746	29.325
0.857	38.514
0.839	34.097
0.895	44.569
0.877	39.514
0.716	28.033
0.889	44.156
0.835	33.63
0.755	29.442
0.822	32.963
0.817	32.63
0.856	38.31
0.855	37.979
0.858	38.614
0.812	32.425
0.859	38.764
0.893	44.171
0.707	27.674
0.75	29.394
0.731	28.101
0.757	29.653
0.863	39.0
0.735	28.138
0.679	27.038
0.839	34.097
0.683	27.451
0.711	28.03
0.845	34.698
0.894	44.39
0.856	38.31
0.719	28.061
0.882	43.77
0.756	29.458
0.883	43.968
0.679	27.038
0.74	28.622
0.894	44.39
0.768	32.14
0.777	32.16
0.823	33.137
0.855	37.979
0.854	37.811
0.892	44.167
0.716	28.033
0.763	31.781
0.865	39.061
