P=? [ F (x=9&y=9&crashed=0) ]	R{"cost"}=? [ C<=100 ]
0.693	24.438
0.887	44.309
0.887	44.309
0.879	39.992
0.728	27.582
0.782	32.429
0.817	32.442
0.855	38.0
0.846	34.82
0.728	27.582
0.771	29.484
0.772	32.114
0.749	28.946
0.826	33.431
0.767	29.142
0.863	39.508
0.877	39.602
0.855	38.0
0.838	33.75
0.745	28.466
0.846	34.82
0.879	39.992
0.737	28.295
0.862	39.165
0.856	38.438
0.729	27.906
0.77	29.192
0.767	29.142
0.781	32.354
0.745	28.466
0.732	28.072
0.735	28.13
0.859	38.822
0.748	28.798
0.777	32.232
0.862	39.165
0.859	38.822
0.748	28.798
0.777	32.232
0.838	33.75
0.819	32.463
0.824	33.224
0.774	32.196
0.737	28.295
0.845	34.604
0.844	34.339
0.732	28.072
0.858	38.668
0.878	39.742
0.842	34.15
0.841	33.914
0.858	38.668
0.856	38.438
0.845	34.604
0.82	32.678
0.824	33.224
0.823	33.033
0.822	32.842
0.823	33.033
0.729	27.906
0.735	28.13
0.821	32.835
0.82	32.678
0.878	39.742
0.844	34.339
0.843	34.2
0.774	32.196
0.841	33.914
0.84	33.776
0.781	32.354
0.817	32.442
0.877	39.602
0.863	39.508
0.843	34.2
0.842	34.15
0.77	29.192
0.819	32.463
0.84	33.776
0.839	33.758
0.782	32.429
0.839	33.758
0.822	32.842
0.821	32.835
0.855	38.0
0.846	34.82
0.879	39.992
0.767	29.142
0.745	28.466
0.862	39.165
0.859	38.822
0.748	28.798
0.777	32.232
0.838	33.75
0.737	28.295
0.732	28.072
0.858	38.668
0.856	38.438
0.845	34.604
0.824	33.224
0.823	33.033
