P=? [ F (x=9&y=9&crashed=0) ]	R{"cost"}=? [ C<=100 ]
0.936	71.259
0.673	27.152
0.936	71.259
0.935	60.406
0.695	28.532
0.734	31.33
0.839	37.803
0.797	32.689
0.769	32.539
0.934	60.068
0.933	55.327
0.89	44.193
0.931	54.577
0.918	50.545
0.881	40.339
0.756	31.64
0.735	31.58
0.856	37.999
0.909	49.317
0.901	46.152
0.734	31.33
0.834	35.307
0.811	34.152
0.826	34.191
0.918	50.545
0.931	54.577
0.832	34.467
0.881	40.339
0.867	39.026
0.901	46.152
0.685	27.981
0.834	35.307
0.769	32.539
0.89	44.193
0.76	32.048
0.676	27.537
0.685	27.981
0.875	39.088
0.909	49.317
0.691	28.23
0.858	38.898
0.878	39.482
0.839	37.803
0.893	44.302
0.691	28.23
0.81	34.098
0.801	32.987
0.674	27.516
0.827	34.198
0.76	32.048
0.913	49.433
0.879	39.708
0.863	39.021
0.676	27.537
0.9	45.594
0.757	31.955
0.809	33.569
0.805	33.115
0.895	44.319
0.917	50.207
0.898	45.288
0.897	44.819
0.758	32.012
0.933	55.327
0.932	54.915
0.799	32.756
0.879	39.708
0.856	37.999
0.86	38.91
0.91	49.328
0.809	33.569
0.808	33.227
0.863	39.021
0.896	44.658
0.935	60.406
0.932	54.915
0.934	60.068
0.876	39.15
0.917	50.207
0.915	49.876
0.914	49.749
0.801	32.987
0.915	49.876
0.86	38.91
0.827	34.198
0.799	32.756
0.876	39.15
0.9	45.594
0.899	45.38
0.858	38.898
0.897	44.819
0.896	44.658
0.805	33.115
0.914	49.749
0.913	49.433
0.91	49.328
0.899	45.38
0.898	45.288
0.807	33.207
0.806	33.122
