P=? [ F (x=9&y=9&crashed=0) ]	R{"cost"}=? [ C<=100 ]
0.704	24.074
0.898	45.222
0.898	45.222
0.704	24.074
0.882	40.728
0.708	24.628
0.894	44.361
0.734	27.947
0.708	24.628
0.855	38.132
0.848	35.199
0.734	27.947
0.761	28.411
0.794	32.297
0.793	30.393
0.811	32.401
0.882	40.728
0.747	28.381
0.861	38.953
0.796	32.321
0.876	39.315
0.836	33.503
0.735	28.126
0.774	28.434
0.823	33.004
0.894	44.361
0.747	28.381
0.782	28.495
0.855	38.132
0.774	28.434
0.848	35.199
0.791	29.783
0.88	40.114
0.793	30.393
0.836	33.503
0.819	32.451
0.787	29.252
0.786	28.674
0.842	34.368
0.821	32.95
0.823	33.004
0.897	45.083
0.896	44.61
0.879	39.945
0.878	39.482
0.841	33.923
0.791	29.783
0.788	29.505
0.876	39.315
0.861	38.953
0.859	38.755
0.847	35.07
0.846	34.783
0.88	40.114
0.789	29.513
0.846	34.783
0.845	34.522
0.844	34.375
0.735	28.126
0.787	29.252
0.857	38.54
0.856	38.31
0.814	32.418
0.838	33.696
0.796	32.321
0.856	38.31
0.896	44.61
0.895	44.432
0.879	39.945
0.822	32.953
0.878	39.482
0.877	39.328
0.841	33.923
0.84	33.772
0.845	34.522
0.784	28.533
0.858	38.613
0.86	38.812
0.897	45.083
0.786	28.674
0.785	28.543
0.847	35.07
0.838	33.696
0.819	32.451
0.815	32.427
0.816	32.432
0.789	29.513
0.817	32.436
0.821	32.95
0.858	38.613
0.857	38.54
0.895	44.432
0.84	33.772
0.839	33.714
0.86	38.812
0.783	28.509
0.794	32.297
0.839	33.714
0.814	32.418
0.817	32.436
