P=? [ F (x=9&y=9&crashed=0) ]	R{"cost"}=? [ C<=100 ]
0.743	34.155
0.845	59.759
0.743	34.155
0.755	37.087
0.778	38.008
0.781	38.756
0.802	42.557
0.81	46.846
0.804	42.982
0.802	42.557
0.781	38.756
0.841	58.501
0.837	55.212
0.826	52.65
0.821	49.367
0.754	36.771
0.747	34.766
0.754	36.771
0.804	42.982
0.747	34.766
0.81	46.846
0.821	49.367
0.829	53.955
0.812	47.386
0.837	55.212
0.826	52.65
0.817	48.255
0.778	38.008
0.755	37.087
0.833	54.022
0.827	52.845
0.817	48.255
0.812	47.386
0.841	58.501
0.835	54.468
0.842	58.589
0.828	53.279
0.746	34.748
0.746	34.748
0.836	54.735
0.82	48.89
0.844	59.29
0.828	53.279
0.82	48.89
0.819	48.477
0.843	58.95
0.844	59.29
0.843	58.95
0.834	54.154
0.779	38.308
0.811	47.087
0.803	42.684
0.78	38.485
0.836	54.735
0.811	47.087
0.78	38.485
0.779	38.308
0.834	54.154
0.819	48.477
0.818	48.345
0.803	42.684
0.818	48.345
0.833	54.022
0.829	53.955
0.743	34.155
0.802	42.557
0.781	38.756
0.754	36.771
0.804	42.982
0.747	34.766
0.81	46.846
0.821	49.367
0.837	55.212
0.826	52.65
0.755	37.087
0.841	58.501
0.817	48.255
0.746	34.748
0.828	53.279
0.82	48.89
0.844	59.29
0.843	58.95
0.836	54.735
0.811	47.087
0.78	38.485
0.779	38.308
0.834	54.154
0.819	48.477
0.803	42.684
0.833	54.022
0.743	34.155
0.802	42.557
0.781	38.756
0.754	36.771
0.804	42.982
0.747	34.766
0.821	49.367
0.837	55.212
0.755	37.087
0.826	52.65
