P=? [ F (x=9&y=9&crashed=0) ]	R{"cost"}=? [ C<=100 ]
0.835	54.054
0.659	28.705
0.835	54.054
0.827	49.601
0.702	31.13
0.664	29.01
0.833	53.69
0.693	29.519
0.723	33.303
0.825	49.242
0.807	47.353
0.697	29.569
0.702	31.13
0.775	42.331
0.784	43.036
0.723	33.303
0.8	44.361
0.805	47.014
0.825	49.242
0.807	47.353
0.803	45.035
0.761	37.686
0.748	37.673
0.742	37.555
0.735	35.927
0.767	40.038
0.765	38.516
0.772	40.974
0.8	44.361
0.784	43.036
0.733	35.559
0.731	34.315
0.782	42.414
0.664	29.01
0.833	53.69
0.742	37.555
0.693	29.519
0.735	35.927
0.772	40.974
0.743	37.632
0.748	37.673
0.765	38.516
0.77	40.394
0.733	35.559
0.805	47.014
0.803	45.035
0.768	40.293
0.764	38.075
0.767	40.038
0.725	33.53
0.731	34.315
0.73	34.099
0.734	35.912
0.764	38.075
0.763	37.731
0.802	44.703
0.802	44.703
0.801	44.373
0.728	33.861
0.727	33.677
0.783	42.737
0.783	42.737
0.725	33.53
0.73	34.099
0.728	33.861
0.77	40.394
0.727	33.677
0.782	42.414
0.769	40.352
0.769	40.352
0.763	37.731
0.743	37.632
0.762	37.69
0.734	35.912
0.801	44.373
0.762	37.69
0.835	54.054
0.723	33.303
0.825	49.242
0.807	47.353
0.8	44.361
0.784	43.036
0.664	29.01
0.833	53.69
0.742	37.555
0.693	29.519
0.735	35.927
0.772	40.974
0.748	37.673
0.765	38.516
0.733	35.559
0.805	47.014
0.803	45.035
0.764	38.075
0.802	44.703
0.783	42.737
0.725	33.53
0.728	33.861
0.77	40.394
0.727	33.677
