P=? [ F (x=9&y=9&crashed=0) ]	R{"cost"}=? [ C<=100 ]
0.811	56.791
0.617	26.244
0.617	26.244
0.811	56.791
0.81	52.226
0.618	26.472
0.646	26.475
0.807	51.958
0.795	47.736
0.711	31.056
0.691	30.903
0.783	46.351
0.779	43.077
0.745	36.9
0.807	51.958
0.759	40.449
0.758	38.498
0.795	47.736
0.68	30.806
0.679	30.568
0.668	28.772
0.679	30.568
0.668	28.772
0.69	30.862
0.655	27.043
0.786	46.734
0.664	28.2
0.664	28.2
0.76	41.448
0.647	26.806
0.655	27.043
0.751	36.935
0.77	42.109
0.728	32.71
0.79	47.136
0.721	32.073
0.759	40.449
0.767	41.785
0.743	35.965
0.738	35.246
0.735	34.314
0.756	37.787
0.652	26.845
0.728	32.71
0.731	33.148
0.73	32.803
0.667	28.547
0.784	46.559
0.779	43.077
0.783	46.351
0.763	41.752
0.666	28.223
0.715	31.237
0.721	32.073
0.735	34.314
0.718	31.447
0.72	32.015
0.757	38.29
0.712	31.233
0.776	42.545
0.774	42.353
0.794	47.571
0.74	35.5
0.741	35.543
0.754	37.381
0.743	35.965
0.717	31.245
0.719	31.664
0.738	35.246
0.769	41.937
0.734	33.997
0.793	47.456
0.791	47.14
0.754	37.381
0.752	37.071
0.734	33.997
0.733	33.697
0.752	37.071
0.732	33.424
0.733	33.697
0.732	33.424
0.793	47.456
0.81	52.226
0.761	41.55
0.774	42.353
0.739	35.274
0.755	37.605
0.719	31.664
0.742	35.751
0.778	42.863
0.758	38.498
0.742	35.751
0.757	38.29
0.761	41.55
0.775	42.354
0.763	41.752
0.778	42.863
0.777	42.676
0.755	37.605
0.654	26.867
