P=? [ F (x=9&y=9&crashed=0) ]	R{"cost"}=? [ C<=100 ]
0.813	53.073
0.712	31.39
0.813	53.073
0.809	52.646
0.797	48.307
0.792	47.228
0.781	43.914
0.781	43.914
0.797	48.307
0.792	47.228
0.761	41.823
0.76	40.963
0.759	38.71
0.716	32.366
0.746	37.527
0.755	37.764
0.726	33.531
0.769	42.015
0.748	37.7
0.74	35.534
0.744	36.193
0.734	35.516
0.726	33.531
0.716	32.366
0.78	43.426
0.772	42.419
0.728	33.921
0.76	40.963
0.733	35.297
0.73	34.446
0.73	34.446
0.733	35.297
0.715	32.107
0.713	31.569
0.796	48.143
0.795	47.634
0.715	32.107
0.756	38.228
0.775	42.594
0.744	36.193
0.769	42.015
0.778	42.912
0.713	31.569
0.742	35.827
0.727	33.557
0.812	52.933
0.771	42.281
0.794	47.497
0.81	52.782
0.779	43.094
0.778	42.912
0.776	42.612
0.742	35.827
0.729	34.203
0.748	37.7
0.794	47.497
0.771	42.281
0.729	34.203
0.74	35.534
0.776	42.612
0.759	38.71
0.758	38.491
0.743	35.995
0.761	41.823
0.779	43.094
0.758	38.491
0.757	38.312
0.775	42.594
0.743	35.995
0.796	48.143
0.81	52.782
0.812	52.933
0.795	47.634
0.757	38.312
0.756	38.228
0.727	33.557
0.734	35.516
0.813	53.073
0.781	43.914
0.797	48.307
0.792	47.228
0.726	33.531
0.716	32.366
0.76	40.963
0.73	34.446
0.733	35.297
0.715	32.107
0.748	37.7
0.713	31.569
0.794	47.497
0.776	42.612
0.759	38.71
0.769	42.015
0.761	41.823
0.779	43.094
0.758	38.491
0.796	48.143
0.81	52.782
0.729	34.203
0.757	38.312
