P=? [ F (x=9&y=9&crashed=0) ]	R{"cost"}=? [ C<=100 ]
0.789	48.135
0.618	26.298
0.789	48.135
0.618	26.298
0.778	46.965
0.773	43.237
0.681	30.665
0.758	40.726
0.647	26.789
0.757	38.141
0.629	26.553
0.667	28.689
0.692	30.744
0.708	31.016
0.667	28.689
0.681	30.665
0.692	30.744
0.629	26.553
0.748	36.922
0.654	27.024
0.654	27.024
0.663	28.187
0.663	28.187
0.761	41.656
0.758	40.726
0.784	47.327
0.762	41.928
0.779	47.237
0.778	46.965
0.737	35.111
0.773	43.237
0.767	42.04
0.735	34.457
0.744	36.294
0.744	36.294
0.74	35.453
0.718	31.412
0.786	47.642
0.756	37.945
0.769	42.362
0.735	34.457
0.761	41.656
0.715	31.214
0.716	31.345
0.723	32.622
0.751	36.923
0.722	32.555
0.742	35.854
0.734	34.051
0.711	31.047
0.727	32.761
0.733	33.868
0.732	33.487
0.665	28.449
0.732	33.487
0.731	33.142
0.72	32.012
0.719	31.668
0.652	26.832
0.721	32.321
0.72	32.012
0.739	35.278
0.741	35.751
0.737	35.111
0.711	31.047
0.787	47.934
0.708	31.016
0.77	42.626
0.65	26.827
0.719	31.668
0.743	36.038
0.73	33.014
0.73	33.014
0.728	32.763
0.664	28.198
0.665	28.449
0.721	32.321
0.753	37.335
0.752	37.105
0.755	37.717
0.772	43.014
0.772	43.014
0.771	42.807
0.757	38.141
0.755	37.717
0.754	37.523
0.788	48.123
0.787	47.934
0.754	37.523
0.753	37.335
0.743	36.038
0.734	34.051
0.733	33.868
0.752	37.105
0.771	42.807
0.77	42.626
0.785	47.506
0.768	42.219
0.739	35.278
0.715	31.214
