P=? [ F (x=9&y=9&crashed=0) ]	R{"cost"}=? [ C<=100 ]
0.851	51.218
0.665	28.911
0.851	51.218
0.665	28.911
0.704	30.777
0.824	45.605
0.805	44.908
0.825	48.862
0.712	33.496
0.685	29.562
0.794	41.226
0.749	35.607
0.687	29.874
0.822	45.168
0.714	33.81
0.756	36.404
0.729	34.075
0.761	38.27
0.8	42.863
0.803	43.307
0.738	35.013
0.83	50.152
0.848	50.457
0.838	50.274
0.773	39.297
0.712	33.496
0.687	29.874
0.838	50.274
0.786	40.922
0.794	41.226
0.756	36.404
0.775	39.468
0.769	38.882
0.685	29.562
0.775	39.468
0.781	40.184
0.738	35.013
0.781	40.184
0.765	38.847
0.8	42.863
0.754	35.991
0.761	38.27
0.751	35.904
0.826	49.144
0.828	49.623
0.734	34.38
0.731	34.332
0.736	34.64
0.784	40.448
0.828	49.623
0.769	38.882
0.729	34.075
0.714	33.81
0.736	34.64
0.805	44.908
0.827	49.277
0.785	40.79
0.85	50.898
0.786	40.922
0.825	48.862
0.823	45.323
0.849	50.734
0.822	45.168
0.802	43.177
0.801	42.924
0.803	43.307
0.83	50.152
0.754	35.991
0.751	35.904
0.763	38.549
0.762	38.362
0.848	50.457
0.734	34.38
0.731	34.332
0.85	50.898
0.849	50.734
0.764	38.685
0.783	40.441
0.782	40.284
0.823	45.323
0.764	38.685
0.763	38.549
0.827	49.277
0.785	40.79
0.802	43.177
0.782	40.284
0.762	38.362
0.801	42.924
0.783	40.441
0.851	51.218
0.665	28.911
0.712	33.496
0.687	29.874
0.838	50.274
0.756	36.404
0.685	29.562
0.775	39.468
0.738	35.013
0.781	40.184
0.761	38.27
