P=? [ F (x=9&y=9&crashed=0) ]	R{"cost"}=? [ C<=100 ]
0.881	45.29
0.814	27.992
0.881	45.29
0.858	38.438
0.827	29.36
0.851	32.505
0.827	29.36
0.857	33.879
0.873	43.138
0.851	32.505
0.872	39.934
0.869	38.641
0.819	28.382
0.878	44.328
0.873	43.138
0.878	44.328
0.819	28.382
0.818	28.365
0.88	44.619
0.871	39.405
0.87	38.821
0.872	39.934
0.871	39.405
0.857	33.879
0.856	33.43
0.855	33.268
0.854	32.893
0.818	28.365
0.853	32.84
0.853	32.84
0.88	44.619
0.879	44.342
0.869	38.641
0.858	38.438
0.87	38.821
0.856	33.43
0.855	33.268
0.854	32.893
0.879	44.342
0.881	45.29
0.827	29.36
0.851	32.505
0.873	43.138
0.878	44.328
0.819	28.382
0.872	39.934
0.871	39.405
0.857	33.879
0.818	28.365
0.853	32.84
0.88	44.619
0.869	38.641
0.858	38.438
0.87	38.821
0.856	33.43
0.855	33.268
0.854	32.893
0.879	44.342
0.881	45.29
0.827	29.36
0.851	32.505
0.873	43.138
0.819	28.382
0.872	39.934
0.871	39.405
0.857	33.879
0.88	44.619
0.853	32.84
0.869	38.641
0.858	38.438
0.856	33.43
0.855	33.268
0.818	28.365
0.854	32.893
0.879	44.342
0.881	45.29
0.827	29.36
0.851	32.505
0.873	43.138
0.819	28.382
0.872	39.934
0.871	39.405
0.857	33.879
0.88	44.619
0.853	32.84
0.869	38.641
0.858	38.438
0.856	33.43
0.855	33.268
0.818	28.365
0.854	32.893
0.881	45.29
0.851	32.505
0.873	43.138
0.872	39.934
0.871	39.405
0.857	33.879
0.88	44.619
0.853	32.84
0.869	38.641
