P=? [ F (x=9&y=9&crashed=0) ]	R{"cost"}=? [ C<=100 ]
0.762	27.166
0.888	49.526
0.762	27.166
0.888	49.526
0.805	28.247
0.841	31.728
0.885	49.05
0.879	43.813
0.805	28.247
0.789	27.297
0.871	43.092
0.87	39.248
0.841	31.728
0.858	36.923
0.855	33.435
0.795	27.672
0.869	38.642
0.795	27.672
0.863	37.591
0.885	49.05
0.863	37.591
0.869	38.642
0.879	43.813
0.789	27.297
0.855	33.435
0.844	32.097
0.854	32.865
0.876	43.379
0.858	36.923
0.87	39.248
0.875	43.337
0.848	32.172
0.844	32.097
0.887	49.361
0.878	43.651
0.861	37.371
0.86	37.216
0.887	49.361
0.854	32.865
0.852	32.57
0.86	37.216
0.852	32.57
0.851	32.46
0.851	32.46
0.849	32.18
0.878	43.651
0.875	43.337
0.871	43.092
0.861	37.371
0.849	32.18
0.848	32.172
0.762	27.166
0.888	49.526
0.805	28.247
0.795	27.672
0.885	49.05
0.869	38.642
0.879	43.813
0.789	27.297
0.855	33.435
0.858	36.923
0.87	39.248
0.875	43.337
0.844	32.097
0.878	43.651
0.887	49.361
0.854	32.865
0.86	37.216
0.852	32.57
0.851	32.46
0.871	43.092
0.861	37.371
0.849	32.18
0.848	32.172
0.762	27.166
0.805	28.247
0.795	27.672
0.869	38.642
0.789	27.297
0.858	36.923
0.87	39.248
0.875	43.337
0.844	32.097
0.878	43.651
0.887	49.361
0.854	32.865
0.86	37.216
0.852	32.57
0.851	32.46
0.871	43.092
0.861	37.371
0.849	32.18
0.848	32.172
0.762	27.166
0.805	28.247
0.795	27.672
0.869	38.642
0.789	27.297
0.858	36.923
0.875	43.337
