P=? [ F (x=9&y=9&crashed=0) ]	R{"cost"}=? [ C<=100 ]
0.643	26.767
0.879	44.395
0.643	26.767
0.879	44.395
0.745	27.123
0.833	27.547
0.779	27.497
0.863	38.149
0.86	34.348
0.871	42.405
0.87	39.279
0.847	32.11
0.846	29.07
0.745	27.123
0.777	27.368
0.872	43.577
0.871	42.405
0.839	28.31
0.855	33.572
0.857	34.192
0.869	38.642
0.854	32.871
0.87	39.279
0.855	33.572
0.876	43.78
0.867	38.335
0.833	27.547
0.839	28.31
0.878	44.088
0.845	29.018
0.843	28.68
0.843	28.68
0.863	38.149
0.849	32.171
0.777	27.368
0.878	44.088
0.869	38.642
0.86	34.348
0.876	43.78
0.853	32.849
0.852	32.575
0.842	28.418
0.867	38.335
0.85	32.43
0.857	34.192
0.872	43.577
0.841	28.348
0.845	29.018
0.779	27.497
0.852	32.575
0.851	32.467
0.842	28.418
0.849	32.171
0.847	32.11
0.846	29.07
0.841	28.348
0.851	32.467
0.85	32.43
0.854	32.871
0.853	32.849
0.643	26.767
0.745	27.123
0.87	39.279
0.833	27.547
0.839	28.31
0.843	28.68
0.863	38.149
0.777	27.368
0.878	44.088
0.876	43.78
0.867	38.335
0.857	34.192
0.872	43.577
0.845	29.018
0.779	27.497
0.852	32.575
0.849	32.171
0.847	32.11
0.846	29.07
0.841	28.348
0.851	32.467
0.85	32.43
0.854	32.871
0.853	32.849
0.643	26.767
0.745	27.123
0.87	39.279
0.833	27.547
0.839	28.31
0.843	28.68
0.863	38.149
0.777	27.368
0.878	44.088
0.876	43.78
0.857	34.192
0.872	43.577
0.845	29.018
0.779	27.497
0.852	32.575
0.849	32.171
