P=? [ F (x=9&y=9&crashed=0) ]	R{"cost"}=? [ C<=100 ]
0.887	54.781
0.751	27.281
0.751	27.281
0.887	54.781
0.879	49.976
0.878	49.273
0.87	44.708
0.794	32.079
0.783	28.338
0.856	42.734
0.793	32.039
0.765	27.84
0.77	28.035
0.855	40.175
0.807	32.427
0.792	29.609
0.83	35.155
0.879	49.976
0.878	49.273
0.84	37.177
0.83	35.155
0.84	37.177
0.87	44.708
0.858	43.347
0.861	43.965
0.816	32.59
0.79	29.22
0.81	32.439
0.845	38.561
0.844	37.608
0.77	28.035
0.85	38.737
0.866	44.246
0.852	39.038
0.82	33.56
0.869	44.332
0.825	33.74
0.807	32.427
0.853	39.724
0.866	44.246
0.846	38.629
0.766	27.88
0.821	33.587
0.819	32.937
0.856	42.734
0.765	27.84
0.81	32.439
0.826	33.891
0.788	28.962
0.786	28.66
0.818	32.751
0.786	28.66
0.788	28.962
0.829	34.834
0.828	34.422
0.86	43.756
0.86	43.756
0.855	40.175
0.854	39.802
0.791	29.589
0.843	37.475
0.828	34.422
0.827	34.091
0.829	34.834
0.85	38.737
0.852	39.038
0.841	37.271
0.784	28.381
0.784	28.381
0.843	37.475
0.841	37.271
0.827	34.091
0.819	32.937
0.766	27.88
0.825	33.74
0.821	33.587
0.844	37.608
0.846	38.629
0.817	32.649
0.869	44.332
0.854	39.802
0.853	39.724
0.845	38.561
0.817	32.649
0.792	29.609
0.791	29.589
0.887	54.781
0.879	49.976
0.878	49.273
0.83	35.155
0.87	44.708
0.866	44.246
0.807	32.427
0.86	43.756
0.856	42.734
0.81	32.439
0.765	27.84
0.786	28.66
0.788	28.962
0.855	40.175
