P=? [ F (x=9&y=9&crashed=0) ]	R{"cost"}=? [ C<=100 ]
0.899	73.602
0.811	33.157
0.811	33.157
0.899	73.602
0.897	60.136
0.898	69.969
0.857	43.181
0.827	37.172
0.854	39.62
0.868	44.036
0.897	60.136
0.889	55.388
0.82	33.454
0.887	54.538
0.88	50.204
0.889	55.388
0.898	69.969
0.876	48.785
0.871	45.261
0.887	54.538
0.829	37.544
0.823	34.091
0.836	37.669
0.855	42.592
0.88	50.204
0.842	37.885
0.836	37.669
0.871	45.261
0.848	38.514
0.876	48.785
0.823	34.091
0.845	38.121
0.879	49.998
0.842	37.885
0.854	39.62
0.848	38.514
0.856	42.754
0.822	33.744
0.868	44.036
0.877	49.123
0.878	49.175
0.847	38.426
0.829	37.544
0.87	44.707
0.888	54.947
0.888	54.947
0.869	44.414
0.87	44.707
0.869	44.414
0.846	38.164
0.821	33.527
0.855	42.592
0.821	33.527
0.878	49.175
0.846	38.164
0.811	33.157
0.899	73.602
0.897	60.136
0.889	55.388
0.898	69.969
0.887	54.538
0.88	50.204
0.871	45.261
0.854	39.62
0.848	38.514
0.829	37.544
0.888	54.947
0.87	44.707
0.869	44.414
0.855	42.592
0.846	38.164
0.878	49.175
0.811	33.157
0.899	73.602
0.897	60.136
0.898	69.969
0.88	50.204
0.871	45.261
0.888	54.947
0.846	38.164
0.87	44.707
0.869	44.414
0.855	42.592
0.899	73.602
0.898	69.969
0.88	50.204
0.871	45.261
0.888	54.947
0.846	38.164
0.87	44.707
0.855	42.592
0.899	73.602
0.898	69.969
0.88	50.204
0.871	45.261
0.888	54.947
0.846	38.164
0.87	44.707
0.899	73.602
0.88	50.204
