P=? [ F (x=9&y=9&crashed=0) ]	R{"cost"}=? [ C<=100 ]
0.869	44.314
0.765	27.443
0.869	44.314
0.765	27.443
0.835	37.239
0.858	43.494
0.854	39.514
0.829	34.641
0.806	32.409
0.796	30.001
0.772	28.284
0.783	28.31
0.843	37.295
0.796	30.001
0.806	32.409
0.829	34.641
0.866	43.859
0.859	43.561
0.854	39.514
0.819	32.916
0.79	29.256
0.826	33.895
0.848	38.498
0.816	32.729
0.794	29.885
0.79	29.256
0.809	32.453
0.812	32.579
0.845	37.622
0.82	33.03
0.767	27.697
0.858	43.494
0.823	33.783
0.794	29.885
0.851	38.754
0.77	28.027
0.767	27.697
0.816	32.729
0.812	32.579
0.853	39.135
0.847	38.141
0.828	34.293
0.77	28.027
0.821	33.344
0.846	37.932
0.866	43.859
0.859	43.561
0.789	28.965
0.851	38.754
0.848	38.498
0.868	44.069
0.822	33.556
0.828	34.293
0.827	34.071
0.822	33.556
0.821	33.344
0.847	38.141
0.846	37.932
0.853	39.135
0.852	38.935
0.844	37.49
0.852	38.935
0.827	34.071
0.808	32.44
0.771	28.195
0.785	28.51
0.784	28.352
0.786	28.667
0.785	28.51
0.788	28.926
0.787	28.78
0.868	44.069
0.867	43.928
0.844	37.49
0.787	28.78
0.786	28.667
0.823	33.783
0.771	28.195
0.795	29.93
0.867	43.928
0.795	29.93
0.784	28.352
0.789	28.965
0.788	28.926
0.808	32.44
0.783	28.31
0.772	28.284
0.765	27.443
0.806	32.409
0.829	34.641
0.854	39.514
0.79	29.256
0.858	43.494
0.794	29.885
0.767	27.697
0.816	32.729
0.812	32.579
0.77	28.027
0.866	43.859
0.859	43.561
