P=? [ F (x=9&y=9&crashed=0) ]	R{"cost"}=? [ C<=100 ]
0.764	27.432
0.877	48.83
0.764	27.432
0.877	48.83
0.876	48.658
0.868	44.135
0.834	36.959
0.853	41.925
0.852	38.852
0.827	33.95
0.794	29.577
0.783	28.355
0.801	32.067
0.77	28.259
0.836	37.175
0.867	43.948
0.868	44.135
0.794	29.577
0.834	36.959
0.861	43.725
0.808	32.16
0.827	33.95
0.801	32.067
0.851	38.665
0.842	37.189
0.845	37.704
0.82	33.026
0.86	43.422
0.855	42.447
0.802	32.119
0.86	43.422
0.855	42.447
0.851	38.665
0.845	37.704
0.817	32.502
0.825	33.702
0.785	28.658
0.812	32.42
0.789	29.023
0.767	27.74
0.825	33.702
0.82	33.026
0.819	32.704
0.791	29.31
0.808	32.16
0.811	32.41
0.789	29.023
0.785	28.658
0.767	27.74
0.768	28.046
0.784	28.38
0.854	42.201
0.853	41.925
0.817	32.502
0.791	29.31
0.811	32.41
0.854	42.201
0.861	43.725
0.819	32.704
0.826	33.895
0.852	38.852
0.843	37.368
0.844	37.528
0.79	29.189
0.844	37.528
0.843	37.368
0.79	29.189
0.769	28.163
0.768	28.046
0.769	28.163
0.77	28.259
0.812	32.42
0.826	33.895
0.802	32.119
0.784	28.38
0.842	37.189
0.877	48.83
0.764	27.432
0.794	29.577
0.834	36.959
0.827	33.95
0.801	32.067
0.86	43.422
0.855	42.447
0.851	38.665
0.845	37.704
0.825	33.702
0.82	33.026
0.808	32.16
0.785	28.658
0.767	27.74
0.853	41.925
0.817	32.502
0.791	29.31
0.861	43.725
0.811	32.41
0.854	42.201
0.819	32.704
0.852	38.852
0.844	37.528
