P=? [ F (x=9&y=9&crashed=0) ]	R{"cost"}=? [ C<=100 ]
0.697	23.344
0.889	49.859
0.889	49.859
0.697	23.344
0.727	27.466
0.708	24.646
0.882	49.368
0.881	45.036
0.753	28.273
0.875	43.819
0.872	40.431
0.848	35.512
0.85	38.15
0.803	32.289
0.735	28.131
0.792	30.364
0.76	28.345
0.773	28.39
0.792	30.364
0.803	32.289
0.788	29.186
0.823	33.337
0.828	33.403
0.7	24.294
0.845	34.673
0.76	28.345
0.789	30.017
0.836	33.561
0.887	49.52
0.869	40.049
0.809	32.314
0.705	24.64
0.831	33.528
0.856	38.725
0.822	32.934
0.814	32.339
0.731	28.078
0.875	43.819
0.809	32.314
0.863	39.007
0.73	28.034
0.855	38.332
0.735	28.131
0.704	24.379
0.868	39.507
0.784	28.756
0.876	44.154
0.78	28.443
0.879	44.654
0.866	39.177
0.871	40.382
0.867	39.45
0.862	38.817
0.773	28.39
0.816	32.449
0.841	33.975
0.879	44.654
0.877	44.199
0.865	39.118
0.839	33.957
0.777	28.425
0.788	29.186
0.784	28.756
0.842	34.137
0.843	34.256
0.819	32.798
0.821	32.81
0.79	30.211
0.783	28.646
0.846	35.048
0.859	38.801
0.7	24.294
0.88	44.99
0.872	40.431
0.73	28.034
0.777	28.425
0.831	33.528
0.847	35.203
0.78	28.443
0.859	38.801
0.791	30.267
0.87	40.1
0.817	32.522
0.843	34.256
0.853	38.248
0.854	38.306
0.817	32.522
0.702	24.363
0.85	38.15
0.783	28.646
0.789	30.017
0.888	49.709
0.877	44.199
0.852	38.217
0.814	32.339
0.838	33.809
0.837	33.648
0.847	35.203
0.846	35.048
0.702	24.363
