P=? [ F (x=9&y=9&crashed=0) ]	R{"cost"}=? [ C<=100 ]
0.673	26.738
0.891	49.469
0.891	49.469
0.673	26.738
0.879	44.445
0.877	39.328
0.89	45.266
0.731	27.93
0.693	27.784
0.849	38.642
0.848	35.215
0.757	29.481
0.759	31.502
0.794	32.266
0.776	32.246
0.862	39.113
0.75	29.075
0.876	39.302
0.738	28.794
0.795	32.282
0.887	44.449
0.685	27.631
0.86	38.946
0.888	44.498
0.837	33.719
0.76	31.78
0.803	32.375
0.811	32.387
0.77	32.2
0.804	32.383
0.853	38.69
0.684	27.479
0.889	45.124
0.841	34.367
0.691	27.689
0.822	32.953
0.838	34.061
0.776	32.246
0.68	27.421
0.816	32.431
0.822	32.953
0.816	32.431
0.764	31.839
0.752	29.379
0.832	33.681
0.844	34.376
0.825	33.499
0.751	29.371
0.767	32.021
0.767	32.021
0.738	28.794
0.759	31.502
0.677	27.195
0.86	38.946
0.815	32.415
0.826	33.514
0.83	33.676
0.838	34.061
0.824	33.201
0.862	39.113
0.847	35.07
0.846	34.785
0.75	29.075
0.674	26.912
0.676	27.023
0.764	31.839
0.68	27.421
0.83	33.676
0.853	38.69
0.77	32.2
0.693	27.784
0.677	27.195
0.733	28.326
0.732	28.105
0.852	38.686
0.812	32.388
0.757	29.481
0.845	34.582
0.846	34.785
0.845	34.582
0.824	33.201
0.823	33.006
0.876	39.302
0.735	28.626
0.734	28.443
0.732	28.105
0.691	27.689
0.826	33.514
0.731	27.93
0.847	35.07
0.736	28.666
0.832	33.681
0.89	45.266
0.889	45.124
0.877	39.328
0.736	28.666
0.734	28.443
0.733	28.326
0.676	27.023
0.674	26.912
