P=? [ F (x=9&y=9&crashed=0) ]	R{"cost"}=? [ C<=100 ]
0.896	44.727
0.675	26.925
0.675	26.925
0.896	44.727
0.885	44.096
0.878	39.482
0.855	37.801
0.846	34.787
0.734	28.088
0.692	27.907
0.791	32.194
0.717	27.961
0.768	32.025
0.754	29.388
0.756	31.04
0.855	37.801
0.717	27.961
0.861	38.959
0.876	39.305
0.68	27.045
0.75	29.22
0.846	34.787
0.745	28.475
0.811	32.368
0.764	31.807
0.856	38.505
0.746	28.539
0.802	32.325
0.886	44.266
0.885	44.096
0.878	39.482
0.763	31.271
0.689	27.479
0.893	44.35
0.824	33.466
0.823	32.974
0.84	34.349
0.684	27.424
0.816	32.406
0.861	38.959
0.768	32.025
0.75	29.22
0.796	32.233
0.745	28.475
0.845	34.517
0.82	32.872
0.796	32.233
0.876	39.305
0.817	32.59
0.801	32.309
0.859	38.902
0.83	33.575
0.746	28.539
0.829	33.558
0.838	33.84
0.839	34.056
0.817	32.59
0.684	27.424
0.758	31.178
0.82	32.872
0.858	38.651
0.894	44.362
0.754	29.388
0.761	31.184
0.764	31.807
0.839	34.056
0.836	33.713
0.826	33.514
0.895	44.52
0.756	31.04
0.842	34.373
0.686	27.455
0.689	27.479
0.813	32.376
0.877	39.314
0.762	31.259
0.833	33.627
0.836	33.713
0.677	26.979
0.895	44.52
0.676	26.978
0.825	33.468
0.838	33.84
0.757	31.165
0.844	34.49
0.813	32.376
0.844	34.49
0.842	34.373
0.686	27.455
0.822	32.969
0.822	32.969
0.834	33.631
0.893	44.35
0.886	44.266
0.857	38.587
0.834	33.631
0.856	38.505
0.801	32.309
0.677	26.979
0.858	38.651
