P=? [ F (x=9&y=9&crashed=0) ]	R{"cost"}=? [ C<=100 ]
0.935	55.606
0.764	31.86
0.935	55.606
0.764	31.86
0.775	32.834
0.933	55.098
0.918	50.756
0.804	33.624
0.903	49.183
0.899	45.292
0.806	36.477
0.805	33.809
0.918	50.756
0.933	55.098
0.873	42.691
0.867	40.609
0.821	36.692
0.809	36.61
0.876	43.609
0.914	49.421
0.904	49.21
0.765	31.947
0.887	44.328
0.774	32.811
0.822	36.845
0.895	44.356
0.884	44.064
0.828	36.906
0.899	45.292
0.867	40.609
0.873	42.691
0.774	32.811
0.765	31.947
0.85	38.367
0.804	33.624
0.84	38.169
0.839	37.727
0.844	38.228
0.831	37.232
0.853	38.867
0.835	37.633
0.852	38.563
0.917	50.396
0.916	49.915
0.898	44.812
0.843	38.218
0.859	39.491
0.875	43.149
0.884	44.064
0.876	43.609
0.903	49.183
0.916	49.915
0.915	49.487
0.917	50.396
0.809	36.61
0.833	37.419
0.886	44.138
0.851	38.521
0.833	37.419
0.857	39.108
0.836	37.66
0.865	40.281
0.864	39.986
0.875	43.149
0.874	42.869
0.934	55.333
0.86	39.614
0.898	44.812
0.897	44.575
0.934	55.333
0.855	39.035
0.914	49.421
0.904	49.21
0.858	39.281
0.83	37.032
0.866	40.42
0.805	33.809
0.864	39.986
0.863	39.804
0.874	42.869
0.858	39.281
0.862	39.782
0.86	39.614
0.862	39.782
0.897	44.575
0.896	44.431
0.866	40.42
0.865	40.281
0.85	38.367
0.844	38.228
0.83	37.032
0.829	36.931
0.854	38.958
0.821	36.692
0.854	38.958
0.896	44.431
0.857	39.108
0.855	39.035
0.839	37.727
0.836	37.66
