P=? [ F (x=9&y=9&crashed=0) ]	R{"cost"}=? [ C<=100 ]
0.835	55.284
0.64	24.723
0.835	55.284
0.64	24.723
0.645	25.011
0.731	28.209
0.819	43.815
0.821	49.279
0.827	50.507
0.79	38.0
0.812	42.646
0.781	34.308
0.645	25.011
0.755	32.79
0.803	39.518
0.731	28.209
0.751	29.599
0.803	39.518
0.747	29.006
0.812	42.646
0.732	28.234
0.801	38.042
0.762	33.175
0.771	33.31
0.781	34.308
0.825	50.463
0.821	49.279
0.819	43.815
0.79	38.0
0.827	50.507
0.747	29.006
0.755	32.79
0.796	38.007
0.732	28.234
0.751	29.599
0.796	38.007
0.825	50.463
0.774	33.502
0.75	29.407
0.641	24.752
0.78	34.215
0.778	33.745
0.774	33.502
0.771	33.31
0.777	33.652
0.75	29.407
0.758	33.154
0.759	33.161
0.758	33.154
0.641	24.752
0.778	33.745
0.78	34.215
0.801	38.042
0.777	33.652
0.759	33.161
0.64	24.723
0.835	55.284
0.645	25.011
0.731	28.209
0.803	39.518
0.812	42.646
0.781	34.308
0.821	49.279
0.819	43.815
0.79	38.0
0.827	50.507
0.747	29.006
0.755	32.79
0.732	28.234
0.751	29.599
0.796	38.007
0.825	50.463
0.774	33.502
0.75	29.407
0.758	33.154
0.641	24.752
0.778	33.745
0.78	34.215
0.777	33.652
0.759	33.161
0.835	55.284
0.64	24.723
0.645	25.011
0.731	28.209
0.803	39.518
0.812	42.646
0.781	34.308
0.821	49.279
0.819	43.815
0.79	38.0
0.827	50.507
0.747	29.006
0.732	28.234
0.751	29.599
0.796	38.007
0.825	50.463
0.774	33.502
0.75	29.407
0.758	33.154
0.641	24.752
