P=? [ F (x=9&y=9&crashed=0) ]	R{"cost"}=? [ C<=100 ]
0.835	60.696
0.637	27.201
0.637	27.201
0.835	60.696
0.751	29.918
0.638	27.212
0.767	33.873
0.785	38.675
0.817	45.286
0.784	34.391
0.826	54.914
0.808	39.092
0.751	29.918
0.833	55.922
0.825	50.313
0.809	43.349
0.818	48.962
0.804	38.77
0.638	27.212
0.773	34.13
0.81	43.522
0.821	49.884
0.81	43.522
0.773	34.13
0.831	55.566
0.824	50.136
0.818	48.962
0.831	55.566
0.826	54.914
0.804	38.77
0.821	49.884
0.833	55.922
0.784	34.391
0.825	50.313
0.785	38.675
0.637	27.201
0.835	60.696
0.751	29.918
0.638	27.212
0.81	43.522
0.831	55.566
0.773	34.13
0.818	48.962
0.826	54.914
0.804	38.77
0.821	49.884
0.784	34.391
0.825	50.313
0.785	38.675
0.835	60.696
0.637	27.201
0.751	29.918
0.773	34.13
0.81	43.522
0.785	38.675
0.831	55.566
0.826	54.914
0.835	60.696
0.637	27.201
0.773	34.13
0.81	43.522
0.785	38.675
0.831	55.566
0.826	54.914
0.835	60.696
0.637	27.201
0.81	43.522
0.835	60.696
0.637	27.201
0.81	43.522
0.835	60.696
0.637	27.201
0.835	60.696
0.637	27.201
0.835	60.696
0.637	27.201
0.835	60.696
0.835	60.696
0.835	60.696
0.835	60.696
0.637	27.201
0.637	27.201
0.637	27.201
0.637	27.201
0.637	27.201
0.637	27.201
0.835	60.696
0.637	27.201
0.637	27.201
0.637	27.201
0.773	34.13
0.637	27.201
0.637	27.201
0.785	38.675
0.637	27.201
0.826	54.914
0.81	43.522
0.751	29.918
0.818	48.962
0.785	38.675
