P=? [ F (x=9&y=9&crashed=0) ]	R{"cost"}=? [ C<=100 ]
0.81	39.715
0.747	28.95
0.81	39.715
0.747	28.95
0.757	30.402
0.792	38.666
0.777	33.656
0.777	33.656
0.789	35.47
0.805	38.76
0.807	39.321
0.783	34.599
0.75	29.574
0.753	29.738
0.789	35.47
0.807	39.321
0.755	30.025
0.749	29.253
0.755	30.025
0.792	38.666
0.781	34.232
0.784	34.821
0.753	29.738
0.749	29.253
0.782	34.3
0.779	33.935
0.787	35.202
0.786	35.089
0.779	33.935
0.786	35.089
0.787	35.202
0.784	34.821
0.805	38.76
0.78	34.058
0.75	29.574
0.78	34.058
0.782	34.3
0.747	28.95
0.81	39.715
0.777	33.656
0.789	35.47
0.807	39.321
0.792	38.666
0.753	29.738
0.749	29.253
0.779	33.935
0.787	35.202
0.784	34.821
0.805	38.76
0.75	29.574
0.78	34.058
0.782	34.3
0.81	39.715
0.747	28.95
0.789	35.47
0.753	29.738
0.749	29.253
0.779	33.935
0.784	34.821
0.805	38.76
0.782	34.3
0.78	34.058
0.75	29.574
0.81	39.715
0.747	28.95
0.789	35.47
0.753	29.738
0.749	29.253
0.779	33.935
0.784	34.821
0.782	34.3
0.78	34.058
0.805	38.76
0.75	29.574
0.747	28.95
0.81	39.715
0.789	35.47
0.753	29.738
0.749	29.253
0.779	33.935
0.784	34.821
0.782	34.3
0.78	34.058
0.805	38.76
0.75	29.574
0.747	28.95
0.81	39.715
0.753	29.738
0.749	29.253
0.779	33.935
0.784	34.821
0.782	34.3
0.78	34.058
0.805	38.76
0.75	29.574
0.81	39.715
0.747	28.95
0.749	29.253
0.779	33.935
0.784	34.821
