P=? [ F (x=9&y=9&crashed=0) ]	R{"cost"}=? [ C<=100 ]
-0.0	0.0
0.836	44.015
-0.0	0.0
0.836	44.015
0.673	26.735
0.673	26.735
0.831	43.291
0.82	40.384
0.707	27.713
0.795	35.173
0.729	29.221
0.796	37.36
0.745	31.45
0.711	27.814
0.726	29.148
0.82	40.384
0.784	34.107
0.793	35.084
0.784	34.107
0.729	29.221
0.745	31.45
0.711	27.814
0.726	29.148
0.819	39.615
0.818	39.476
0.777	33.578
0.831	43.291
0.749	31.518
0.777	33.578
0.793	35.084
0.816	38.967
0.756	31.609
0.766	32.833
0.764	32.383
0.814	38.599
0.815	38.863
0.775	33.201
0.834	43.859
0.833	43.446
0.798	37.403
0.774	32.968
0.81	38.348
0.804	37.904
0.8	37.662
0.764	32.383
0.814	38.599
0.81	38.348
0.763	32.18
0.762	31.932
0.776	33.334
0.761	31.907
0.76	31.674
0.807	37.989
0.835	43.879
0.763	32.18
0.801	37.75
0.804	37.904
0.771	32.91
0.816	38.967
0.801	37.75
0.759	31.65
0.8	37.662
0.819	39.615
0.833	43.446
0.832	43.311
0.708	27.741
0.776	33.334
0.809	38.221
0.808	38.112
0.809	38.221
0.808	38.112
0.727	29.192
0.798	37.403
0.772	32.943
0.807	37.989
0.767	32.865
0.766	32.833
0.769	32.891
0.757	31.632
0.708	27.741
0.769	32.891
0.747	31.486
0.796	37.36
0.747	31.486
0.727	29.192
0.767	32.865
0.774	32.968
0.772	32.943
0.762	31.932
0.761	31.907
0.76	31.674
0.746	31.474
0.832	43.311
0.834	43.859
0.757	31.632
0.746	31.474
-0.0	0.0
0.836	44.015
0.673	26.735
0.708	27.741
