P=? [ F (x=9&y=9&crashed=0) ]	R{"cost"}=? [ C<=100 ]
0.863	54.36
0.712	30.449
0.712	30.449
0.863	54.36
0.859	53.452
0.728	31.285
0.853	49.25
0.85	48.397
0.753	33.228
0.838	44.673
0.757	36.227
0.756	33.284
0.817	41.486
0.804	38.874
0.85	48.397
0.79	36.698
0.817	41.486
0.774	36.606
0.804	38.874
0.753	33.228
0.838	44.673
0.832	43.301
0.82	42.143
0.723	30.601
0.763	36.551
0.774	36.606
0.853	49.25
0.832	43.301
0.82	42.143
0.862	54.346
0.762	36.422
0.801	38.029
0.797	37.443
0.819	42.017
0.797	37.443
0.799	37.617
0.794	36.959
0.794	36.959
0.793	36.801
0.724	30.765
0.802	38.455
0.725	30.916
0.79	36.698
0.803	38.487
0.834	43.811
0.833	43.454
0.835	44.16
0.834	43.811
0.837	44.326
0.862	54.346
0.8	37.946
0.819	42.017
0.727	31.221
0.726	31.018
0.762	36.422
0.757	36.227
0.799	37.617
0.833	43.454
0.723	30.601
0.837	44.326
0.836	44.188
0.793	36.801
0.726	31.018
0.8	37.946
0.727	31.221
0.756	33.284
0.763	36.551
0.803	38.487
0.802	38.455
0.836	44.188
0.835	44.16
0.863	54.36
0.85	48.397
0.817	41.486
0.804	38.874
0.753	33.228
0.774	36.606
0.832	43.301
0.797	37.443
0.794	36.959
0.79	36.698
0.834	43.811
0.862	54.346
0.819	42.017
0.762	36.422
0.799	37.617
0.833	43.454
0.723	30.601
0.837	44.326
0.793	36.801
0.726	31.018
0.8	37.946
0.727	31.221
0.756	33.284
0.803	38.487
0.802	38.455
0.836	44.188
0.835	44.16
0.863	54.36
0.85	48.397
