P=? [ F (x=9&y=9&crashed=0) ]	R{"cost"}=? [ C<=100 ]
0.689	27.022
0.853	50.508
0.689	27.022
0.853	50.508
0.825	42.447
0.758	31.348
0.73	31.24
0.836	45.205
0.797	37.111
0.842	47.136
0.85	48.289
0.818	39.796
0.706	27.439
0.72	27.973
0.703	27.15
0.728	31.052
0.794	35.388
0.725	28.847
0.842	47.136
0.69	27.037
0.851	49.988
0.811	38.552
0.773	32.558
0.835	43.995
0.85	48.289
0.817	39.694
0.765	32.274
0.833	43.471
0.826	43.456
0.818	39.796
0.801	37.628
0.817	39.694
0.811	38.552
0.79	34.801
0.827	43.461
0.788	34.731
0.801	37.628
0.762	32.181
0.785	33.787
0.782	33.768
0.773	32.558
0.765	32.274
0.78	33.2
0.806	38.304
0.804	38.133
0.72	27.973
0.787	34.208
0.721	28.487
0.761	31.835
0.728	31.052
0.803	38.044
0.759	31.61
0.791	35.183
0.808	38.492
0.725	28.847
0.834	43.835
0.78	33.2
0.777	32.864
0.786	34.116
0.777	32.864
0.776	32.828
0.852	50.3
0.851	49.988
0.781	33.467
0.776	32.828
0.781	33.467
0.73	31.24
0.705	27.398
0.723	28.757
0.722	28.523
0.803	38.044
0.761	31.835
0.759	31.61
0.852	50.3
0.705	27.398
0.835	43.995
0.834	43.835
0.69	27.037
0.758	31.348
0.793	35.294
0.792	35.191
0.807	38.397
0.793	35.294
0.762	32.181
0.807	38.397
0.787	34.208
0.786	34.116
0.724	28.76
0.788	34.731
0.808	38.492
0.722	28.523
0.721	28.487
0.785	33.787
0.782	33.768
0.833	43.471
0.827	43.461
0.792	35.191
0.791	35.183
0.826	43.456
0.724	28.76
