P=? [ F (x=9&y=9&crashed=0) ]	R{"cost"}=? [ C<=100 ]
0.687	26.778
0.837	44.454
0.837	44.454
0.687	26.778
0.702	27.51
0.825	42.475
0.815	37.709
0.821	39.073
0.727	27.537
0.744	30.481
0.801	35.586
0.743	29.367
0.801	35.586
0.737	29.243
0.77	31.755
0.757	31.561
0.756	31.533
0.693	27.254
0.791	33.793
0.736	28.246
0.756	31.533
0.744	30.481
0.783	33.615
0.778	33.189
0.825	42.475
0.831	42.87
0.781	33.245
0.833	43.563
0.832	43.004
0.777	32.668
0.693	27.254
0.821	39.073
0.819	38.701
0.818	38.217
0.8	35.494
0.799	35.021
0.731	27.946
0.796	34.587
0.795	34.147
0.772	31.808
0.791	33.793
0.831	42.87
0.836	44.062
0.782	33.6
0.73	27.607
0.794	34.118
0.798	34.964
0.797	34.645
0.77	31.755
0.69	26.965
0.775	32.384
0.774	32.096
0.733	27.983
0.794	34.118
0.736	28.246
0.734	27.988
0.82	38.942
0.819	38.701
0.69	26.965
0.817	38.075
0.816	37.871
0.834	43.761
0.833	43.563
0.757	31.561
0.689	26.962
0.777	32.668
0.776	32.488
0.729	27.545
0.783	33.615
0.836	44.062
0.835	43.896
0.816	37.871
0.774	32.096
0.773	31.938
0.727	27.537
0.818	38.217
0.817	38.075
0.835	43.896
0.834	43.761
0.832	43.004
0.82	38.942
0.773	31.938
0.743	29.367
0.737	29.243
0.734	27.988
0.689	26.962
0.776	32.488
0.775	32.384
0.8	35.494
0.73	27.607
0.797	34.645
0.796	34.587
0.799	35.021
0.798	34.964
0.781	33.245
0.778	33.189
0.731	27.946
0.795	34.147
0.782	33.6
0.729	27.545
