P=? [ F (x=9&y=9&crashed=0) ]	R{"cost"}=? [ C<=100 ]
0.749	27.514
0.888	49.218
0.888	49.218
0.749	27.514
0.797	27.61
0.804	28.283
0.838	28.286
0.881	47.659
0.871	42.953
0.87	39.379
0.858	37.235
0.856	33.86
0.847	32.365
0.846	29.079
0.88	44.756
0.881	47.659
0.854	33.117
0.851	32.902
0.841	28.364
0.869	38.917
0.863	37.739
0.856	33.86
0.798	27.628
0.804	28.283
0.876	43.508
0.798	27.628
0.878	43.803
0.865	38.496
0.872	43.103
0.864	38.339
0.86	37.297
0.842	28.957
0.876	43.508
0.879	44.284
0.88	44.756
0.879	44.284
0.87	39.379
0.863	37.739
0.869	38.917
0.865	38.496
0.872	43.103
0.86	37.297
0.854	33.117
0.85	32.593
0.878	43.803
0.858	37.235
0.849	32.57
0.847	32.365
0.844	29.027
0.849	32.57
0.839	28.298
0.864	38.339
0.871	42.953
0.797	27.61
0.839	28.298
0.846	29.079
0.844	29.027
0.843	28.988
0.843	28.988
0.842	28.957
0.85	32.593
0.838	28.286
0.888	49.218
0.749	27.514
0.881	47.659
0.856	33.86
0.804	28.283
0.798	27.628
0.876	43.508
0.85	32.593
0.88	44.756
0.879	44.284
0.87	39.379
0.863	37.739
0.869	38.917
0.865	38.496
0.842	28.957
0.878	43.803
0.858	37.235
0.847	32.365
0.849	32.57
0.864	38.339
0.871	42.953
0.797	27.61
0.846	29.079
0.844	29.027
0.843	28.988
0.838	28.286
0.888	49.218
0.749	27.514
0.881	47.659
0.798	27.628
0.856	33.86
0.871	42.953
0.88	44.756
0.879	44.284
0.87	39.379
0.865	38.496
0.842	28.957
0.878	43.803
