P=? [ F (x=9&y=9&crashed=0) ]	R{"cost"}=? [ C<=100 ]
0.656	26.301
0.873	40.614
0.873	40.614
0.656	26.301
0.863	34.778
0.869	38.761
0.849	29.501
0.85	32.404
0.72	26.617
0.762	27.178
0.762	27.178
0.792	27.27
0.682	26.383
0.708	26.509
0.682	26.383
0.72	26.617
0.812	27.526
0.829	27.528
0.871	39.613
0.857	34.184
0.863	34.778
0.869	38.761
0.793	27.348
0.708	26.509
0.806	27.484
0.844	28.742
0.849	29.501
0.838	27.964
0.844	28.742
0.851	32.973
0.856	33.576
0.857	34.184
0.87	39.344
0.85	32.404
0.832	27.532
0.838	27.964
0.806	27.484
0.842	28.363
0.84	28.325
0.853	33.345
0.851	32.973
0.871	39.613
0.832	27.532
0.812	27.526
0.87	39.344
0.853	33.345
0.854	33.519
0.793	27.348
0.829	27.528
0.842	28.363
0.84	28.325
0.792	27.27
0.855	33.566
0.854	33.519
0.856	33.576
0.855	33.566
0.873	40.614
0.656	26.301
0.762	27.178
0.682	26.383
0.72	26.617
0.863	34.778
0.869	38.761
0.708	26.509
0.844	28.742
0.857	34.184
0.85	32.404
0.838	27.964
0.806	27.484
0.851	32.973
0.871	39.613
0.832	27.532
0.812	27.526
0.87	39.344
0.853	33.345
0.793	27.348
0.829	27.528
0.842	28.363
0.84	28.325
0.792	27.27
0.854	33.519
0.856	33.576
0.855	33.566
0.656	26.301
0.873	40.614
0.762	27.178
0.682	26.383
0.72	26.617
0.863	34.778
0.869	38.761
0.708	26.509
0.857	34.184
0.838	27.964
0.85	32.404
0.806	27.484
0.844	28.742
0.851	32.973
0.871	39.613
0.832	27.532
0.812	27.526
