P=? [ F (x=9&y=9&crashed=0) ]	R{"cost"}=? [ C<=100 ]
0.881	45.382
0.704	23.4
0.881	45.382
0.704	23.4
0.749	27.269
0.805	27.491
0.749	27.269
0.856	33.928
0.879	44.372
0.872	40.452
0.861	37.83
0.829	29.332
0.844	31.89
0.829	29.332
0.844	31.89
0.879	44.372
0.872	40.452
0.819	28.34
0.819	28.34
0.871	39.56
0.815	27.933
0.827	29.23
0.827	29.23
0.865	38.69
0.815	27.933
0.808	27.493
0.87	39.342
0.861	37.83
0.808	27.493
0.87	39.342
0.865	38.69
0.851	33.08
0.851	33.08
0.849	32.678
0.805	27.491
0.854	33.515
0.864	38.273
0.849	32.678
0.854	33.515
0.848	32.33
0.847	32.278
0.845	31.951
0.855	33.632
0.862	38.022
0.845	31.951
0.847	32.278
0.864	38.273
0.863	38.131
0.855	33.632
0.863	38.131
0.862	38.022
0.848	32.33
0.881	45.382
0.704	23.4
0.749	27.269
0.829	29.332
0.844	31.89
0.879	44.372
0.872	40.452
0.819	28.34
0.827	29.23
0.815	27.933
0.861	37.83
0.808	27.493
0.87	39.342
0.865	38.69
0.851	33.08
0.805	27.491
0.849	32.678
0.854	33.515
0.845	31.951
0.847	32.278
0.864	38.273
0.855	33.632
0.863	38.131
0.862	38.022
0.848	32.33
0.881	45.382
0.704	23.4
0.749	27.269
0.829	29.332
0.844	31.89
0.879	44.372
0.872	40.452
0.819	28.34
0.815	27.933
0.861	37.83
0.808	27.493
0.87	39.342
0.865	38.69
0.851	33.08
0.805	27.491
0.849	32.678
0.854	33.515
0.845	31.951
0.847	32.278
0.864	38.273
0.855	33.632
0.863	38.131
0.862	38.022
