P=? [ F (x=9&y=9&crashed=0) ]	R{"cost"}=? [ C<=100 ]
0.922	45.038
0.707	23.467
0.922	45.038
0.707	23.467
0.79	27.515
0.909	44.494
0.903	39.693
0.756	27.411
0.884	34.09
0.756	27.411
0.888	38.361
0.855	29.093
0.859	32.163
0.825	28.347
0.858	29.166
0.817	27.554
0.763	27.432
0.881	33.327
0.899	38.971
0.889	38.927
0.872	33.293
0.825	28.347
0.884	34.09
0.909	44.494
0.865	32.265
0.888	38.361
0.819	27.941
0.901	39.558
0.913	44.979
0.87	32.746
0.903	39.693
0.762	27.413
0.868	32.736
0.916	44.986
0.819	27.941
0.913	44.979
0.865	32.265
0.818	27.68
0.916	44.986
0.901	39.558
0.881	33.327
0.868	32.736
0.899	38.971
0.872	33.293
0.856	29.124
0.818	27.68
0.87	32.746
0.859	32.163
0.763	27.432
0.889	38.927
0.858	29.166
0.856	29.124
0.817	27.554
0.707	23.467
0.922	45.038
0.756	27.411
0.825	28.347
0.884	34.09
0.909	44.494
0.888	38.361
0.903	39.693
0.819	27.941
0.913	44.979
0.865	32.265
0.916	44.986
0.901	39.558
0.881	33.327
0.868	32.736
0.899	38.971
0.872	33.293
0.818	27.68
0.87	32.746
0.859	32.163
0.763	27.432
0.889	38.927
0.858	29.166
0.856	29.124
0.817	27.554
0.707	23.467
0.922	45.038
0.756	27.411
0.825	28.347
0.884	34.09
0.909	44.494
0.888	38.361
0.903	39.693
0.819	27.941
0.913	44.979
0.865	32.265
0.916	44.986
0.901	39.558
0.881	33.327
0.868	32.736
0.899	38.971
0.872	33.293
0.856	29.124
0.818	27.68
0.87	32.746
0.859	32.163
0.763	27.432
