P=? [ F (x=9&y=9&crashed=0) ]	R{"cost"}=? [ C<=100 ]
0.703	23.473
0.933	49.918
0.933	49.918
0.703	23.473
0.781	27.288
0.781	27.288
0.714	23.508
0.844	27.64
0.714	23.508
0.927	49.337
0.925	45.337
0.908	40.512
0.918	44.083
0.891	35.561
0.894	38.185
0.877	32.776
0.862	30.722
0.877	32.776
0.862	30.722
0.857	28.849
0.908	40.512
0.885	35.08
0.86	30.27
0.918	44.083
0.884	33.887
0.888	35.188
0.923	44.661
0.906	40.112
0.905	39.48
0.86	30.27
0.88	33.071
0.891	35.561
0.708	23.491
0.855	28.846
0.883	33.493
0.924	45.153
0.708	23.491
0.844	27.64
0.861	30.711
0.846	27.826
0.906	40.112
0.851	28.479
0.884	33.887
0.894	38.185
0.881	33.303
0.931	49.747
0.929	49.525
0.902	39.276
0.901	38.944
0.854	28.518
0.919	44.286
0.847	28.143
0.921	44.459
0.9	38.871
0.898	38.563
0.929	49.525
0.927	49.337
0.925	45.337
0.921	44.459
0.931	49.747
0.848	28.194
0.848	28.194
0.878	32.926
0.851	28.479
0.857	28.849
0.883	33.493
0.881	33.303
0.9	38.871
0.846	27.826
0.898	38.563
0.924	45.153
0.919	44.286
0.905	39.48
0.895	38.348
0.903	39.317
0.903	39.317
0.878	32.926
0.853	28.497
0.897	38.493
0.896	38.371
0.885	35.08
0.901	38.944
0.897	38.493
0.847	28.143
0.902	39.276
0.896	38.371
0.895	38.348
0.854	28.518
0.853	28.497
0.861	30.711
0.703	23.473
0.781	27.288
0.714	23.508
0.877	32.776
0.862	30.722
0.908	40.512
0.891	35.561
0.708	23.491
0.844	27.64
0.906	40.112
