P=? [ F (x=9&y=9&crashed=0) ]	R{"cost"}=? [ C<=100 ]
0.696	23.058
0.927	49.977
0.696	23.058
0.927	49.977
0.702	24.471
0.784	27.941
0.852	28.54
0.764	27.751
0.764	27.751
0.926	45.549
0.918	44.305
0.907	40.491
0.702	24.471
0.894	38.144
0.888	35.636
0.888	35.636
0.78	27.77
0.885	34.071
0.864	31.223
0.874	32.348
0.918	44.305
0.907	40.491
0.86	29.616
0.897	38.537
0.857	29.206
0.874	32.348
0.7	23.456
0.863	30.742
0.864	31.223
0.882	33.492
0.855	28.822
0.894	38.144
0.784	27.941
0.9	38.887
0.901	39.132
0.876	32.769
0.698	23.068
0.863	30.742
0.88	33.159
0.86	29.616
0.852	28.54
0.88	33.159
0.876	32.769
0.7	23.456
0.925	45.351
0.923	44.891
0.885	34.071
0.92	44.588
0.884	33.886
0.903	39.502
0.78	27.77
0.906	40.294
0.905	39.934
0.925	45.351
0.923	44.891
0.922	44.694
0.903	39.502
0.884	33.886
0.853	28.551
0.905	39.934
0.904	39.698
0.92	44.588
0.926	45.549
0.906	40.294
0.904	39.698
0.853	28.551
0.922	44.694
0.927	49.977
0.696	23.058
0.764	27.751
0.702	24.471
0.888	35.636
0.907	40.491
0.874	32.348
0.864	31.223
0.894	38.144
0.784	27.941
0.863	30.742
0.86	29.616
0.852	28.54
0.876	32.769
0.7	23.456
0.885	34.071
0.88	33.159
0.78	27.77
0.925	45.351
0.923	44.891
0.903	39.502
0.905	39.934
0.92	44.588
0.926	45.549
0.906	40.294
0.904	39.698
0.853	28.551
0.922	44.694
0.884	33.886
0.927	49.977
0.764	27.751
0.702	24.471
0.888	35.636
