P=? [ F (x=9&y=9&crashed=0) ]	R{"cost"}=? [ C<=100 ]
0.862	49.659
0.648	25.789
0.862	49.659
0.648	25.789
0.853	48.564
0.845	44.111
0.721	28.777
0.836	43.039
0.829	40.074
0.739	28.873
0.791	37.171
0.787	35.101
0.8	37.907
0.651	25.96
0.761	32.053
0.748	30.314
0.816	38.043
0.703	28.549
0.682	26.058
0.666	25.974
0.667	26.013
0.748	30.314
0.761	32.053
0.745	30.111
0.744	29.456
0.829	40.074
0.845	44.111
0.69	27.741
0.853	48.564
0.767	32.389
0.793	37.346
0.82	38.233
0.784	34.218
0.689	27.025
0.828	39.679
0.771	33.102
0.836	43.039
0.78	33.546
0.84	43.225
0.692	28.112
0.698	28.509
0.685	26.211
0.687	26.807
0.744	29.456
0.796	37.47
0.787	35.101
0.739	28.873
0.825	39.117
0.817	38.05
0.855	48.568
0.797	37.58
0.764	32.147
0.791	37.171
0.768	32.778
0.826	39.364
0.701	28.535
0.694	28.136
0.691	27.745
0.776	33.338
0.765	32.236
0.77	32.869
0.842	43.644
0.785	34.634
0.649	25.792
0.684	26.084
0.843	43.72
0.781	33.802
0.859	49.174
0.698	28.509
0.694	28.136
0.857	48.752
0.776	33.338
0.703	28.549
0.688	26.914
0.783	34.027
0.778	33.359
0.839	43.222
0.838	43.043
0.786	34.892
0.785	34.634
0.799	37.768
0.822	38.689
0.858	48.996
0.821	38.445
0.685	26.211
0.771	33.102
0.783	34.027
0.781	33.802
0.861	49.435
0.824	38.938
0.823	38.715
0.687	26.807
0.821	38.445
0.786	34.892
0.844	43.903
0.769	32.787
0.799	37.768
0.842	43.644
0.857	48.752
0.861	49.435
