P=? [ F (x=9&y=9&crashed=0) ]	R{"cost"}=? [ C<=100 ]
0.871	50.876
0.649	25.812
0.649	25.812
0.871	50.876
0.855	49.183
0.728	31.775
0.83	43.187
0.762	32.282
0.683	26.068
0.829	39.89
0.854	45.877
0.798	37.357
0.788	35.327
0.819	38.094
0.805	38.042
0.863	49.418
0.723	30.11
0.772	33.452
0.78	33.573
0.798	37.357
0.788	35.327
0.69	28.01
0.724	30.927
0.717	29.587
0.704	28.644
0.713	29.001
0.689	27.184
0.726	31.514
0.785	34.668
0.687	26.715
0.835	43.253
0.701	28.55
0.851	45.553
0.849	44.887
0.845	44.178
0.717	29.587
0.694	28.41
0.838	43.421
0.762	32.282
0.847	44.857
0.839	43.943
0.866	50.044
0.728	31.775
0.782	34.233
0.784	34.27
0.723	30.11
0.685	26.293
0.823	38.857
0.714	29.085
0.826	39.402
0.692	28.031
0.841	44.094
0.867	50.122
0.696	28.436
0.801	37.818
0.689	27.184
0.769	33.011
0.863	49.418
0.725	31.065
0.767	32.688
0.846	44.419
0.781	33.809
0.786	35.087
0.766	32.451
0.822	38.621
0.821	38.558
0.826	39.402
0.868	50.415
0.837	43.316
0.824	39.017
0.713	29.001
0.704	28.644
0.8	37.589
0.684	26.094
0.87	50.748
0.868	50.415
0.804	37.845
0.77	33.127
0.714	29.085
0.828	39.697
0.866	50.044
0.828	39.697
0.765	32.387
0.853	45.704
0.824	39.017
0.851	45.553
0.683	26.068
0.803	37.835
0.846	44.419
0.771	33.211
0.87	50.748
0.781	33.809
0.855	49.183
0.82	38.323
0.768	32.777
0.8	37.589
0.82	38.323
0.696	28.436
0.686	26.499
0.686	26.499
