P=? [ F (x=9&y=9&crashed=0) ]	R{"cost"}=? [ C<=100 ]
0.862	53.826
0.678	28.556
0.862	53.826
0.678	28.556
0.721	31.42
0.847	47.808
0.861	49.063
0.814	41.517
0.784	35.93
0.762	35.773
0.837	44.681
0.741	31.549
0.807	38.622
0.757	34.2
0.837	44.681
0.798	37.212
0.76	35.68
0.854	47.932
0.807	38.622
0.792	37.039
0.754	33.355
0.857	48.306
0.754	33.355
0.803	37.803
0.828	42.534
0.8	37.6
0.818	41.931
0.817	41.827
0.749	32.734
0.859	48.878
0.823	41.944
0.747	32.659
0.746	32.069
0.756	33.777
0.832	43.595
0.83	43.036
0.749	32.734
0.836	44.272
0.788	36.368
0.791	36.734
0.745	31.883
0.858	48.419
0.825	42.309
0.786	36.087
0.743	31.855
0.789	36.51
0.756	33.777
0.787	36.105
0.805	38.34
0.804	37.931
0.854	47.932
0.79	36.672
0.827	42.312
0.76	35.68
0.8	37.6
0.829	42.858
0.824	41.989
0.832	43.595
0.836	44.272
0.834	43.954
0.83	43.036
0.834	43.954
0.741	31.549
0.815	41.564
0.761	35.758
0.806	38.409
0.746	32.069
0.861	49.063
0.859	48.878
0.815	41.564
0.833	43.777
0.829	42.858
0.833	43.777
0.792	37.039
0.743	31.855
0.804	37.931
0.858	48.419
0.748	32.73
0.747	32.659
0.806	38.409
0.805	38.34
0.824	41.989
0.823	41.944
0.818	41.931
0.748	32.73
0.827	42.312
0.825	42.309
0.678	28.556
0.862	53.826
0.837	44.681
0.754	33.355
0.749	32.734
0.76	35.68
0.8	37.6
0.832	43.595
0.836	44.272
0.83	43.036
0.834	43.954
0.741	31.549
0.746	32.069
