P=? [ F (x=9&y=9&crashed=0) ]	R{"cost"}=? [ C<=100 ]
0.614	26.137
0.614	26.137
0.818	42.067
0.76	33.097
0.689	30.702
0.812	38.166
0.64	26.87
0.68	26.993
0.708	31.112
0.686	27.844
0.778	35.7
0.735	31.359
0.756	31.592
0.794	37.361
0.759	32.833
0.778	35.7
0.741	31.487
0.722	31.286
0.758	31.82
0.722	31.286
0.789	36.38
0.637	26.47
0.626	26.341
0.809	37.579
0.812	38.166
0.786	35.931
0.689	30.702
0.789	36.38
0.626	26.341
0.62	26.217
0.741	31.487
0.779	35.723
0.802	37.394
0.62	26.217
0.682	27.224
0.684	27.598
0.686	27.844
0.8	37.372
0.811	37.847
0.683	27.586
0.794	37.361
0.639	26.639
0.811	37.847
0.809	37.579
0.682	27.224
0.758	31.82
0.788	36.166
0.786	35.931
0.779	35.723
0.637	26.47
0.68	26.993
0.787	36.13
0.802	37.394
0.639	26.639
0.64	26.87
0.788	36.166
0.787	36.13
0.801	37.381
0.683	27.586
0.8	37.372
0.801	37.381
0.614	26.137
0.741	31.487
0.722	31.286
0.812	38.166
0.789	36.38
0.626	26.341
0.62	26.217
0.686	27.844
0.794	37.361
0.811	37.847
0.809	37.579
0.683	27.586
0.682	27.224
0.637	26.47
0.786	35.931
0.802	37.394
0.639	26.639
0.64	26.87
0.787	36.13
0.8	37.372
0.801	37.381
0.614	26.137
0.741	31.487
0.722	31.286
0.789	36.38
0.626	26.341
0.62	26.217
0.686	27.844
0.794	37.361
0.811	37.847
0.809	37.579
0.682	27.224
0.637	26.47
0.786	35.931
0.802	37.394
0.639	26.639
0.787	36.13
0.8	37.372
0.801	37.381
