P=? [ F (x=9&y=9&crashed=0) ]	R{"cost"}=? [ C<=100 ]
0.615	26.475
0.86	48.96
0.86	48.96
0.856	47.956
0.844	44.25
0.696	28.195
0.823	41.701
0.815	38.713
0.737	31.329
0.707	30.982
0.785	35.776
0.766	32.994
0.638	26.571
0.645	26.98
0.669	27.141
0.755	31.441
0.675	27.677
0.691	27.869
0.785	35.776
0.766	32.994
0.856	47.956
0.806	37.025
0.792	36.653
0.723	31.313
0.696	28.195
0.844	44.25
0.709	31.101
0.707	30.982
0.838	43.111
0.815	38.713
0.641	26.911
0.72	31.154
0.823	41.701
0.672	27.603
0.765	32.993
0.763	32.222
0.83	42.945
0.857	48.402
0.691	27.869
0.842	43.998
0.859	48.52
0.826	42.247
0.645	26.98
0.67	27.188
0.759	31.866
0.84	43.495
0.806	37.025
0.792	36.653
0.841	43.632
0.825	41.976
0.807	37.25
0.811	37.798
0.812	38.124
0.759	31.866
0.757	31.632
0.761	32.186
0.814	38.394
0.829	42.833
0.828	42.52
0.757	31.632
0.79	36.412
0.789	36.131
0.788	35.943
0.825	41.976
0.838	43.111
0.81	37.663
0.809	37.423
0.84	43.495
0.721	31.165
0.789	36.131
0.791	36.465
0.843	44.081
0.83	42.945
0.814	38.394
0.813	38.232
0.669	27.141
0.788	35.943
0.786	35.789
0.827	42.4
0.709	31.101
0.67	27.188
0.841	43.632
0.811	37.798
0.81	37.663
0.809	37.423
0.808	37.295
0.762	32.204
0.828	42.52
0.827	42.4
0.722	31.284
0.859	48.52
0.829	42.833
0.763	32.222
0.761	32.186
0.813	38.232
0.812	38.124
0.786	35.789
0.765	32.993
0.843	44.081
0.791	36.465
