P=? [ F (x=9&y=9&crashed=0) ]	R{"cost"}=? [ C<=100 ]
0.871	54.564
0.614	26.147
0.871	54.564
0.614	26.147
0.837	47.831
0.829	42.948
0.812	38.123
0.721	31.154
0.86	53.339
0.818	41.881
0.649	26.519
0.711	27.86
0.615	26.321
0.651	26.628
0.854	49.804
0.68	26.833
0.681	27.014
0.702	27.385
0.778	32.88
0.737	31.405
0.754	31.435
0.735	31.218
0.785	35.782
0.782	33.905
0.711	27.86
0.781	33.877
0.76	32.413
0.837	47.831
0.86	53.339
0.868	54.007
0.771	32.671
0.721	31.154
0.85	49.005
0.829	42.948
0.703	27.418
0.854	49.804
0.842	48.813
0.868	54.007
0.87	54.426
0.818	41.881
0.805	37.402
0.792	37.017
0.84	48.369
0.758	32.015
0.823	42.101
0.772	32.676
0.789	36.309
0.841	48.807
0.79	36.746
0.84	48.369
0.801	37.396
0.808	37.447
0.797	37.193
0.703	27.418
0.828	42.817
0.826	42.412
0.757	31.63
0.702	27.385
0.681	27.014
0.851	49.236
0.853	49.576
0.851	49.236
0.853	49.576
0.81	37.795
0.823	42.101
0.81	37.795
0.788	36.301
0.787	36.105
0.786	35.796
0.792	37.017
0.79	36.746
0.771	32.671
0.76	32.413
0.826	42.412
0.825	42.273
0.782	33.905
0.759	32.164
0.828	42.817
0.785	35.782
0.798	37.199
0.801	37.396
0.809	37.573
0.68	26.833
0.772	32.676
0.615	26.321
0.798	37.199
0.787	36.105
0.85	49.005
0.842	48.813
0.797	37.193
0.825	42.273
0.757	31.63
0.756	31.471
0.759	32.164
0.755	31.448
0.737	31.405
0.809	37.573
0.756	31.471
0.786	35.796
0.614	26.147
