P=? [ F (x=9&y=9&crashed=0) ]	R{"cost"}=? [ C<=100 ]
0.671	27.693
0.87	54.661
0.87	54.661
0.671	27.693
0.762	35.517
0.708	31.169
0.674	27.745
0.866	53.666
0.861	49.595
0.674	27.745
0.787	35.958
0.708	31.169
0.856	48.165
0.845	44.791
0.823	41.807
0.814	38.533
0.75	32.751
0.723	31.528
0.739	31.648
0.762	35.517
0.856	48.165
0.83	43.169
0.841	43.747
0.793	36.949
0.71	31.388
0.75	32.751
0.721	31.393
0.804	37.096
0.845	44.791
0.861	49.595
0.814	38.533
0.823	41.807
0.866	53.666
0.868	54.04
0.86	48.979
0.83	43.169
0.844	44.771
0.843	44.137
0.841	43.747
0.858	48.605
0.828	42.744
0.868	54.04
0.858	48.605
0.806	37.137
0.828	42.744
0.789	36.286
0.742	31.801
0.749	32.718
0.748	32.265
0.787	35.958
0.74	31.657
0.742	31.801
0.842	44.127
0.86	48.979
0.813	38.48
0.812	38.113
0.807	37.501
0.826	42.383
0.826	42.383
0.825	42.168
0.824	41.82
0.79	36.623
0.745	32.123
0.788	36.271
0.804	37.096
0.745	32.123
0.723	31.528
0.81	37.807
0.809	37.562
0.792	36.855
0.791	36.63
0.825	42.168
0.811	37.932
0.812	38.113
0.721	31.393
0.71	31.388
0.811	37.932
0.81	37.807
0.739	31.648
0.747	32.236
0.746	32.133
0.792	36.855
0.813	38.48
0.806	37.137
0.809	37.562
0.808	37.526
0.749	32.718
0.748	32.265
0.747	32.236
0.808	37.526
0.807	37.501
0.844	44.771
0.788	36.271
0.824	41.82
0.746	32.133
0.843	44.137
0.842	44.127
0.791	36.63
0.79	36.623
0.671	27.693
