P=? [ F (x=9&y=9&crashed=0) ]	R{"cost"}=? [ C<=100 ]
0.711	27.237
0.711	27.237
0.86	49.066
0.856	48.467
0.844	44.071
0.839	43.207
0.827	39.84
0.737	30.038
0.714	27.912
0.754	31.89
0.807	38.619
0.823	38.876
0.729	28.458
0.759	33.488
0.827	39.84
0.782	36.717
0.781	34.696
0.737	30.038
0.773	33.625
0.754	31.89
0.844	44.071
0.839	43.207
0.856	48.467
0.801	37.576
0.792	37.494
0.732	28.677
0.758	33.252
0.786	37.206
0.729	28.458
0.714	27.912
0.792	37.494
0.804	38.386
0.734	29.25
0.735	29.468
0.858	48.661
0.807	38.619
0.757	32.705
0.756	32.572
0.755	32.036
0.802	37.726
0.826	39.333
0.803	37.952
0.779	34.362
0.778	33.992
0.735	29.468
0.734	29.25
0.857	48.51
0.777	33.829
0.785	37.054
0.786	37.206
0.783	36.858
0.859	48.922
0.823	38.876
0.775	33.735
0.804	38.386
0.803	37.952
0.842	43.709
0.841	43.491
0.843	43.927
0.842	43.709
0.78	34.573
0.779	34.362
0.785	37.054
0.783	36.858
0.778	33.992
0.824	39.036
0.826	39.333
0.825	39.173
0.841	43.491
0.84	43.342
0.755	32.036
0.859	48.922
0.843	43.927
0.782	36.717
0.773	33.625
0.825	39.173
0.824	39.036
0.759	33.488
0.84	43.342
0.757	32.705
0.756	32.572
0.781	34.696
0.78	34.573
0.774	33.627
0.777	33.829
0.775	33.735
0.774	33.627
0.711	27.237
0.737	30.038
0.754	31.89
0.844	44.071
0.839	43.207
0.729	28.458
0.714	27.912
0.807	38.619
0.734	29.25
0.792	37.494
0.786	37.206
0.823	38.876
0.804	38.386
