P=? [ F (x=9&y=9&crashed=0) ]	R{"cost"}=? [ C<=100 ]
0.862	49.452
0.705	26.842
0.862	49.452
0.846	47.642
0.753	31.644
0.804	38.44
0.785	37.036
0.845	44.354
0.839	43.339
0.829	40.29
0.717	28.838
0.737	29.835
0.733	29.019
0.823	39.011
0.775	33.727
0.76	33.549
0.737	29.835
0.783	35.022
0.829	40.29
0.798	37.121
0.859	49.098
0.859	49.098
0.846	47.642
0.78	34.25
0.839	43.339
0.781	34.393
0.715	27.975
0.711	27.242
0.775	33.727
0.713	27.553
0.825	39.648
0.824	39.028
0.733	29.019
0.782	35.006
0.709	26.857
0.803	37.865
0.823	39.011
0.828	39.729
0.715	27.975
0.757	32.642
0.756	32.14
0.861	49.107
0.842	43.692
0.758	33.076
0.757	32.642
0.714	27.61
0.845	44.354
0.844	44.01
0.842	43.692
0.84	43.349
0.756	32.14
0.755	31.814
0.717	28.838
0.8	37.45
0.799	37.138
0.843	44.0
0.803	37.865
0.802	37.62
0.759	33.309
0.71	27.008
0.759	33.309
0.758	33.076
0.785	37.036
0.76	33.549
0.783	35.022
0.84	43.349
0.802	37.62
0.801	37.466
0.71	27.008
0.755	31.814
0.754	31.666
0.798	37.121
0.828	39.729
0.827	39.668
0.714	27.61
0.754	31.666
0.824	39.028
0.799	37.138
0.827	39.668
0.826	39.651
0.801	37.466
0.782	35.006
0.8	37.45
0.709	26.857
0.844	44.01
0.843	44.0
0.861	49.107
0.826	39.651
0.825	39.648
0.737	29.835
0.829	40.29
0.859	49.098
0.846	47.642
0.839	43.339
0.775	33.727
0.733	29.019
0.823	39.011
0.715	27.975
0.845	44.354
0.756	32.14
