P=? [ F (x=9&y=9&crashed=0) ]	R{"cost"}=? [ C<=100 ]
0.841	43.772
0.705	26.842
0.841	43.772
0.705	26.842
0.825	39.549
0.823	38.884
0.803	38.062
0.84	43.364
0.782	35.214
0.782	35.214
0.76	33.639
0.716	27.945
0.8	37.433
0.84	43.364
0.8	37.433
0.775	33.744
0.75	31.473
0.739	30.043
0.728	28.65
0.75	31.473
0.756	31.914
0.739	30.043
0.78	34.398
0.752	31.753
0.758	32.59
0.728	28.65
0.712	27.263
0.759	33.276
0.757	32.536
0.714	27.853
0.732	29.109
0.73	28.691
0.802	37.538
0.709	27.1
0.777	34.247
0.736	29.736
0.735	29.295
0.71	27.247
0.776	33.852
0.759	33.276
0.709	27.1
0.751	31.524
0.732	29.109
0.734	29.213
0.737	29.916
0.736	29.736
0.73	28.691
0.779	34.363
0.712	27.263
0.714	27.853
0.779	34.363
0.777	34.247
0.776	33.852
0.738	30.023
0.737	29.916
0.734	29.213
0.802	37.538
0.801	37.44
0.715	27.861
0.735	29.295
0.757	32.536
0.751	31.524
0.738	30.023
0.715	27.861
0.801	37.44
0.841	43.772
0.705	26.842
0.782	35.214
0.84	43.364
0.75	31.473
0.739	30.043
0.728	28.65
0.759	33.276
0.732	29.109
0.736	29.736
0.712	27.263
0.714	27.853
0.777	34.247
0.737	29.916
0.802	37.538
0.776	33.852
0.757	32.536
0.751	31.524
0.735	29.295
0.715	27.861
0.801	37.44
0.841	43.772
0.782	35.214
0.84	43.364
0.75	31.473
0.728	28.65
0.759	33.276
0.712	27.263
0.732	29.109
0.736	29.736
0.714	27.853
0.777	34.247
0.737	29.916
0.776	33.852
0.757	32.536
