P=? [ F (x=9&y=9&crashed=0) ]	R{"cost"}=? [ C<=100 ]
0.868	53.934
0.653	26.641
0.868	53.934
0.704	30.81
0.66	26.983
0.866	53.598
0.86	49.149
0.843	43.988
0.844	47.815
0.76	33.804
0.816	41.552
0.805	38.779
0.825	43.355
0.724	30.913
0.785	37.511
0.738	32.468
0.84	43.4
0.779	36.714
0.799	37.613
0.751	32.601
0.805	38.779
0.77	35.467
0.816	41.552
0.85	48.637
0.77	35.467
0.857	48.678
0.821	42.455
0.818	41.756
0.758	33.288
0.654	26.775
0.866	53.598
0.785	37.511
0.801	37.821
0.86	49.149
0.821	42.455
0.754	32.827
0.858	48.784
0.819	42.115
0.849	48.313
0.772	35.833
0.729	31.423
0.804	38.345
0.825	43.355
0.803	38.237
0.756	33.215
0.751	32.601
0.735	32.099
0.732	31.735
0.754	32.827
0.848	48.258
0.845	47.906
0.728	31.334
0.845	47.906
0.859	49.125
0.778	36.386
0.842	43.852
0.841	43.528
0.735	32.099
0.732	31.735
0.848	48.258
0.736	32.166
0.774	36.219
0.773	35.93
0.82	42.179
0.771	35.571
0.727	31.205
0.73	31.672
0.803	38.237
0.867	53.71
0.725	31.01
0.654	26.775
0.8	37.819
0.757	33.277
0.727	31.205
0.725	31.01
0.736	32.166
0.777	36.32
0.756	33.215
0.775	36.269
0.842	43.852
0.841	43.528
0.867	53.71
0.804	38.345
0.771	35.571
0.724	30.913
0.799	37.613
0.773	35.93
0.844	47.815
0.778	36.386
0.82	42.179
0.731	31.673
0.777	36.32
0.775	36.269
0.774	36.219
0.84	43.4
0.859	49.125
0.8	37.819
0.731	31.673
0.73	31.672
0.868	53.934
