P=? [ F (x=9&y=9&crashed=0) ]	R{"cost"}=? [ C<=100 ]
0.854	50.402
0.854	50.402
0.71	27.337
0.729	31.22
0.851	49.653
0.845	45.101
0.785	37.179
0.833	43.722
0.829	40.275
0.823	38.966
0.75	31.594
0.716	27.979
0.76	33.84
0.806	38.831
0.778	34.391
0.8	37.325
0.782	34.966
0.716	27.979
0.845	45.101
0.851	49.653
0.84	44.035
0.804	38.293
0.803	37.767
0.842	44.426
0.834	43.878
0.839	43.883
0.853	50.237
0.828	40.165
0.825	39.213
0.713	27.414
0.759	33.405
0.758	32.726
0.758	32.726
0.757	32.062
0.833	43.722
0.782	34.966
0.829	40.275
0.778	34.391
0.76	33.84
0.752	31.637
0.715	27.951
0.75	31.594
0.781	34.686
0.754	31.651
0.785	37.179
0.827	39.707
0.801	37.472
0.759	33.405
0.852	49.806
0.844	44.67
0.78	34.637
0.756	32.018
0.805	38.461
0.827	39.707
0.826	39.371
0.755	31.797
0.779	34.419
0.711	27.389
0.715	27.951
0.713	27.414
0.805	38.461
0.826	39.371
0.852	49.806
0.844	44.67
0.843	44.517
0.802	37.62
0.802	37.62
0.755	31.797
0.806	38.831
0.843	44.517
0.757	32.062
0.779	34.419
0.711	27.389
0.834	43.878
0.839	43.883
0.854	50.402
0.716	27.979
0.845	45.101
0.851	49.653
0.782	34.966
0.829	40.275
0.778	34.391
0.76	33.84
0.785	37.179
0.75	31.594
0.827	39.707
0.715	27.951
0.852	49.806
0.844	44.67
0.843	44.517
0.757	32.062
0.779	34.419
0.711	27.389
0.854	50.402
0.829	40.275
0.851	49.653
0.782	34.966
0.778	34.391
0.76	33.84
0.827	39.707
