P=? [ F (x=9&y=9&crashed=0) ]	R{"cost"}=? [ C<=100 ]
0.621	27.831
0.621	27.831
0.909	59.959
0.71	30.047
0.769	33.302
0.729	32.892
0.905	59.114
0.9	55.375
0.858	47.996
0.887	53.264
0.883	49.895
0.712	32.152
0.857	44.722
0.839	42.217
0.833	39.984
0.769	33.302
0.786	33.663
0.727	32.458
0.711	30.4
0.803	36.943
0.801	35.711
0.787	34.009
0.87	48.435
0.842	43.038
0.816	37.69
0.797	35.134
0.809	37.596
0.797	35.134
0.787	34.009
0.877	48.486
0.85	43.496
0.833	39.984
0.863	48.035
0.9	55.375
0.821	38.922
0.808	37.336
0.839	42.217
0.852	43.763
0.827	38.923
0.818	38.38
0.899	55.089
0.89	53.959
0.896	54.394
0.866	48.063
0.905	59.114
0.891	54.092
0.856	44.39
0.897	54.569
0.728	32.739
0.801	35.711
0.84	42.361
0.832	39.685
0.803	36.943
0.819	38.498
0.883	49.895
0.887	53.264
0.831	39.582
0.85	43.496
0.842	43.038
0.867	48.293
0.878	48.635
0.798	35.283
0.888	53.406
0.729	32.892
0.817	37.976
0.841	42.635
0.808	37.336
0.889	53.577
0.798	35.283
0.786	33.663
0.882	49.745
0.881	49.388
0.711	30.4
0.881	49.388
0.88	49.049
0.857	44.722
0.854	44.089
0.727	32.458
0.712	32.152
0.896	54.394
0.891	54.092
0.829	39.324
0.828	39.024
0.898	54.856
0.817	37.976
0.854	44.089
0.841	42.635
0.82	38.766
0.908	59.703
0.907	59.436
0.908	59.703
0.83	39.334
0.88	49.049
0.879	48.806
0.898	54.856
0.907	59.436
0.906	59.259
0.889	53.577
0.879	48.806
0.855	44.257
