P=? [ F (x=9&y=9&crashed=0) ]	R{"cost"}=? [ C<=100 ]
0.69	32.331
0.891	54.772
0.891	54.772
0.69	32.331
0.881	49.678
0.888	53.393
0.72	32.372
0.856	46.953
0.855	44.26
0.773	36.172
0.82	40.227
0.777	36.562
0.759	33.993
0.797	36.647
0.721	32.381
0.74	32.457
0.822	41.093
0.773	36.172
0.759	33.993
0.888	53.393
0.852	43.51
0.867	48.19
0.859	48.017
0.878	48.446
0.818	39.028
0.816	38.355
0.842	43.135
0.829	41.827
0.841	43.131
0.84	42.321
0.87	48.317
0.811	37.96
0.889	54.21
0.837	41.838
0.755	33.895
0.818	39.028
0.811	37.96
0.745	32.851
0.817	38.443
0.89	54.746
0.889	54.21
0.745	32.851
0.748	33.047
0.852	43.51
0.753	33.416
0.879	48.907
0.84	42.321
0.838	41.863
0.808	37.502
0.854	43.962
0.826	41.545
0.758	33.903
0.88	49.25
0.748	33.047
0.854	43.962
0.776	36.393
0.858	47.703
0.857	47.311
0.741	32.464
0.808	37.502
0.842	43.135
0.826	41.545
0.857	47.311
0.856	46.953
0.87	48.317
0.88	49.25
0.879	48.907
0.741	32.464
0.858	47.703
0.797	36.647
0.855	44.26
0.751	33.326
0.8	36.658
0.804	37.063
0.751	33.326
0.776	36.393
0.806	37.249
0.806	37.249
0.804	37.063
0.753	33.416
0.828	41.653
0.807	37.345
0.803	36.926
0.802	36.777
0.803	36.926
0.838	41.863
0.878	48.446
0.755	33.895
0.807	37.345
0.817	38.443
0.802	36.777
0.801	36.689
0.777	36.562
0.74	32.457
0.721	32.381
0.752	33.343
0.828	41.653
0.827	41.583
0.72	32.372
0.827	41.583
