P=? [ F (x=9&y=9&crashed=0) ]	R{"cost"}=? [ C<=100 ]
0.637	27.142
0.637	27.142
0.89	54.755
0.767	31.846
0.86	48.758
0.88	54.018
0.723	31.566
0.873	49.812
0.857	44.676
0.807	34.567
0.667	27.194
0.704	28.509
0.71	30.172
0.833	42.617
0.831	39.782
0.814	37.092
0.71	30.172
0.691	28.128
0.87	49.124
0.722	31.54
0.887	54.061
0.873	49.812
0.789	32.579
0.722	31.54
0.83	38.913
0.814	37.092
0.816	37.565
0.778	32.061
0.852	43.471
0.68	27.713
0.67	27.414
0.831	39.782
0.704	28.509
0.778	32.061
0.845	43.23
0.826	38.295
0.797	33.171
0.688	27.735
0.683	27.733
0.792	32.925
0.803	34.108
0.88	54.018
0.785	32.074
0.83	38.913
0.691	28.128
0.787	32.096
0.8	33.693
0.87	49.124
0.86	48.758
0.845	43.23
0.68	27.713
0.802	33.718
0.798	33.215
0.792	32.925
0.803	34.108
0.817	37.996
0.853	43.891
0.856	44.571
0.855	44.155
0.826	38.295
0.836	42.754
0.841	43.025
0.857	44.676
0.818	38.093
0.67	27.414
0.723	31.566
0.887	54.061
0.821	38.242
0.839	43.006
0.852	43.471
0.836	42.754
0.823	38.258
0.821	38.242
0.839	43.006
0.834	42.736
0.833	42.617
0.688	27.735
0.669	27.406
0.841	43.025
0.667	27.194
0.855	44.155
0.854	43.996
0.798	33.215
0.818	38.093
0.823	38.258
0.8	33.693
0.787	32.096
0.785	32.074
0.669	27.406
0.854	43.996
0.856	44.571
0.853	43.891
0.817	37.996
0.802	33.718
0.834	42.736
0.84	43.021
0.84	43.021
0.637	27.142
0.71	30.172
0.722	31.54
