P=? [ F (x=9&y=9&crashed=0) ]	R{"cost"}=? [ C<=100 ]
0.634	33.576
0.837	59.662
0.634	33.576
0.7	34.547
0.653	34.149
0.771	40.467
0.824	53.788
0.819	49.324
0.836	59.405
0.835	54.911
0.808	48.273
0.719	35.501
0.739	39.063
0.803	45.323
0.789	43.267
0.719	35.501
0.702	35.297
0.739	39.063
0.789	43.267
0.717	35.371
0.766	39.817
0.652	33.92
0.741	39.318
0.754	39.34
0.639	33.625
0.755	39.472
0.803	45.323
0.825	53.926
0.799	44.156
0.81	48.301
0.831	54.032
0.833	54.143
0.802	44.685
0.795	43.994
0.813	48.945
0.7	34.547
0.801	44.463
0.77	40.224
0.639	33.625
0.812	48.675
0.653	34.149
0.835	54.911
0.834	54.515
0.817	49.11
0.812	48.675
0.834	54.515
0.755	39.472
0.793	43.792
0.652	33.92
0.795	43.994
0.637	33.597
0.79	43.385
0.836	59.405
0.831	54.032
0.802	44.685
0.792	43.616
0.791	43.4
0.74	39.105
0.717	35.371
0.702	35.297
0.793	43.792
0.792	43.616
0.8	44.299
0.637	33.597
0.816	48.964
0.8	44.299
0.815	48.956
0.769	40.088
0.768	39.984
0.767	39.854
0.818	49.218
0.818	49.218
0.769	40.088
0.768	39.984
0.74	39.105
0.767	39.854
0.754	39.34
0.741	39.318
0.791	43.4
0.815	48.956
0.816	48.964
0.634	33.576
0.719	35.501
0.739	39.063
0.639	33.625
0.835	54.911
0.755	39.472
0.652	33.92
0.795	43.994
0.834	54.515
0.836	59.405
0.812	48.675
0.802	44.685
0.637	33.597
0.818	49.218
0.831	54.032
0.768	39.984
0.767	39.854
0.754	39.34
0.741	39.318
