P=? [ F (x=9&y=9&crashed=0) ]	R{"cost"}=? [ C<=100 ]
0.804	50.555
0.581	26.316
0.804	50.555
0.703	28.876
0.587	26.958
0.8	49.395
0.781	42.687
0.78	38.48
0.797	45.305
0.717	33.194
0.704	29.229
0.768	37.504
0.755	33.892
0.754	33.872
0.727	33.667
0.587	26.958
0.704	29.229
0.717	33.194
0.768	37.504
0.796	44.279
0.755	33.892
0.797	45.305
0.784	43.11
0.719	33.529
0.792	43.534
0.771	37.806
0.726	33.649
0.784	43.11
0.801	49.575
0.582	26.329
0.777	37.997
0.792	43.534
0.795	43.809
0.803	50.096
0.582	26.329
0.781	42.687
0.771	37.806
0.802	49.922
0.78	38.48
0.779	38.19
0.794	43.645
0.719	33.529
0.727	33.667
0.777	37.997
0.803	50.096
0.802	49.922
0.795	43.809
0.779	38.19
0.778	38.029
0.726	33.649
0.794	43.645
0.778	38.029
0.804	50.555
0.587	26.958
0.704	29.229
0.717	33.194
0.768	37.504
0.755	33.892
0.797	45.305
0.784	43.11
0.792	43.534
0.582	26.329
0.781	42.687
0.771	37.806
0.78	38.48
0.719	33.529
0.727	33.667
0.777	37.997
0.803	50.096
0.802	49.922
0.795	43.809
0.779	38.19
0.726	33.649
0.794	43.645
0.778	38.029
0.804	50.555
0.587	26.958
0.704	29.229
0.717	33.194
0.768	37.504
0.784	43.11
0.792	43.534
0.582	26.329
0.781	42.687
0.771	37.806
0.78	38.48
0.719	33.529
0.727	33.667
0.777	37.997
0.803	50.096
0.802	49.922
0.795	43.809
0.779	38.19
0.726	33.649
0.794	43.645
0.778	38.029
0.804	50.555
0.587	26.958
0.704	29.229
0.717	33.194
