P=? [ F (x=9&y=9&crashed=0) ]	R{"cost"}=? [ C<=100 ]
0.581	26.345
0.807	48.09
0.581	26.345
0.601	27.556
0.667	28.478
0.796	44.265
0.705	29.056
0.791	42.2
0.782	38.726
0.67	28.551
0.714	32.797
0.776	37.771
0.76	34.896
0.71	30.043
0.791	42.2
0.76	34.896
0.776	37.771
0.725	33.346
0.597	26.946
0.792	43.545
0.739	33.401
0.74	33.45
0.796	44.265
0.667	28.478
0.752	33.513
0.601	27.556
0.782	38.726
0.718	33.054
0.67	28.551
0.781	38.568
0.777	37.929
0.725	33.346
0.597	26.946
0.709	29.828
0.706	29.282
0.705	29.056
0.71	30.043
0.598	27.024
0.758	34.346
0.777	37.929
0.781	38.568
0.717	32.815
0.706	29.282
0.709	29.828
0.754	33.566
0.756	34.136
0.795	44.103
0.793	43.708
0.599	27.321
0.759	34.701
0.714	32.797
0.755	33.833
0.718	33.054
0.755	33.833
0.793	43.708
0.795	44.103
0.599	27.321
0.758	34.346
0.756	34.136
0.759	34.701
0.792	43.545
0.752	33.513
0.739	33.401
0.753	33.524
0.717	32.815
0.753	33.524
0.581	26.345
0.796	44.265
0.791	42.2
0.76	34.896
0.776	37.771
0.667	28.478
0.601	27.556
0.782	38.726
0.67	28.551
0.597	26.946
0.725	33.346
0.71	30.043
0.777	37.929
0.781	38.568
0.706	29.282
0.709	29.828
0.718	33.054
0.714	32.797
0.793	43.708
0.795	44.103
0.599	27.321
0.758	34.346
0.756	34.136
0.759	34.701
0.752	33.513
0.739	33.401
0.717	32.815
0.753	33.524
0.581	26.345
0.796	44.265
0.791	42.2
0.76	34.896
0.776	37.771
0.601	27.556
