P=? [ F (x=9&y=9&crashed=0) ]	R{"cost"}=? [ C<=100 ]
0.582	26.699
0.582	26.699
0.835	58.856
0.665	28.456
0.665	28.456
0.833	54.126
0.819	53.747
0.797	42.625
0.807	47.606
0.704	28.935
0.818	49.045
0.834	58.838
0.779	38.129
0.713	32.744
0.791	41.883
0.705	29.048
0.769	37.443
0.756	34.077
0.718	33.293
0.739	33.376
0.756	34.077
0.769	37.443
0.779	38.129
0.753	33.554
0.74	33.418
0.791	41.883
0.713	32.744
0.816	48.833
0.797	42.625
0.807	47.606
0.705	29.048
0.772	37.892
0.812	48.25
0.812	48.25
0.718	33.293
0.704	28.935
0.81	47.978
0.81	47.978
0.833	54.126
0.819	53.747
0.755	33.732
0.808	47.646
0.795	42.424
0.772	37.892
0.818	49.045
0.794	42.269
0.793	42.067
0.795	42.424
0.77	37.622
0.808	47.646
0.794	42.269
0.771	37.761
0.77	37.622
0.793	42.067
0.792	41.929
0.753	33.554
0.74	33.418
0.771	37.761
0.755	33.732
0.754	33.632
0.739	33.376
0.754	33.632
0.792	41.929
0.834	58.838
0.834	58.838
0.665	28.456
0.756	34.077
0.769	37.443
0.779	38.129
0.791	41.883
0.713	32.744
0.797	42.625
0.807	47.606
0.705	29.048
0.812	48.25
0.718	33.293
0.704	28.935
0.81	47.978
0.833	54.126
0.819	53.747
0.772	37.892
0.818	49.045
0.795	42.424
0.794	42.269
0.77	37.622
0.793	42.067
0.753	33.554
0.74	33.418
0.771	37.761
0.755	33.732
0.739	33.376
0.754	33.632
0.792	41.929
0.834	58.838
0.665	28.456
0.756	34.077
0.769	37.443
0.779	38.129
0.791	41.883
0.713	32.744
