P=? [ F (x=9&y=9&crashed=0) ]	R{"cost"}=? [ C<=100 ]
0.636	26.459
0.861	53.454
0.861	53.454
0.636	26.459
0.851	48.197
0.666	26.633
0.852	52.417
0.836	46.421
0.835	42.428
0.695	27.375
0.725	27.524
0.82	41.293
0.819	38.044
0.668	27.087
0.746	31.598
0.731	28.397
0.747	31.615
0.774	31.828
0.843	47.075
0.692	27.16
0.799	36.051
0.784	33.309
0.853	52.758
0.784	33.309
0.731	28.397
0.746	31.598
0.799	36.051
0.851	48.197
0.825	41.703
0.833	41.971
0.837	46.68
0.821	41.628
0.825	41.703
0.819	38.044
0.818	37.422
0.815	37.144
0.809	36.875
0.804	36.836
0.835	42.428
0.834	41.991
0.837	46.68
0.815	37.144
0.695	27.375
0.817	37.16
0.808	36.861
0.852	52.417
0.82	41.293
0.692	27.16
0.783	33.187
0.782	32.875
0.777	32.034
0.809	36.875
0.833	41.971
0.781	32.822
0.78	32.556
0.818	37.422
0.836	46.421
0.73	28.352
0.729	28.095
0.728	28.052
0.727	27.805
0.803	36.6
0.779	32.424
0.778	32.192
0.803	36.6
0.801	36.297
0.802	36.371
0.8	36.068
0.727	27.805
0.726	27.588
0.774	31.828
0.747	31.615
0.668	27.087
0.777	32.034
0.775	31.844
0.778	32.192
0.725	27.524
0.775	31.844
0.78	32.556
0.779	32.424
0.783	33.187
0.821	41.628
0.802	36.371
0.801	36.297
0.726	27.588
0.782	32.875
0.781	32.822
0.73	28.352
0.729	28.095
0.728	28.052
0.808	36.861
0.804	36.836
0.834	41.991
0.8	36.068
0.817	37.16
0.861	53.454
0.636	26.459
0.784	33.309
0.731	28.397
0.799	36.051
