P=? [ F (x=9&y=9&crashed=0) ]	R{"cost"}=? [ C<=100 ]
0.858	60.793
0.656	29.089
0.858	60.793
0.656	29.089
0.854	60.354
0.853	51.84
0.768	38.554
0.832	50.576
0.828	46.487
0.698	33.172
0.691	30.285
0.675	29.924
0.674	29.388
0.835	51.133
0.851	51.176
0.714	33.602
0.755	36.139
0.797	45.394
0.755	36.139
0.796	43.541
0.818	45.869
0.816	45.557
0.795	43.253
0.794	41.721
0.827	46.252
0.695	31.72
0.694	31.687
0.78	40.264
0.748	35.838
0.807	45.43
0.807	45.43
0.728	34.326
0.773	39.213
0.799	45.426
0.715	33.784
0.78	40.264
0.773	39.213
0.722	33.865
0.727	34.223
0.754	36.044
0.734	34.466
0.746	35.784
0.783	40.422
0.698	33.172
0.74	35.143
0.735	34.554
0.828	46.487
0.788	40.478
0.691	30.285
0.834	50.623
0.74	35.143
0.735	34.554
0.794	41.721
0.793	41.18
0.818	45.869
0.832	50.576
0.724	33.905
0.854	60.354
0.714	33.602
0.853	51.84
0.852	51.411
0.79	40.728
0.827	46.252
0.783	40.422
0.742	35.444
0.724	33.905
0.695	31.72
0.694	31.687
0.744	35.483
0.674	29.388
0.771	38.9
0.796	43.541
0.795	43.253
0.816	45.557
0.793	41.18
0.792	40.933
0.722	33.865
0.852	51.411
0.769	38.788
0.772	38.986
0.754	36.044
0.789	40.527
0.741	35.248
0.743	35.448
0.744	35.483
0.792	40.933
0.791	40.771
0.799	45.426
0.734	34.466
0.741	35.248
0.772	38.986
0.715	33.784
0.77	38.853
0.769	38.788
0.788	40.478
0.789	40.527
0.834	50.623
0.77	38.853
0.851	51.176
0.791	40.771
