P=? [ F (x=9&y=9&crashed=0) ]	R{"cost"}=? [ C<=100 ]
0.861	56.956
0.695	33.238
0.861	56.956
0.695	33.238
0.858	56.369
0.853	51.902
0.805	45.395
0.822	45.495
0.747	36.213
0.829	49.395
0.828	46.583
0.754	38.108
0.735	35.036
0.722	34.995
0.85	51.152
0.84	50.88
0.803	43.984
0.789	41.821
0.71	34.347
0.71	34.347
0.798	42.697
0.84	50.88
0.754	38.108
0.786	40.918
0.798	42.697
0.789	41.821
0.833	50.727
0.703	33.688
0.832	50.72
0.83	49.865
0.853	51.902
0.781	40.273
0.703	33.688
0.826	46.264
0.775	40.003
0.772	39.954
0.768	39.515
0.801	43.626
0.738	35.309
0.759	38.309
0.83	49.865
0.715	34.702
0.858	56.369
0.742	35.666
0.787	41.478
0.775	40.003
0.859	56.401
0.822	45.495
0.719	34.755
0.8	43.107
0.763	38.504
0.802	43.651
0.759	38.309
0.74	35.652
0.716	34.737
0.766	39.072
0.699	33.633
0.772	39.954
0.803	43.984
0.826	46.264
0.829	49.395
0.827	46.311
0.744	36.118
0.768	39.515
0.762	38.352
0.698	33.495
0.738	35.309
0.8	43.107
0.799	42.715
0.715	34.702
0.735	35.036
0.722	34.995
0.783	40.704
0.782	40.394
0.719	34.755
0.851	51.438
0.852	51.622
0.828	46.583
0.85	51.152
0.781	40.273
0.767	39.245
0.784	40.827
0.698	33.495
0.805	45.395
0.788	41.591
0.764	38.72
0.745	36.141
0.701	33.687
0.765	38.908
0.764	38.72
0.852	51.622
0.851	51.438
0.859	56.401
0.767	39.245
0.744	36.118
0.765	38.908
0.742	35.666
0.74	35.652
0.833	50.727
0.832	50.72
