P=? [ F (x=9&y=9&crashed=0) ]	R{"cost"}=? [ C<=100 ]
0.673	29.045
0.845	51.306
0.673	29.045
0.693	30.613
0.718	33.297
0.828	49.438
0.827	46.532
0.831	50.592
0.718	33.297
0.693	30.613
0.692	30.257
0.807	45.278
0.675	29.37
0.801	43.075
0.794	41.26
0.805	43.644
0.844	51.222
0.751	36.68
0.755	37.9
0.828	49.438
0.731	34.656
0.801	43.075
0.814	45.287
0.803	43.319
0.794	41.26
0.82	46.032
0.831	50.592
0.692	30.257
0.675	29.37
0.769	38.801
0.738	34.899
0.826	46.394
0.751	36.68
0.785	40.647
0.79	40.728
0.844	51.222
0.763	38.566
0.765	38.779
0.755	37.9
0.725	34.111
0.731	34.656
0.82	46.032
0.782	40.344
0.779	39.854
0.76	38.294
0.805	43.644
0.746	35.755
0.722	33.787
0.749	36.285
0.772	39.079
0.723	33.989
0.756	38.026
0.775	39.461
0.772	39.079
0.72	33.662
0.743	35.485
0.826	46.394
0.749	36.285
0.748	36.061
0.746	35.755
0.728	34.321
0.818	45.78
0.778	39.833
0.776	39.508
0.759	38.229
0.782	40.344
0.748	36.061
0.775	39.461
0.674	29.35
0.728	34.321
0.779	39.854
0.762	38.431
0.771	38.946
0.818	45.78
0.724	34.046
0.738	34.899
0.741	35.202
0.74	34.983
0.739	34.908
0.816	45.557
0.815	45.346
0.744	35.547
0.792	40.938
0.791	40.733
0.719	33.458
0.759	38.229
0.756	38.026
0.817	45.582
0.744	35.547
0.784	40.592
0.783	40.403
0.727	34.291
0.742	35.305
0.776	39.508
0.793	41.113
0.792	40.938
0.719	33.458
0.727	34.291
0.765	38.779
0.778	39.833
