P=? [ F (x=9&y=9&crashed=0) ]	R{"cost"}=? [ C<=100 ]
0.972	44.848
0.728	27.654
0.972	44.848
0.728	27.654
0.971	39.845
0.953	35.238
0.96	38.881
0.753	27.935
0.894	32.665
0.891	30.067
0.789	28.109
0.827	28.639
0.805	28.623
0.868	28.805
0.855	28.77
0.797	28.398
0.79	28.128
0.882	29.491
0.734	27.697
0.837	28.719
0.745	27.865
0.848	28.762
0.948	35.053
0.801	28.589
0.875	28.829
0.943	34.267
0.971	39.845
0.966	39.312
0.937	34.243
0.947	34.585
0.887	29.872
0.949	35.122
0.96	38.881
0.905	32.909
0.915	33.278
0.966	39.312
0.896	32.692
0.834	28.696
0.854	28.767
0.848	28.762
0.965	39.134
0.901	32.697
0.885	29.67
0.88	29.173
0.919	33.583
0.915	33.278
0.729	27.655
0.751	27.887
0.91	32.94
0.891	30.067
0.92	33.647
0.919	33.583
0.879	29.17
0.877	28.9
0.799	28.401
0.93	33.951
0.927	33.77
0.914	33.028
0.885	29.67
0.733	27.669
0.745	27.865
0.747	27.882
0.805	28.623
0.912	32.945
0.963	39.079
0.924	33.75
0.934	33.993
0.889	29.926
0.834	28.696
0.936	34.215
0.837	28.719
0.789	28.109
0.734	27.697
0.932	33.974
0.894	32.665
0.93	33.951
0.925	33.762
0.961	38.925
0.913	33.025
0.904	32.829
0.927	33.77
0.876	28.858
0.935	34.123
0.904	32.829
0.902	32.701
0.963	39.079
0.889	29.926
0.752	27.893
0.961	38.925
0.877	28.9
0.924	33.75
0.92	33.647
0.91	32.94
0.935	34.123
0.944	34.355
0.945	34.435
0.944	34.355
0.946	34.511
0.945	34.435
0.747	27.882
