P=? [ F (x=9&y=9&crashed=0) ]	R{"cost"}=? [ C<=100 ]
0.976	41.009
0.735	27.618
0.976	41.009
0.965	39.356
0.957	36.158
0.913	30.743
0.926	33.69
0.784	28.414
0.823	28.555
0.858	28.617
0.766	27.99
0.823	28.555
0.75	27.944
0.779	28.235
0.837	28.574
0.844	28.613
0.869	28.664
0.913	30.743
0.894	28.724
0.926	33.69
0.767	28.0
0.88	28.665
0.966	39.394
0.911	30.705
0.904	29.573
0.967	39.872
0.899	29.141
0.779	28.235
0.951	35.433
0.905	29.957
0.901	29.146
0.965	39.356
0.91	30.334
0.957	36.158
0.928	33.95
0.908	29.98
0.954	35.781
0.955	35.812
0.866	28.657
0.888	28.704
0.948	35.042
0.88	28.665
0.903	29.528
0.953	35.467
0.784	28.414
0.932	34.308
0.928	33.95
0.91	30.334
0.837	28.574
0.941	34.433
0.972	39.983
0.947	35.015
0.946	34.676
0.844	28.613
0.956	36.124
0.975	40.727
0.973	40.257
0.927	33.702
0.933	34.326
0.975	40.727
0.974	40.488
0.945	34.669
0.767	28.0
0.74	27.659
0.974	40.488
0.973	40.257
0.899	29.141
0.938	34.428
0.938	34.428
0.749	27.929
0.747	27.742
0.932	34.308
0.945	34.669
0.941	34.433
0.866	28.657
0.951	35.433
0.948	35.042
0.968	39.895
0.906	29.958
0.893	28.717
0.971	39.972
0.89	28.71
0.891	28.711
0.933	34.326
0.903	29.528
0.74	27.659
0.888	28.704
0.747	27.742
0.746	27.705
0.744	27.674
0.908	29.98
0.971	39.972
0.968	39.895
0.749	27.929
0.742	27.67
0.901	29.146
0.744	27.674
0.742	27.67
0.75	27.944
0.953	35.467
