P=? [ F (x=9&y=9&crashed=0) ]	R{"cost"}=? [ C<=100 ]
0.977	45.89
0.741	23.782
0.741	23.782
0.785	28.496
0.801	28.579
0.975	40.62
0.849	28.688
0.751	24.382
0.926	33.761
0.963	38.796
0.955	35.588
0.751	24.382
0.92	30.813
0.874	28.782
0.897	28.801
0.963	38.796
0.85	28.708
0.864	28.726
0.748	24.32
0.742	23.802
0.934	33.816
0.955	35.588
0.965	39.38
0.973	40.262
0.918	30.371
0.926	33.761
0.92	30.813
0.936	33.862
0.866	28.737
0.872	28.741
0.904	29.13
0.942	34.077
0.975	40.62
0.917	30.313
0.953	35.215
0.91	29.664
0.909	29.25
0.912	29.903
0.899	28.841
0.919	30.761
0.904	29.13
0.949	34.855
0.946	34.473
0.945	34.445
0.944	34.102
0.936	33.862
0.916	30.017
0.899	28.841
0.954	35.3
0.971	39.699
0.97	39.414
0.972	39.983
0.971	39.699
0.969	39.412
0.972	39.983
0.952	34.946
0.907	29.139
0.946	34.473
0.942	34.077
0.911	29.702
0.949	34.855
0.914	29.923
0.965	39.38
0.864	28.726
0.849	28.688
0.866	28.737
0.954	35.3
0.909	29.25
0.908	29.17
0.916	30.017
0.915	29.957
0.952	34.946
0.951	34.889
0.919	30.761
0.749	24.361
0.911	29.702
0.91	29.664
0.915	29.957
0.969	39.412
0.908	29.17
0.873	28.752
0.945	34.445
0.898	28.817
0.951	34.889
0.95	34.867
0.914	29.923
0.944	34.102
0.943	34.082
0.897	28.801
0.85	28.708
0.898	28.817
0.95	34.867
0.75	24.373
0.749	24.361
0.873	28.752
0.907	29.139
0.75	24.373
0.943	34.082
0.872	28.741
0.97	39.414
