P=? [ F (x=9&y=9&crashed=0) ]	R{"cost"}=? [ C<=100 ]
0.625	23.451
0.88	48.991
0.625	23.451
0.646	27.122
0.855	44.162
0.876	48.341
0.768	31.86
0.727	31.818
0.723	31.693
0.836	42.04
0.831	39.125
0.677	27.235
0.677	27.235
0.71	27.475
0.717	28.529
0.787	32.121
0.876	48.341
0.81	36.718
0.646	27.122
0.808	34.714
0.768	31.86
0.841	42.708
0.849	43.075
0.717	28.529
0.799	33.141
0.793	33.114
0.818	37.874
0.716	28.109
0.852	43.312
0.849	43.075
0.878	48.551
0.829	38.689
0.714	28.04
0.816	37.453
0.713	27.623
0.803	33.665
0.853	43.71
0.816	37.453
0.712	27.493
0.71	27.475
0.805	33.971
0.803	33.665
0.807	34.519
0.806	34.199
0.854	44.023
0.853	43.71
0.878	48.551
0.822	37.912
0.805	33.971
0.811	36.723
0.808	34.714
0.815	37.167
0.8	33.424
0.792	32.837
0.79	32.613
0.789	32.351
0.726	31.761
0.84	42.455
0.825	38.16
0.823	37.921
0.852	43.312
0.814	37.16
0.813	36.929
0.806	34.199
0.83	38.897
0.827	38.442
0.828	38.462
0.826	38.215
0.801	33.44
0.83	38.897
0.792	32.837
0.788	32.325
0.791	32.633
0.812	36.921
0.807	34.519
0.838	42.222
0.84	42.455
0.839	42.276
0.825	38.16
0.838	42.222
0.854	44.023
0.818	37.874
0.713	27.623
0.801	33.44
0.823	37.921
0.714	28.04
0.726	31.761
0.826	38.215
0.839	42.276
0.727	31.818
0.822	37.912
0.789	32.351
0.788	32.325
0.828	38.462
0.791	32.633
0.79	32.613
0.827	38.442
0.8	33.424
0.813	36.929
0.812	36.921
