P=? [ F (x=9&y=9&crashed=0) ]	R{"cost"}=? [ C<=100 ]
0.881	49.434
0.62	27.093
0.881	49.434
0.62	27.093
0.869	48.379
0.768	31.868
0.856	44.621
0.717	28.58
0.721	31.67
0.693	27.857
0.735	31.832
0.832	42.239
0.644	27.278
0.831	39.6
0.678	27.539
0.651	27.51
0.713	27.978
0.808	36.747
0.807	34.639
0.622	27.205
0.786	32.128
0.856	44.621
0.825	38.151
0.84	42.722
0.722	31.703
0.734	31.744
0.83	38.698
0.878	48.53
0.818	37.911
0.681	27.8
0.831	39.6
0.846	43.063
0.839	42.293
0.717	28.58
0.854	44.048
0.813	36.968
0.879	48.987
0.651	27.51
0.851	43.264
0.871	48.506
0.853	43.783
0.852	43.304
0.81	36.944
0.816	37.457
0.879	48.987
0.793	33.112
0.807	34.639
0.806	34.2
0.828	38.47
0.828	38.47
0.834	42.283
0.713	27.978
0.796	33.119
0.816	37.457
0.815	37.173
0.803	33.944
0.802	33.678
0.854	44.048
0.798	33.141
0.818	37.911
0.805	33.972
0.847	43.108
0.791	32.63
0.721	31.67
0.809	36.76
0.792	32.837
0.853	43.783
0.786	32.128
0.799	33.395
0.789	32.607
0.802	33.678
0.8	33.449
0.83	38.698
0.806	34.2
0.87	48.495
0.792	32.837
0.815	37.173
0.787	32.333
0.679	27.704
0.788	32.445
0.847	43.108
0.8	33.449
0.788	32.445
0.787	32.333
0.621	27.095
0.834	42.283
0.68	27.797
0.679	27.704
0.622	27.205
0.681	27.8
0.799	33.395
0.832	42.239
0.734	31.744
0.852	43.304
0.735	31.832
0.805	33.972
0.803	33.944
0.878	48.53
0.871	48.506
0.791	32.63
