P=? [ F (x=9&y=9&crashed=0) ]	R{"cost"}=? [ C<=100 ]
0.687	27.308
0.891	54.237
0.687	27.308
0.891	54.237
0.723	31.741
0.787	32.167
0.885	53.308
0.882	49.683
0.708	29.039
0.835	42.516
0.862	47.604
0.857	44.89
0.833	40.019
0.723	31.741
0.708	29.039
0.808	35.024
0.812	37.211
0.799	33.212
0.824	38.283
0.694	28.061
0.818	38.248
0.844	43.487
0.793	33.12
0.694	28.061
0.701	28.668
0.83	39.135
0.808	35.024
0.803	33.705
0.7	28.448
0.688	27.506
0.857	44.89
0.865	48.151
0.871	48.616
0.862	47.604
0.876	48.76
0.849	43.495
0.806	34.199
0.812	37.211
0.688	27.506
0.882	49.683
0.789	32.369
0.833	40.019
0.807	34.502
0.855	44.402
0.867	48.357
0.89	53.885
0.801	33.533
0.864	47.835
0.839	42.617
0.787	32.167
0.881	49.393
0.816	37.599
0.871	48.616
0.885	53.308
0.881	49.393
0.879	48.995
0.842	43.094
0.832	39.629
0.7	28.448
0.831	39.522
0.842	43.094
0.827	38.807
0.701	28.668
0.817	37.882
0.852	43.752
0.89	53.885
0.888	53.542
0.826	38.621
0.791	32.641
0.856	44.562
0.805	34.032
0.813	37.37
0.826	38.621
0.801	33.533
0.807	34.502
0.805	34.032
0.868	48.382
0.817	37.882
0.792	32.841
0.876	48.76
0.828	38.863
0.791	32.641
0.841	42.843
0.852	43.752
0.85	43.515
0.868	48.382
0.835	42.516
0.864	47.835
0.888	53.542
0.887	53.445
0.853	43.973
0.854	44.184
0.854	44.184
0.853	43.973
0.792	32.841
0.878	48.958
0.788	32.362
0.816	37.599
0.814	37.404
0.828	38.863
