P=? [ F (x=9&y=9&crashed=0) ]	R{"cost"}=? [ C<=100 ]
0.896	58.455
0.698	27.429
0.896	58.455
0.698	27.429
0.722	31.76
0.765	31.882
0.855	48.201
0.873	52.683
0.889	54.072
0.872	48.837
0.854	44.777
0.718	29.136
0.769	32.33
0.711	27.459
0.832	42.362
0.831	40.194
0.807	35.34
0.783	32.427
0.81	37.276
0.867	48.235
0.888	53.831
0.879	53.177
0.889	54.072
0.85	43.465
0.843	43.431
0.796	33.316
0.714	27.861
0.807	35.34
0.715	28.508
0.816	38.045
0.854	44.777
0.853	43.986
0.822	38.225
0.84	43.12
0.835	42.78
0.831	40.194
0.83	39.462
0.878	53.083
0.786	32.457
0.803	34.21
0.827	38.829
0.824	38.32
0.888	53.831
0.879	53.177
0.797	33.612
0.791	33.305
0.717	29.111
0.715	28.508
0.722	31.76
0.805	34.75
0.829	39.279
0.799	33.644
0.84	43.12
0.812	37.35
0.852	43.709
0.815	38.036
0.765	31.882
0.768	32.302
0.826	38.575
0.714	27.861
0.851	43.701
0.878	53.083
0.79	33.298
0.789	32.908
0.788	32.846
0.87	48.569
0.869	48.348
0.801	34.02
0.804	34.567
0.802	34.023
0.711	27.459
0.785	32.443
0.768	32.302
0.835	42.78
0.805	34.75
0.81	37.276
0.842	43.268
0.853	43.986
0.814	37.763
0.872	48.837
0.871	48.571
0.828	39.087
0.826	38.575
0.783	32.427
0.823	38.232
0.813	37.582
0.811	37.287
0.834	42.669
0.833	42.447
0.788	32.846
0.8	33.822
0.828	39.087
0.867	48.235
0.83	39.462
0.804	34.567
0.717	29.111
0.814	37.763
0.813	37.582
0.822	38.225
0.816	38.045
