P=? [ F (x=9&y=9&crashed=0) ]	R{"cost"}=? [ C<=100 ]
0.769	47.881
0.585	28.502
0.585	28.502
0.769	47.881
0.738	41.84
0.732	38.463
0.616	28.808
0.587	28.656
0.76	46.853
0.755	43.858
0.628	30.531
0.628	30.531
0.642	32.286
0.656	32.578
0.642	32.286
0.674	32.985
0.702	36.412
0.701	35.074
0.661	32.966
0.644	32.493
0.74	42.87
0.623	29.573
0.724	37.603
0.762	47.73
0.715	37.438
0.695	34.02
0.686	33.767
0.686	33.767
0.739	42.043
0.679	33.766
0.76	46.853
0.709	37.225
0.732	38.463
0.715	37.438
0.745	42.876
0.755	43.858
0.748	43.155
0.617	29.34
0.726	37.902
0.761	47.237
0.623	29.573
0.704	36.931
0.729	38.046
0.761	47.237
0.708	36.977
0.698	34.309
0.678	33.69
0.677	33.347
0.747	42.924
0.752	43.363
0.73	38.245
0.724	37.603
0.701	35.074
0.7	34.805
0.7	34.805
0.699	34.536
0.697	34.28
0.703	36.673
0.702	36.412
0.703	36.673
0.754	43.604
0.695	34.02
0.619	29.495
0.726	37.902
0.754	43.604
0.753	43.368
0.62	29.517
0.707	36.955
0.699	34.536
0.659	32.916
0.73	38.245
0.709	37.225
0.752	43.363
0.748	43.155
0.739	42.043
0.676	33.195
0.675	33.008
0.657	32.746
0.616	28.808
0.677	33.347
0.676	33.195
0.762	47.73
0.729	38.046
0.696	34.146
0.696	34.146
0.618	29.37
0.661	32.966
0.658	32.798
0.643	32.394
0.643	32.394
0.644	32.493
0.678	33.69
0.62	29.517
0.658	32.798
0.657	32.746
0.659	32.916
0.747	42.924
0.618	29.37
0.617	29.34
0.707	36.955
