P=? [ F (x=9&y=9&crashed=0) ]	R{"cost"}=? [ C<=100 ]
0.81	57.322
0.657	32.958
0.657	32.958
0.81	57.322
0.788	48.984
0.802	53.169
0.698	35.14
0.792	52.708
0.743	39.911
0.764	46.943
0.748	42.616
0.676	33.426
0.763	44.068
0.659	33.164
0.685	34.666
0.712	37.686
0.727	38.332
0.704	36.97
0.679	34.19
0.707	37.244
0.802	53.169
0.801	52.839
0.734	39.123
0.698	35.14
0.685	34.666
0.793	52.776
0.719	37.836
0.718	37.774
0.728	38.506
0.748	42.616
0.777	47.825
0.754	42.907
0.734	39.123
0.74	39.198
0.783	47.98
0.704	36.97
0.741	39.272
0.772	47.444
0.755	42.992
0.769	46.96
0.76	43.135
0.786	48.68
0.785	48.061
0.728	38.506
0.776	47.738
0.763	44.068
0.762	43.509
0.742	39.829
0.792	52.708
0.719	37.836
0.677	33.917
0.762	43.509
0.761	43.169
0.771	47.149
0.776	47.738
0.772	47.444
0.754	42.907
0.659	33.164
0.705	36.988
0.678	34.14
0.677	33.917
0.706	37.036
0.787	48.81
0.658	33.126
0.783	47.98
0.777	47.825
0.76	43.135
0.755	42.992
0.787	48.81
0.786	48.68
0.771	47.149
0.77	47.02
0.742	39.829
0.74	39.198
0.801	52.839
0.793	52.776
0.785	48.061
0.784	47.999
0.77	47.02
0.678	34.14
0.706	37.036
0.658	33.126
0.761	43.169
0.784	47.999
0.769	46.96
0.764	46.943
0.81	57.322
0.657	32.958
0.802	53.169
0.742	39.829
0.698	35.14
0.685	34.666
0.734	39.123
0.704	36.97
0.763	44.068
0.792	52.708
0.719	37.836
0.762	43.509
0.776	47.738
0.772	47.444
