P=? [ F (x=9&y=9&crashed=0) ]	R{"cost"}=? [ C<=100 ]
0.85	48.024
0.655	26.543
0.655	26.543
0.85	48.024
0.819	37.609
0.837	47.726
0.714	27.419
0.67	27.16
0.836	43.615
0.831	41.59
0.751	31.573
0.732	28.453
0.797	35.964
0.783	33.186
0.777	31.994
0.758	31.872
0.732	28.453
0.751	31.573
0.783	33.186
0.803	36.663
0.797	35.964
0.834	43.294
0.833	41.874
0.666	26.762
0.714	27.419
0.725	27.566
0.831	41.59
0.814	36.717
0.667	27.025
0.67	27.16
0.754	31.728
0.758	31.872
0.802	36.348
0.78	32.624
0.782	32.866
0.837	47.726
0.833	41.874
0.832	41.596
0.818	37.332
0.818	37.332
0.817	37.067
0.779	32.432
0.778	32.185
0.801	36.332
0.8	36.11
0.666	26.762
0.731	28.33
0.73	28.134
0.779	32.432
0.778	32.185
0.726	27.745
0.836	43.615
0.835	43.451
0.817	37.067
0.816	36.907
0.728	27.923
0.727	27.765
0.835	43.451
0.834	43.294
0.725	27.566
0.816	36.907
0.815	36.763
0.754	31.728
0.753	31.587
0.667	27.025
0.781	32.759
0.8	36.11
0.799	35.986
0.731	28.33
0.777	31.994
0.73	28.134
0.729	28.022
0.782	32.866
0.781	32.759
0.729	28.022
0.728	27.923
0.814	36.717
0.815	36.763
0.727	27.765
0.726	27.745
0.799	35.986
0.798	35.97
0.801	36.332
0.752	31.582
0.798	35.97
0.832	41.596
0.753	31.587
0.752	31.582
0.655	26.543
0.85	48.024
0.732	28.453
0.751	31.573
0.797	35.964
0.714	27.419
0.831	41.59
0.67	27.16
0.758	31.872
0.837	47.726
0.833	41.874
0.818	37.332
