P=? [ F (x=9&y=9&crashed=0) ]	R{"cost"}=? [ C<=100 ]
0.836	52.642
0.631	26.41
0.836	52.642
0.829	42.911
0.834	47.84
0.835	48.156
0.819	41.183
0.818	37.57
0.75	31.577
0.73	28.218
0.797	36.087
0.782	32.989
0.655	26.461
0.694	27.356
0.67	27.191
0.694	27.356
0.73	28.218
0.714	27.428
0.75	31.577
0.754	31.838
0.782	32.989
0.77	31.913
0.797	36.087
0.815	36.701
0.804	36.683
0.714	27.428
0.725	27.544
0.825	42.108
0.819	41.183
0.834	47.84
0.817	36.945
0.666	26.653
0.655	26.461
0.825	42.108
0.661	26.609
0.661	26.609
0.818	37.57
0.827	42.424
0.8	36.125
0.827	42.424
0.753	31.592
0.667	26.893
0.835	48.156
0.669	27.171
0.667	26.893
0.781	32.754
0.78	32.484
0.826	42.158
0.777	32.242
0.817	36.945
0.781	32.754
0.729	28.085
0.728	27.853
0.777	32.242
0.775	32.016
0.727	27.773
0.726	27.555
0.802	36.446
0.801	36.254
0.803	36.499
0.67	27.191
0.775	32.016
0.669	27.171
0.798	36.097
0.729	28.085
0.751	31.579
0.801	36.254
0.778	32.369
0.725	27.544
0.779	32.46
0.778	32.369
0.728	27.853
0.727	27.773
0.77	31.913
0.754	31.838
0.803	36.499
0.802	36.446
0.826	42.158
0.666	26.653
0.774	31.994
0.773	31.961
0.798	36.097
0.78	32.484
0.779	32.46
0.774	31.994
0.772	31.948
0.804	36.683
0.771	31.93
0.771	31.93
0.753	31.592
0.773	31.961
0.772	31.948
0.751	31.579
0.726	27.555
0.836	52.642
0.694	27.356
0.73	28.218
0.75	31.577
0.782	32.989
0.797	36.087
