P=? [ F (x=9&y=9&crashed=0) ]	R{"cost"}=? [ C<=100 ]
0.675	26.936
0.862	49.295
0.675	26.936
0.862	49.295
0.861	48.997
0.846	44.511
0.715	27.22
0.694	27.138
0.824	40.361
0.693	27.031
0.833	42.886
0.731	28.121
0.758	31.918
0.753	29.788
0.846	44.511
0.745	28.389
0.803	37.067
0.8	35.41
0.828	41.854
0.843	43.608
0.717	27.493
0.726	27.498
0.809	38.152
0.817	38.58
0.759	32.146
0.753	29.788
0.778	33.448
0.843	43.608
0.769	32.336
0.758	31.918
0.797	34.735
0.764	32.268
0.783	33.487
0.823	39.927
0.822	39.308
0.763	32.265
0.789	33.526
0.8	35.41
0.832	42.483
0.783	33.487
0.794	34.068
0.776	33.204
0.828	41.854
0.791	33.602
0.831	42.425
0.746	28.673
0.752	29.48
0.821	39.133
0.823	39.927
0.748	28.758
0.796	34.304
0.817	38.58
0.809	38.152
0.845	44.094
0.751	29.469
0.75	29.061
0.829	41.963
0.727	27.588
0.804	37.194
0.771	32.458
0.803	37.067
0.777	33.343
0.818	38.77
0.799	35.063
0.819	38.814
0.775	32.987
0.793	33.91
0.773	32.823
0.844	43.909
0.83	42.141
0.749	29.032
0.792	33.871
0.745	28.389
0.808	37.952
0.807	37.69
0.729	27.919
0.77	32.381
0.795	34.297
0.806	37.555
0.805	37.337
0.747	28.718
0.729	27.919
0.715	27.22
0.808	37.952
0.79	33.528
0.799	35.063
0.798	34.87
0.772	32.631
0.728	27.778
0.845	44.094
0.844	43.909
0.83	42.141
0.82	38.99
0.822	39.308
0.772	32.631
0.775	32.987
0.773	32.823
0.805	37.337
0.82	38.99
0.728	27.778
