P=? [ F (x=9&y=9&crashed=0) ]	R{"cost"}=? [ C<=100 ]
0.882	55.679
0.652	22.96
0.652	22.96
0.882	55.679
0.675	24.212
0.714	27.181
0.88	55.198
0.865	50.244
0.714	27.181
0.675	24.212
0.848	47.377
0.67	23.602
0.758	31.895
0.847	44.692
0.803	36.814
0.825	40.088
0.754	29.685
0.865	50.244
0.852	48.785
0.828	41.938
0.799	35.052
0.88	55.198
0.834	43.525
0.719	27.332
0.732	28.218
0.831	42.778
0.744	28.348
0.817	38.279
0.843	43.709
0.86	49.047
0.848	47.377
0.808	38.068
0.67	23.602
0.746	28.912
0.773	33.321
0.725	27.478
0.805	37.555
0.769	32.332
0.83	42.255
0.764	32.234
0.783	33.487
0.789	33.488
0.804	37.093
0.764	32.234
0.758	31.895
0.799	35.052
0.728	28.075
0.745	28.373
0.751	29.465
0.749	29.055
0.852	48.785
0.777	33.426
0.795	34.623
0.861	49.061
0.754	29.685
0.864	49.807
0.881	55.251
0.782	33.447
0.79	33.523
0.792	34.059
0.732	28.218
0.794	34.222
0.82	39.193
0.862	49.564
0.824	39.811
0.834	43.525
0.829	42.006
0.821	39.22
0.726	27.527
0.777	33.426
0.846	44.401
0.844	43.999
0.791	33.928
0.846	44.401
0.844	43.999
0.796	34.74
0.807	37.811
0.771	32.72
0.772	32.943
0.771	32.72
0.819	38.829
0.751	29.465
0.796	34.74
0.818	38.571
0.847	44.692
0.727	27.785
0.749	29.055
0.822	39.503
0.819	38.829
0.818	38.571
0.727	27.785
0.807	37.811
0.823	39.757
0.822	39.503
0.769	32.332
0.772	32.943
0.817	38.279
0.808	38.068
0.843	43.709
0.863	49.748
