P=? [ F (x=9&y=9&crashed=0) ]	R{"cost"}=? [ C<=100 ]
0.899	66.06
0.717	27.782
0.899	66.06
0.721	28.346
0.887	59.114
0.747	29.085
0.897	65.328
0.89	60.812
0.881	55.118
0.864	49.894
0.823	40.313
0.865	52.996
0.802	37.022
0.756	31.93
0.799	35.335
0.848	47.22
0.847	44.799
0.89	60.812
0.778	33.477
0.753	29.774
0.787	33.487
0.761	32.257
0.866	53.138
0.874	53.877
0.776	33.43
0.828	41.85
0.77	33.385
0.814	38.369
0.897	65.328
0.822	39.41
0.881	55.118
0.85	47.929
0.794	34.69
0.809	38.242
0.807	37.602
0.79	33.824
0.828	41.85
0.888	59.458
0.833	42.915
0.874	53.877
0.889	59.865
0.878	54.187
0.898	65.478
0.765	32.538
0.846	44.385
0.849	47.548
0.767	32.804
0.855	48.483
0.88	54.86
0.752	29.725
0.792	33.889
0.821	39.19
0.75	29.39
0.843	43.605
0.788	33.505
0.756	31.93
0.866	53.138
0.747	29.085
0.818	38.498
0.805	37.308
0.861	48.974
0.831	42.438
0.764	32.288
0.845	44.073
0.837	43.476
0.859	48.663
0.768	33.034
0.769	33.171
0.837	43.476
0.833	42.915
0.855	48.483
0.85	47.929
0.857	48.612
0.819	38.771
0.86	48.813
0.719	28.037
0.798	35.224
0.838	43.51
0.748	29.361
0.805	37.308
0.84	43.569
0.793	34.199
0.797	35.028
0.829	41.98
0.753	29.774
0.719	28.037
0.841	43.585
0.847	44.799
0.863	49.703
0.862	49.291
0.876	53.989
0.889	59.865
0.82	38.828
0.808	37.953
0.879	54.515
0.856	48.53
0.879	54.515
0.848	47.22
0.844	43.93
0.876	53.989
