P=? [ F (x=9&y=9&crashed=0) ]	R{"cost"}=? [ C<=100 ]
0.871	47.721
0.718	31.198
0.718	31.198
0.871	47.721
0.748	35.011
0.74	31.668
0.848	38.222
0.866	47.012
0.865	43.055
0.851	41.376
0.794	35.402
0.765	35.331
0.729	31.297
0.806	36.918
0.825	37.687
0.825	37.687
0.837	37.69
0.855	42.965
0.762	35.308
0.8	35.5
0.74	31.668
0.851	41.376
0.837	37.69
0.864	43.044
0.748	35.011
0.806	36.918
0.852	42.277
0.802	36.305
0.848	38.222
0.853	42.287
0.794	35.402
0.803	36.348
0.762	35.308
0.87	47.33
0.869	47.094
0.765	35.331
0.803	36.348
0.87	47.33
0.8	35.5
0.855	42.965
0.867	47.079
0.802	36.305
0.853	42.287
0.866	47.012
0.869	47.094
0.867	47.079
0.865	43.055
0.852	42.277
0.871	47.721
0.718	31.198
0.825	37.687
0.74	31.668
0.851	41.376
0.837	37.69
0.748	35.011
0.806	36.918
0.848	38.222
0.794	35.402
0.762	35.308
0.765	35.331
0.803	36.348
0.8	35.5
0.802	36.305
0.853	42.287
0.866	47.012
0.869	47.094
0.867	47.079
0.852	42.277
0.865	43.055
0.871	47.721
0.718	31.198
0.74	31.668
0.851	41.376
0.837	37.69
0.748	35.011
0.806	36.918
0.848	38.222
0.794	35.402
0.762	35.308
0.765	35.331
0.803	36.348
0.8	35.5
0.853	42.287
0.866	47.012
0.869	47.094
0.867	47.079
0.852	42.277
0.865	43.055
0.718	31.198
0.871	47.721
0.851	41.376
0.837	37.69
0.748	35.011
0.806	36.918
0.853	42.287
0.848	38.222
0.794	35.402
0.762	35.308
0.765	35.331
0.803	36.348
