P=? [ F (x=9&y=9&crashed=0) ]	R{"cost"}=? [ C<=100 ]
0.738	37.809
0.896	54.46
0.738	37.809
0.896	54.46
0.794	38.241
0.882	52.919
0.88	49.058
0.816	41.822
0.847	41.903
0.862	43.547
0.863	46.218
0.8	39.907
0.865	47.902
0.809	40.29
0.879	48.574
0.864	46.458
0.814	41.173
0.894	53.802
0.814	41.173
0.794	38.241
0.8	39.907
0.851	42.102
0.809	40.29
0.873	47.968
0.883	53.16
0.857	42.925
0.856	42.695
0.862	43.547
0.857	42.925
0.851	42.102
0.856	42.695
0.88	49.058
0.874	47.992
0.89	53.42
0.888	53.183
0.874	47.992
0.895	54.04
0.847	41.903
0.89	53.42
0.882	52.919
0.864	46.458
0.895	54.04
0.816	41.822
0.889	53.236
0.873	47.968
0.865	47.902
0.889	53.236
0.888	53.183
0.883	53.16
0.896	54.46
0.738	37.809
0.814	41.173
0.794	38.241
0.809	40.29
0.862	43.547
0.857	42.925
0.851	42.102
0.856	42.695
0.874	47.992
0.847	41.903
0.89	53.42
0.882	52.919
0.895	54.04
0.864	46.458
0.873	47.968
0.865	47.902
0.888	53.183
0.883	53.16
0.738	37.809
0.896	54.46
0.814	41.173
0.862	43.547
0.857	42.925
0.856	42.695
0.809	40.29
0.882	52.919
0.864	46.458
0.895	54.04
0.89	53.42
0.873	47.968
0.865	47.902
0.888	53.183
0.883	53.16
0.738	37.809
0.896	54.46
0.814	41.173
0.856	42.695
0.857	42.925
0.809	40.29
0.882	52.919
0.864	46.458
0.895	54.04
0.89	53.42
0.873	47.968
0.865	47.902
0.888	53.183
0.896	54.46
0.738	37.809
0.814	41.173
0.856	42.695
