P=? [ F (x=9&y=9&crashed=0) ]	R{"cost"}=? [ C<=100 ]
0.879	52.446
0.726	34.774
0.879	52.446
0.726	34.774
0.779	38.353
0.873	47.84
0.875	51.981
0.807	39.812
0.854	45.126
0.847	43.359
0.807	39.812
0.859	45.931
0.859	45.931
0.743	35.461
0.754	35.616
0.77	37.404
0.839	42.38
0.832	41.24
0.847	43.359
0.868	46.99
0.765	36.608
0.868	46.99
0.76	36.02
0.839	42.38
0.832	41.24
0.77	37.404
0.856	45.628
0.854	45.126
0.87	47.518
0.765	36.608
0.762	36.424
0.774	37.664
0.777	37.951
0.736	34.921
0.826	40.715
0.756	35.627
0.816	40.692
0.757	35.908
0.774	37.664
0.855	45.137
0.877	52.015
0.821	40.697
0.732	34.919
0.821	40.697
0.873	47.84
0.846	42.924
0.869	47.088
0.739	35.206
0.777	37.951
0.739	35.206
0.842	42.612
0.842	42.612
0.878	52.38
0.731	34.792
0.87	47.518
0.813	40.409
0.856	45.628
0.762	36.424
0.845	42.884
0.845	42.884
0.813	40.409
0.811	40.138
0.754	35.616
0.736	34.921
0.729	34.791
0.831	41.21
0.829	40.996
0.81	40.072
0.84	42.475
0.809	40.04
0.808	39.843
0.814	40.602
0.811	40.138
0.741	35.383
0.829	40.996
0.741	35.383
0.743	35.461
0.875	51.981
0.831	41.21
0.828	40.941
0.84	42.475
0.827	40.804
0.729	34.791
0.757	35.908
0.869	47.088
0.827	40.804
0.878	52.38
0.828	40.941
0.815	40.637
0.742	35.424
0.846	42.924
0.742	35.424
0.815	40.637
0.814	40.602
0.877	52.015
0.809	40.04
0.808	39.843
0.826	40.715
0.855	45.137
0.816	40.692
