P=? [ F (x=9&y=9&crashed=0) ]	R{"cost"}=? [ C<=100 ]
0.895	53.577
0.63	29.005
0.895	53.577
0.63	29.005
0.754	33.597
0.7	33.341
0.888	52.822
0.884	48.685
0.857	43.078
0.852	39.36
0.695	32.289
0.87	47.522
0.868	43.833
0.757	35.546
0.666	29.725
0.799	35.663
0.84	37.772
0.775	35.635
0.693	30.172
0.682	29.83
0.821	37.302
0.775	35.635
0.817	37.178
0.806	35.954
0.879	47.996
0.85	38.525
0.852	39.36
0.806	35.954
0.871	47.973
0.817	37.178
0.844	38.346
0.67	29.737
0.866	43.317
0.666	29.725
0.884	48.685
0.691	29.939
0.84	37.772
0.821	37.302
0.89	53.065
0.89	53.065
0.862	43.128
0.87	47.522
0.803	35.694
0.867	43.788
0.844	38.346
0.754	33.597
0.857	43.078
0.879	47.996
0.67	29.737
0.862	43.128
0.757	35.546
0.85	38.525
0.803	35.694
0.692	30.119
0.693	30.172
0.868	43.833
0.691	29.939
0.692	30.119
0.867	43.788
0.871	47.973
0.63	29.005
0.895	53.577
0.775	35.635
0.852	39.36
0.806	35.954
0.884	48.685
0.817	37.178
0.666	29.725
0.89	53.065
0.84	37.772
0.821	37.302
0.87	47.522
0.844	38.346
0.754	33.597
0.862	43.128
0.857	43.078
0.867	43.788
0.879	47.996
0.67	29.737
0.85	38.525
0.803	35.694
0.693	30.172
0.868	43.833
0.691	29.939
0.692	30.119
0.871	47.973
0.895	53.577
0.63	29.005
0.775	35.635
0.852	39.36
0.806	35.954
0.884	48.685
0.817	37.178
0.666	29.725
0.89	53.065
0.84	37.772
0.87	47.522
0.844	38.346
0.754	33.597
0.862	43.128
