P=? [ F (x=9&y=9&crashed=0) ]	R{"cost"}=? [ C<=100 ]
0.881	57.41
0.696	30.502
0.881	57.41
0.696	30.502
0.769	31.945
0.769	31.945
0.822	35.421
0.88	52.41
0.848	38.058
0.865	43.113
0.879	52.314
0.877	48.179
0.868	47.11
0.851	42.051
0.822	35.421
0.844	37.672
0.828	36.091
0.844	37.672
0.828	36.091
0.858	42.854
0.863	42.91
0.826	35.744
0.848	38.058
0.851	42.051
0.868	47.11
0.865	43.113
0.826	35.744
0.877	48.179
0.855	42.545
0.858	42.854
0.855	42.545
0.876	47.913
0.879	52.314
0.852	42.272
0.869	47.325
0.863	42.91
0.875	47.904
0.874	47.71
0.853	42.443
0.852	42.272
0.871	47.548
0.87	47.404
0.88	52.41
0.873	47.701
0.872	47.608
0.87	47.404
0.869	47.325
0.854	42.467
0.872	47.608
0.871	47.548
0.854	42.467
0.853	42.443
0.874	47.71
0.873	47.701
0.876	47.913
0.875	47.904
0.696	30.502
0.881	57.41
0.769	31.945
0.822	35.421
0.828	36.091
0.848	38.058
0.851	42.051
0.868	47.11
0.865	43.113
0.826	35.744
0.877	48.179
0.858	42.854
0.855	42.545
0.879	52.314
0.863	42.91
0.852	42.272
0.88	52.41
0.87	47.404
0.869	47.325
0.872	47.608
0.871	47.548
0.854	42.467
0.853	42.443
0.874	47.71
0.873	47.701
0.876	47.913
0.875	47.904
0.696	30.502
0.881	57.41
0.769	31.945
0.822	35.421
0.828	36.091
0.851	42.051
0.868	47.11
0.865	43.113
0.826	35.744
0.877	48.179
0.858	42.854
0.855	42.545
0.879	52.314
0.863	42.91
0.852	42.272
0.88	52.41
0.87	47.404
