P=? [ F (x=9&y=9&crashed=0) ]	R{"cost"}=? [ C<=100 ]
0.851	51.08
0.676	30.768
0.851	51.08
0.676	30.768
0.71	33.881
0.747	35.97
0.8	44.033
0.765	36.897
0.838	49.864
0.829	46.934
0.731	34.825
0.75	36.669
0.798	41.728
0.768	38.592
0.715	34.748
0.731	34.825
0.829	46.934
0.773	38.997
0.838	49.864
0.779	39.864
0.84	49.985
0.788	40.199
0.825	46.053
0.806	44.73
0.806	44.73
0.768	38.592
0.848	50.658
0.819	45.321
0.823	45.748
0.814	45.023
0.814	45.023
0.845	50.161
0.807	44.906
0.713	34.395
0.777	39.745
0.765	36.897
0.75	36.669
0.79	40.535
0.789	40.22
0.779	39.864
0.821	45.437
0.848	50.658
0.811	44.953
0.819	45.321
0.774	39.098
0.794	41.226
0.793	40.838
0.847	50.28
0.776	39.398
0.798	41.728
0.788	40.199
0.828	46.612
0.713	34.395
0.822	45.746
0.811	44.953
0.826	46.329
0.714	34.473
0.828	46.612
0.827	46.34
0.792	40.816
0.791	40.562
0.797	41.5
0.795	41.251
0.797	41.5
0.796	41.309
0.775	39.277
0.845	50.161
0.776	39.398
0.775	39.277
0.777	39.745
0.821	45.437
0.714	34.473
0.715	34.748
0.846	50.222
0.847	50.28
0.796	41.309
0.846	50.222
0.807	44.906
0.791	40.562
0.794	41.226
0.793	40.838
0.792	40.816
0.827	46.34
0.826	46.329
0.822	45.746
0.851	51.08
0.676	30.768
0.829	46.934
0.838	49.864
0.768	38.592
0.814	45.023
0.765	36.897
0.75	36.669
0.779	39.864
0.848	50.658
0.819	45.321
0.798	41.728
0.788	40.199
0.811	44.953
0.828	46.612
