P=? [ F (x=9&y=9&crashed=0) ]	R{"cost"}=? [ C<=100 ]
0.853	51.412
0.652	29.112
0.853	51.412
0.828	46.601
0.847	50.357
0.799	44.302
0.695	33.105
0.798	41.577
0.689	30.666
0.719	33.318
0.772	38.687
0.828	46.601
0.847	50.357
0.686	30.013
0.67	29.158
0.814	44.914
0.702	33.114
0.742	34.549
0.728	34.45
0.767	37.233
0.672	29.16
0.801	44.772
0.759	35.837
0.747	35.38
0.689	30.666
0.686	30.013
0.818	45.66
0.672	29.16
0.791	40.41
0.783	40.128
0.726	34.108
0.824	45.781
0.719	33.318
0.726	34.108
0.767	37.233
0.782	39.987
0.759	35.837
0.695	33.105
0.701	33.112
0.782	39.987
0.777	39.431
0.763	36.505
0.815	45.188
0.815	45.188
0.777	39.431
0.747	35.38
0.766	36.909
0.8	44.723
0.746	35.357
0.761	35.988
0.851	51.069
0.818	45.66
0.826	46.261
0.794	40.893
0.792	40.556
0.798	41.577
0.796	41.24
0.825	46.114
0.794	40.893
0.776	39.405
0.775	39.112
0.774	38.973
0.791	40.41
0.783	40.128
0.745	35.082
0.762	36.241
0.764	36.657
0.826	46.261
0.796	41.24
0.792	40.556
0.851	51.069
0.762	36.241
0.766	36.909
0.764	36.657
0.774	38.973
0.745	35.082
0.744	34.846
0.85	50.926
0.849	50.697
0.848	50.585
0.727	34.334
0.702	33.114
0.795	41.093
0.67	29.158
0.743	34.701
0.761	35.988
0.825	46.114
0.795	41.093
0.744	34.846
0.743	34.701
0.85	50.926
0.801	44.772
0.775	39.112
0.824	45.781
0.727	34.334
0.849	50.697
0.848	50.585
0.742	34.549
0.728	34.45
0.8	44.723
