P=? [ F (x=9&y=9&crashed=0) ]	R{"cost"}=? [ C<=100 ]
0.808	32.346
0.936	54.885
0.936	54.885
0.808	32.346
0.925	53.24
0.907	48.063
0.901	45.118
0.919	50.303
0.836	37.095
0.87	41.757
0.833	35.124
0.934	54.68
0.868	40.034
0.876	42.432
0.885	42.795
0.928	53.799
0.919	50.303
0.901	45.118
0.907	48.063
0.831	35.084
0.828	34.322
0.911	48.917
0.916	49.244
0.928	53.799
0.898	44.125
0.85	38.039
0.886	42.97
0.889	43.049
0.813	32.735
0.861	39.235
0.825	34.278
0.824	33.798
0.839	37.222
0.895	44.036
0.81	32.599
0.843	37.292
0.927	53.391
0.846	37.367
0.874	42.2
0.872	41.818
0.856	38.238
0.847	37.74
0.876	42.432
0.822	33.783
0.918	49.957
0.917	49.464
0.836	37.095
0.899	44.597
0.908	48.136
0.855	38.235
0.853	38.153
0.845	37.355
0.839	37.222
0.858	38.828
0.874	42.2
0.826	34.279
0.828	34.322
0.833	35.124
0.831	35.084
0.82	33.586
0.817	33.246
0.821	33.612
0.857	38.611
0.885	42.795
0.815	33.091
0.864	39.496
0.863	39.323
0.918	49.957
0.868	40.034
0.82	33.586
0.817	33.246
0.91	48.687
0.866	39.832
0.909	48.351
0.864	39.496
0.816	33.221
0.894	44.028
0.849	37.887
0.916	49.244
0.911	48.917
0.9	44.923
0.899	44.597
0.813	32.735
0.81	32.599
0.815	33.091
0.892	43.731
0.891	43.43
0.853	38.153
0.843	37.292
0.872	41.818
0.891	43.43
0.89	43.193
0.86	39.0
0.91	48.687
0.917	49.464
0.857	38.611
0.909	48.351
0.866	39.832
0.9	44.923
0.935	54.693
