P=? [ F (x=9&y=9&crashed=0) ]	R{"cost"}=? [ C<=100 ]
0.926	54.95
0.755	27.966
0.926	54.95
0.755	27.966
0.786	28.479
0.924	54.352
0.909	48.951
0.785	28.043
0.811	32.25
0.811	32.25
0.906	47.771
0.899	44.842
0.909	48.951
0.924	54.352
0.886	42.931
0.854	37.424
0.851	35.117
0.884	40.638
0.866	38.653
0.878	39.009
0.828	33.052
0.861	37.654
0.837	33.36
0.855	37.459
0.899	44.842
0.906	47.771
0.818	32.726
0.825	32.855
0.895	43.692
0.841	33.722
0.89	43.403
0.925	54.866
0.908	48.272
0.907	47.886
0.864	37.97
0.814	32.619
0.818	32.726
0.882	40.311
0.881	39.775
0.865	38.124
0.851	35.117
0.886	42.931
0.889	43.25
0.908	48.272
0.896	44.057
0.88	39.532
0.879	39.169
0.878	39.009
0.866	38.653
0.854	37.424
0.884	40.638
0.839	33.397
0.898	44.617
0.897	44.297
0.889	43.25
0.826	32.906
0.862	37.807
0.837	33.36
0.828	33.052
0.895	43.692
0.89	43.403
0.813	32.49
0.881	39.775
0.88	39.532
0.842	33.964
0.813	32.49
0.897	44.297
0.896	44.057
0.898	44.617
0.847	34.692
0.846	34.47
0.844	34.212
0.843	34.0
0.85	34.927
0.839	33.397
0.883	40.47
0.862	37.807
0.879	39.169
0.883	40.47
0.882	40.311
0.865	38.124
0.845	34.344
0.844	34.212
0.825	32.855
0.846	34.47
0.845	34.344
0.85	34.927
0.849	34.802
0.814	32.619
0.827	33.012
0.785	28.043
0.849	34.802
0.848	34.74
0.848	34.74
0.847	34.692
0.827	33.012
0.843	34.0
0.842	33.964
0.838	33.383
0.838	33.383
