P=? [ F (x=9&y=9&crashed=0) ]	R{"cost"}=? [ C<=100 ]
0.935	55.223
0.764	27.595
0.935	55.223
0.934	54.776
0.917	49.666
0.853	37.504
0.907	48.015
0.899	44.617
0.886	42.868
0.881	39.807
0.934	54.776
0.917	49.666
0.85	34.988
0.821	32.646
0.809	32.61
0.805	32.074
0.784	28.331
0.773	28.256
0.795	30.194
0.805	32.074
0.907	48.015
0.789	29.126
0.795	30.194
0.899	44.617
0.875	38.764
0.828	33.057
0.861	37.731
0.771	27.957
0.822	33.01
0.881	39.807
0.91	48.919
0.808	32.328
0.868	38.645
0.915	49.216
0.836	33.649
0.792	29.754
0.895	43.837
0.831	33.519
0.794	30.178
0.886	42.868
0.891	43.562
0.908	48.528
0.877	39.108
0.787	28.645
0.866	38.612
0.842	34.06
0.85	34.988
0.791	29.685
0.909	48.541
0.853	37.504
0.771	27.957
0.829	33.344
0.88	39.365
0.895	43.837
0.785	28.595
0.848	34.743
0.844	34.252
0.864	38.113
0.846	34.672
0.838	33.862
0.897	44.165
0.843	34.212
0.897	44.165
0.879	39.207
0.916	49.528
0.862	37.872
0.889	43.2
0.915	49.216
0.91	48.919
0.836	33.649
0.868	38.645
0.891	43.562
0.865	38.34
0.84	33.958
0.84	33.958
0.838	33.862
0.887	42.958
0.898	44.373
0.889	43.2
0.887	42.958
0.864	38.113
0.862	37.872
0.773	28.256
0.876	38.875
0.848	34.743
0.791	29.685
0.861	37.731
0.865	38.34
0.845	34.445
0.89	43.341
0.787	28.645
0.898	44.373
0.845	34.445
0.88	39.365
0.89	43.341
0.916	49.528
0.83	33.382
0.831	33.519
0.876	38.875
0.879	39.207
