P=? [ F (x=9&y=9&crashed=0) ]	R{"cost"}=? [ C<=100 ]
0.935	54.919
0.759	32.643
0.935	54.919
0.759	32.643
0.919	50.664
0.925	54.744
0.909	48.428
0.789	32.75
0.888	43.265
0.882	40.157
0.902	45.489
0.812	32.906
0.79	32.759
0.856	38.55
0.872	38.675
0.836	36.777
0.83	34.98
0.849	37.668
0.912	49.434
0.888	43.265
0.842	37.436
0.816	33.419
0.836	36.777
0.902	45.489
0.925	54.744
0.918	49.997
0.828	34.278
0.882	40.157
0.916	49.499
0.83	34.98
0.878	39.533
0.874	39.021
0.829	34.921
0.901	45.413
0.889	43.754
0.876	39.188
0.824	33.973
0.823	33.545
0.891	43.925
0.895	44.021
0.814	33.02
0.821	33.536
0.918	49.997
0.84	37.209
0.854	38.203
0.873	38.768
0.837	36.99
0.9	44.991
0.896	44.19
0.88	39.775
0.898	44.669
0.897	44.31
0.842	37.436
0.84	37.209
0.851	38.002
0.826	34.164
0.912	49.434
0.812	32.906
0.915	49.485
0.856	38.55
0.854	38.203
0.881	40.022
0.821	33.536
0.816	33.419
0.88	39.775
0.814	33.02
0.826	34.164
0.891	43.925
0.837	36.99
0.852	38.08
0.851	38.002
0.824	33.973
0.877	39.344
0.899	44.856
0.898	44.669
0.889	43.754
0.877	39.344
0.79	32.759
0.9	44.991
0.881	40.022
0.899	44.856
0.872	38.675
0.852	38.08
0.897	44.31
0.828	34.278
0.789	32.75
0.895	44.021
0.829	34.921
0.915	49.485
0.823	33.545
0.759	32.643
0.935	54.919
0.888	43.265
0.836	36.777
0.925	54.744
0.882	40.157
0.83	34.98
0.84	37.209
0.912	49.434
0.856	38.55
