P=? [ F (x=9&y=9&crashed=0) ]	R{"cost"}=? [ C<=100 ]
0.781	27.81
0.917	54.619
0.781	27.81
0.916	49.726
0.884	43.534
0.907	48.781
0.899	44.741
0.825	32.28
0.806	32.276
0.798	32.068
0.883	40.337
0.795	29.368
0.853	37.035
0.85	34.762
0.866	38.42
0.899	44.741
0.874	38.478
0.907	48.781
0.829	32.847
0.891	43.671
0.806	32.276
0.799	32.069
0.908	48.883
0.896	43.75
0.914	48.958
0.859	37.392
0.898	44.345
0.891	43.671
0.833	32.924
0.855	37.355
0.786	28.19
0.913	48.908
0.915	49.674
0.853	37.035
0.835	33.251
0.827	32.604
0.85	34.762
0.784	28.121
0.837	33.55
0.835	33.251
0.848	34.616
0.791	29.007
0.863	37.849
0.794	29.319
0.784	28.121
0.883	40.337
0.882	39.88
0.839	33.59
0.795	29.368
0.827	32.604
0.864	37.996
0.793	29.095
0.842	33.969
0.787	28.586
0.84	33.61
0.897	43.983
0.864	37.996
0.86	37.526
0.862	37.715
0.881	39.692
0.88	39.397
0.791	29.007
0.789	28.722
0.833	32.924
0.847	34.355
0.789	28.722
0.88	39.397
0.879	39.155
0.837	33.55
0.855	37.355
0.897	43.983
0.876	38.742
0.875	38.531
0.799	32.069
0.825	32.28
0.878	39.027
0.877	38.832
0.841	33.779
0.862	37.715
0.86	37.526
0.882	39.88
0.881	39.692
0.841	33.779
0.844	34.151
0.843	33.99
0.884	43.534
0.879	39.155
0.878	39.027
0.849	34.642
0.847	34.355
0.846	34.236
0.877	38.832
0.876	38.742
0.788	28.675
0.787	28.586
0.793	29.095
0.845	34.233
0.844	34.151
0.896	43.75
0.875	38.531
