P=? [ F (x=9&y=9&crashed=0) ]	R{"cost"}=? [ C<=100 ]
0.778	31.54
0.86	49.049
0.86	49.049
0.778	31.54
0.852	44.506
0.84	43.031
0.803	37.795
0.838	39.592
0.801	34.506
0.783	32.618
0.818	37.998
0.833	38.727
0.821	38.302
0.807	37.941
0.793	32.849
0.852	44.506
0.849	43.884
0.843	43.849
0.842	43.386
0.794	32.962
0.836	39.359
0.835	38.853
0.782	32.116
0.796	33.612
0.833	38.727
0.821	38.302
0.85	44.21
0.798	33.678
0.795	33.457
0.801	34.506
0.779	31.542
0.78	31.801
0.838	39.592
0.806	37.936
0.819	38.202
0.803	37.795
0.782	32.116
0.78	31.801
0.85	44.21
0.799	33.964
0.8	34.229
0.8	34.229
0.799	33.964
0.836	39.359
0.793	32.849
0.795	33.457
0.806	37.936
0.835	38.853
0.819	38.202
0.798	33.678
