P=? [ F (x=9&y=9&crashed=0) ]	R{"cost"}=? [ C<=100 ]
0.711	28.232
0.711	28.232
0.863	45.148
0.722	31.581
0.798	36.669
0.787	32.312
0.797	33.574
0.757	32.281
0.85	43.46
0.847	40.778
0.753	31.817
0.734	31.599
0.734	31.599
0.807	36.699
0.83	39.194
0.722	31.581
0.821	38.549
0.794	32.949
0.814	37.726
0.845	40.246
0.82	38.302
0.811	37.115
0.827	38.69
0.858	44.257
0.852	43.655
0.794	32.949
0.862	44.827
0.828	38.911
0.852	43.655
0.787	32.312
0.846	40.469
0.858	44.257
0.86	44.632
0.82	38.302
0.814	37.726
0.836	39.302
0.84	39.32
0.847	40.778
0.859	44.459
0.843	39.884
0.809	36.982
0.843	39.884
0.836	39.302
0.796	33.284
0.754	31.877
0.813	37.445
0.755	32.104
0.841	39.547
0.841	39.547
0.796	33.284
