P=? [ F (x=9&y=9&crashed=0) ]	R{"cost"}=? [ C<=100 ]
0.754	30.355
0.853	66.093
0.853	66.093
0.754	30.355
0.844	60.789
0.78	34.3
0.836	55.673
0.789	39.035
0.852	65.965
0.812	40.165
0.827	48.8
0.828	53.165
0.803	39.417
0.82	44.581
0.784	35.006
0.834	55.315
0.78	34.3
0.816	44.064
0.827	48.8
0.803	39.417
0.82	44.581
0.828	53.165
0.784	35.006
0.812	40.165
0.789	39.035
0.816	44.064
0.853	66.093
0.754	30.355
0.78	34.3
0.827	48.8
0.803	39.417
0.828	53.165
0.784	35.006
0.816	44.064
0.754	30.355
0.754	30.355
0.754	30.355
0.754	30.355
0.754	30.355
0.828	53.165
0.828	53.165
0.754	30.355
0.784	35.006
0.754	30.355
0.827	48.8
0.784	35.006
0.828	53.165
0.754	30.355
0.803	39.417
0.754	30.355
0.828	53.165
0.784	35.006
0.816	44.064
0.754	30.355
0.828	53.165
0.784	35.006
0.754	30.355
0.754	30.355
0.828	53.165
0.784	35.006
0.827	48.8
0.754	30.355
0.803	39.417
0.828	53.165
0.816	44.064
0.754	30.355
0.828	53.165
0.754	30.355
0.803	39.417
0.754	30.355
0.816	44.064
0.803	39.417
0.827	48.8
0.784	35.006
0.828	53.165
0.803	39.417
0.828	53.165
0.754	30.355
0.828	53.165
0.784	35.006
0.784	35.006
0.78	34.3
0.754	30.355
0.754	30.355
0.78	34.3
0.82	44.581
0.784	35.006
0.789	39.035
0.78	34.3
0.754	30.355
0.827	48.8
0.754	30.355
0.754	30.355
0.853	66.093
0.78	34.3
0.784	35.006
0.78	34.3
0.754	30.355
0.789	39.035
0.754	30.355
