P=? [ F (x=9&y=9&crashed=0) ]	R{"cost"}=? [ C<=100 ]
0.829	60.539
0.728	38.599
0.829	60.539
0.728	38.599
0.813	55.5
0.82	59.029
0.75	41.217
0.755	42.946
0.775	48.075
0.813	55.5
0.801	53.628
0.798	51.68
0.821	59.561
0.82	59.029
0.736	38.933
0.774	46.371
0.81	54.834
0.828	60.32
0.737	39.225
0.798	51.68
0.772	46.128
0.781	49.078
0.794	50.824
0.745	40.591
0.806	54.472
0.742	40.053
0.758	43.438
0.769	45.82
0.742	40.053
0.737	39.225
0.765	44.607
0.749	41.103
0.762	43.994
0.828	60.32
0.821	59.561
0.777	48.289
0.797	50.972
0.785	49.134
0.744	40.245
0.803	53.787
0.788	49.721
0.767	44.962
0.805	54.239
0.766	44.912
0.76	43.787
0.756	42.995
0.808	54.795
0.749	41.103
0.745	40.591
0.768	45.332
0.801	53.628
0.793	50.395
0.76	43.787
0.768	45.332
0.78	48.718
0.792	50.259
0.787	49.373
0.792	50.259
0.79	49.912
0.736	38.933
0.79	49.912
0.769	45.82
0.804	54.071
0.757	43.273
0.764	44.34
0.808	54.795
0.78	48.718
0.779	48.474
0.796	50.96
0.764	44.34
0.763	44.117
0.787	49.373
0.786	49.151
0.804	54.071
0.757	43.273
0.774	46.371
0.773	46.208
0.802	53.644
0.793	50.395
0.796	50.96
0.763	44.117
0.789	49.798
0.743	40.152
0.778	48.383
0.743	40.152
0.779	48.474
0.778	48.383
0.773	46.208
0.789	49.798
0.785	49.134
0.781	49.078
0.786	49.151
0.802	53.644
0.797	50.972
0.728	38.599
0.829	60.539
0.82	59.029
0.737	39.225
0.821	59.561
0.801	53.628
