P=? [ F (x=9&y=9&crashed=0) ]	R{"cost"}=? [ C<=100 ]
0.805	55.026
0.637	26.423
0.637	26.423
0.805	55.026
0.644	29.246
0.667	29.579
0.804	54.881
0.799	51.36
0.732	38.196
0.696	31.129
0.73	35.999
0.76	42.075
0.698	33.217
0.769	43.839
0.678	29.914
0.645	29.302
0.656	29.511
0.76	42.075
0.655	29.386
0.735	38.923
0.786	48.266
0.783	46.698
0.769	43.839
0.799	51.36
0.694	30.914
0.712	34.233
0.679	30.092
0.759	41.327
0.713	34.274
0.686	30.553
0.687	30.677
0.747	39.21
0.699	33.35
0.719	34.384
0.707	33.893
0.722	35.036
0.741	39.067
0.741	39.067
0.779	45.594
0.798	50.704
0.791	49.527
0.774	44.683
0.783	46.698
0.804	54.881
0.777	45.164
0.705	33.521
0.727	35.486
0.771	43.892
0.704	33.456
0.796	50.444
0.758	41.055
0.725	35.185
0.781	45.966
0.775	45.142
0.793	49.671
0.754	40.272
0.755	40.704
0.734	38.481
0.721	34.679
0.748	39.495
0.753	40.257
0.707	33.893
0.782	46.205
0.795	50.129
0.787	48.311
0.72	34.617
0.686	30.553
0.679	30.092
0.795	50.129
0.732	38.196
0.797	50.634
0.751	40.063
0.694	30.914
0.786	48.266
0.696	31.129
0.73	35.999
0.79	49.15
0.772	44.247
0.678	29.914
0.725	35.185
0.793	49.671
0.756	40.714
0.698	33.217
0.789	48.867
0.788	48.568
0.734	38.481
0.79	49.15
0.789	48.867
0.788	48.568
0.75	39.813
0.782	46.205
0.687	30.677
0.78	45.737
0.773	44.473
0.772	44.247
0.75	39.813
0.749	39.602
0.773	44.473
0.729	35.79
0.757	40.848
