P=? [ F (x=9&y=9&crashed=0) ]	R{"cost"}=? [ C<=100 ]
0.797	50.716
0.682	33.557
0.682	33.557
0.797	50.716
0.76	43.976
0.735	38.741
0.729	36.19
0.759	41.803
0.701	33.916
0.689	33.782
0.786	48.592
0.783	47.058
0.77	44.116
0.735	38.741
0.714	34.756
0.702	34.151
0.741	39.336
0.713	34.499
0.763	44.039
0.708	34.25
0.688	33.683
0.747	39.492
0.728	36.166
0.729	36.19
0.72	34.952
0.727	35.561
0.781	46.049
0.725	35.285
0.783	47.058
0.793	50.021
0.791	49.415
0.741	39.336
0.782	46.651
0.709	34.394
0.759	41.803
0.758	41.238
0.737	39.114
0.75	39.86
0.757	41.186
0.756	40.68
0.781	46.049
0.779	45.545
0.721	34.973
0.725	35.285
0.755	40.626
0.778	45.477
0.782	46.651
0.777	45.281
0.775	44.875
0.793	50.021
0.795	50.339
0.763	44.039
0.754	40.404
0.786	48.592
0.777	45.281
0.751	40.199
0.772	44.44
0.721	34.973
0.774	44.831
0.773	44.536
0.788	48.937
0.787	48.656
0.79	49.319
0.789	49.039
0.727	35.561
0.749	39.81
0.748	39.535
0.736	39.013
0.794	50.267
0.772	44.44
0.791	49.415
0.77	44.116
0.737	39.114
0.795	50.339
0.779	45.545
0.72	34.952
0.714	34.756
0.775	44.875
0.752	40.242
0.754	40.404
0.752	40.242
0.747	39.492
0.701	33.916
0.689	33.782
0.688	33.683
0.709	34.394
0.789	49.039
0.788	48.937
0.736	39.013
0.708	34.25
0.702	34.151
0.773	44.536
0.79	49.319
0.794	50.267
0.787	48.656
0.756	40.68
0.758	41.238
0.757	41.186
0.749	39.81
0.774	44.831
