P=? [ F (x=9&y=9&crashed=0) ]	R{"cost"}=? [ C<=100 ]
0.666	29.531
0.666	29.531
0.811	59.741
0.805	55.637
0.78	46.046
0.758	41.341
0.764	43.67
0.795	50.287
0.675	29.56
0.796	53.363
0.787	48.449
0.803	55.11
0.682	29.768
0.704	33.387
0.698	31.464
0.733	38.207
0.732	36.843
0.718	34.291
0.71	34.078
0.765	43.903
0.787	48.449
0.772	44.442
0.689	30.751
0.805	55.637
0.698	31.464
0.747	39.2
0.704	33.387
0.798	53.989
0.741	39.01
0.798	53.989
0.694	30.874
0.725	35.171
0.791	49.498
0.736	38.784
0.683	30.082
0.696	31.071
0.754	40.34
0.757	41.085
0.685	30.218
0.688	30.468
0.804	55.305
0.752	40.27
0.728	35.531
0.751	40.032
0.794	50.091
0.74	38.968
0.73	36.443
0.729	35.781
0.722	35.103
0.755	40.671
0.731	36.687
0.778	45.716
0.748	39.317
0.772	44.442
0.765	43.903
0.726	35.487
0.793	49.809
0.734	38.437
0.71	34.078
0.686	30.421
0.797	53.764
0.796	53.363
0.736	38.784
0.734	38.437
0.694	30.874
0.79	49.247
0.789	48.922
0.756	40.762
0.779	46.033
0.793	49.809
0.708	33.975
0.776	45.42
0.775	45.133
0.75	39.772
0.79	49.247
0.729	35.781
0.73	36.443
0.789	48.922
0.788	48.68
0.721	34.865
0.721	34.865
0.72	34.629
0.749	39.552
0.775	45.133
0.788	48.68
0.773	44.673
0.774	44.902
0.774	44.902
0.773	44.673
0.777	45.648
0.776	45.42
0.697	31.297
0.797	53.764
0.75	39.772
0.72	34.629
0.749	39.552
0.719	34.409
0.718	34.291
0.707	33.879
0.706	33.68
