P=? [ F (x=9&y=9&crashed=0) ]	R{"cost"}=? [ C<=100 ]
0.586	24.819
0.806	55.667
0.586	24.819
0.597	26.704
0.798	50.796
0.679	30.773
0.61	28.729
0.625	29.133
0.739	38.919
0.684	33.516
0.645	29.322
0.783	46.518
0.611	28.738
0.733	36.847
0.667	30.164
0.763	43.569
0.759	41.544
0.625	29.133
0.786	48.334
0.694	34.025
0.645	29.322
0.658	29.346
0.701	34.044
0.595	25.321
0.677	30.197
0.798	50.796
0.788	48.493
0.77	43.842
0.764	43.7
0.758	41.069
0.707	34.544
0.592	24.977
0.688	33.772
0.725	35.563
0.778	45.384
0.794	50.097
0.759	41.544
0.658	29.346
0.665	29.474
0.746	39.074
0.666	29.492
0.791	49.329
0.712	34.567
0.79	49.229
0.733	36.847
0.678	30.21
0.75	39.812
0.749	39.49
0.685	33.536
0.72	35.455
0.731	36.821
0.775	44.876
0.782	46.303
0.705	34.344
0.713	34.769
0.794	50.097
0.714	35.031
0.684	33.516
0.776	45.311
0.741	38.992
0.779	45.939
0.763	43.569
0.688	33.772
0.796	50.418
0.748	39.259
0.755	40.587
0.728	36.192
0.796	50.418
0.705	34.344
0.786	48.334
0.718	35.348
0.729	36.252
0.717	35.301
0.791	49.329
0.754	40.368
0.78	46.157
0.774	44.792
0.756	40.712
0.73	36.466
0.716	35.089
0.747	39.128
0.594	25.289
0.592	24.977
0.771	44.129
0.772	44.41
0.771	44.129
0.727	35.911
0.756	40.712
0.754	40.368
0.752	40.111
0.773	44.659
0.772	44.41
0.72	35.455
0.79	49.229
0.727	35.911
0.726	35.674
0.751	40.045
0.779	45.939
0.73	36.466
0.752	40.111
