P=? [ F (x=9&y=9&crashed=0) ]	R{"cost"}=? [ C<=100 ]
0.846	54.539
0.723	27.388
0.846	54.539
0.723	27.388
0.735	27.952
0.815	37.839
0.753	31.588
0.783	31.643
0.843	53.896
0.839	48.685
0.834	47.557
0.831	43.247
0.826	42.03
0.752	31.58
0.794	36.424
0.81	36.461
0.752	31.58
0.793	36.184
0.792	32.987
0.826	42.03
0.83	42.754
0.831	43.247
0.839	48.685
0.843	53.896
0.836	47.796
0.814	37.242
0.79	32.499
0.788	32.341
0.787	32.107
0.828	42.272
0.785	31.845
0.838	48.421
0.837	48.034
0.814	37.242
0.813	36.934
0.829	42.474
0.838	48.421
0.787	32.107
0.785	31.845
0.791	32.756
0.844	54.143
0.793	36.184
0.837	48.034
0.827	42.265
0.811	36.693
0.792	32.987
0.791	32.756
0.845	54.319
0.835	47.583
0.811	36.693
0.812	36.898
0.829	42.474
0.784	31.645
0.845	54.319
0.844	54.143
0.79	32.499
0.788	32.341
0.783	31.643
0.753	31.588
0.81	36.461
0.794	36.424
0.813	36.934
0.812	36.898
0.835	47.583
0.827	42.265
0.784	31.645
0.846	54.539
0.723	27.388
0.752	31.58
0.826	42.03
0.843	53.896
0.831	43.247
0.814	37.242
0.838	48.421
0.787	32.107
0.785	31.845
0.793	36.184
0.792	32.987
0.791	32.756
0.837	48.034
0.811	36.693
0.829	42.474
0.845	54.319
0.844	54.143
0.79	32.499
0.788	32.341
0.783	31.643
0.753	31.588
0.81	36.461
0.794	36.424
0.813	36.934
0.812	36.898
0.835	47.583
0.827	42.265
0.784	31.645
0.846	54.539
0.723	27.388
0.752	31.58
0.826	42.03
0.843	53.896
