P=? [ F (x=9&y=9&crashed=0) ]	R{"cost"}=? [ C<=100 ]
0.59	27.96
0.77	47.816
0.59	27.96
0.77	47.816
0.599	28.812
0.762	43.515
0.767	47.309
0.632	31.608
0.745	42.2
0.74	38.986
0.632	31.608
0.673	33.22
0.72	37.242
0.7	34.973
0.72	37.242
0.7	34.973
0.652	32.856
0.691	33.615
0.676	33.557
0.64	32.69
0.753	43.059
0.649	32.788
0.76	43.251
0.74	38.986
0.697	34.364
0.745	42.2
0.767	47.309
0.597	28.571
0.593	28.137
0.652	32.856
0.751	42.816
0.729	38.173
0.728	37.941
0.693	33.808
0.597	28.571
0.593	28.137
0.769	47.501
0.638	32.381
0.635	31.975
0.635	31.975
0.638	32.381
0.698	34.724
0.739	38.632
0.598	28.789
0.725	37.732
0.633	31.742
0.694	33.84
0.748	42.672
0.696	34.056
0.736	38.417
0.722	37.416
0.752	43.053
0.732	38.197
0.761	43.462
0.728	37.941
0.725	37.732
0.699	34.773
0.746	42.398
0.76	43.251
0.769	47.501
0.734	38.198
0.747	42.58
0.746	42.398
0.695	34.019
0.722	37.416
0.639	32.529
0.675	33.399
0.738	38.582
0.737	38.426
0.634	31.822
0.592	27.986
0.639	32.529
0.723	37.561
0.751	42.816
0.748	42.672
0.735	38.274
0.732	38.197
0.65	32.81
0.724	37.613
0.675	33.399
0.674	33.284
0.649	32.788
0.64	32.69
0.747	42.58
0.634	31.822
0.735	38.274
0.674	33.284
0.676	33.557
0.761	43.462
0.724	37.613
0.723	37.561
0.739	38.632
0.738	38.582
0.699	34.773
0.698	34.724
0.65	32.81
0.696	34.056
0.695	34.019
0.591	27.984
0.729	38.173
