P=? [ F (x=9&y=9&crashed=0) ]	R{"cost"}=? [ C<=100 ]
0.934	54.916
0.759	27.48
0.934	54.916
0.759	27.48
0.918	50.344
0.933	54.769
0.884	40.483
0.907	48.05
0.901	44.954
0.777	27.485
0.887	43.13
0.933	54.769
0.851	35.055
0.852	37.033
0.809	30.337
0.81	32.11
0.779	27.589
0.82	32.394
0.785	28.031
0.864	38.166
0.787	28.512
0.915	49.23
0.795	28.667
0.873	38.521
0.895	43.751
0.8	28.91
0.813	32.392
0.907	48.05
0.91	48.705
0.806	30.058
0.827	32.75
0.824	32.416
0.917	49.417
0.802	29.359
0.879	39.199
0.802	29.359
0.901	44.954
0.898	44.377
0.858	37.398
0.795	28.667
0.84	33.611
0.89	43.463
0.806	30.058
0.854	37.244
0.88	39.459
0.825	32.714
0.833	32.934
0.811	32.272
0.881	39.716
0.909	48.317
0.91	48.705
0.887	43.13
0.834	33.244
0.877	38.876
0.847	34.578
0.877	38.876
0.845	34.255
0.831	32.929
0.883	40.337
0.882	39.862
0.849	34.672
0.842	33.99
0.897	43.933
0.8	28.91
0.873	38.521
0.864	38.166
0.837	33.579
0.831	32.929
0.843	34.166
0.875	38.552
0.862	37.739
0.86	37.422
0.85	34.988
0.854	37.244
0.786	28.208
0.862	37.739
0.9	44.893
0.899	44.604
0.863	37.878
0.89	43.463
0.889	43.335
0.809	30.337
0.909	48.317
0.836	33.54
0.835	33.275
0.841	33.867
0.847	34.578
0.845	34.255
0.899	44.604
0.852	37.033
0.889	43.335
0.874	38.531
0.859	37.403
0.875	38.552
0.786	28.208
0.86	37.422
0.81	32.11
0.813	32.392
0.787	28.512
0.917	49.417
