P=? [ F (x=9&y=9&crashed=0) ]	R{"cost"}=? [ C<=100 ]
0.925	54.907
0.746	27.487
0.746	27.487
0.925	54.907
0.793	32.131
0.774	28.73
0.917	49.903
0.9	48.506
0.924	54.148
0.899	44.535
0.759	28.542
0.774	28.73
0.885	42.563
0.793	32.131
0.882	39.809
0.811	32.254
0.824	32.305
0.851	35.252
0.852	37.091
0.759	28.542
0.811	32.254
0.924	54.148
0.866	38.301
0.831	33.466
0.838	33.537
0.825	32.788
0.906	48.585
0.873	38.49
0.887	42.8
0.829	33.278
0.829	33.278
0.911	49.132
0.898	44.254
0.847	34.702
0.912	49.45
0.84	33.608
0.882	39.809
0.891	43.568
0.851	35.252
0.847	34.702
0.885	42.563
0.89	43.306
0.909	49.126
0.893	43.573
0.894	43.774
0.897	44.061
0.825	32.788
0.855	37.271
0.915	49.619
0.875	38.54
0.841	33.851
0.846	34.537
0.844	34.155
0.855	37.271
0.907	48.76
0.876	38.75
0.878	38.982
0.907	48.76
0.846	34.537
0.863	37.802
0.858	37.331
0.881	39.506
0.897	44.061
0.894	43.774
0.899	44.535
0.844	34.155
0.843	34.031
0.861	37.653
0.878	38.982
0.876	38.75
0.881	39.506
0.88	39.28
0.838	33.537
0.831	33.466
0.865	38.083
0.874	38.496
0.86	37.538
0.859	37.336
0.889	43.188
0.888	42.993
0.888	42.993
0.873	38.49
0.866	38.301
0.843	34.031
0.852	37.091
0.841	33.851
0.879	39.158
0.915	49.619
0.912	49.45
0.864	37.966
0.916	49.781
0.909	49.126
0.863	37.802
0.861	37.653
0.88	39.28
0.879	39.158
0.916	49.781
0.889	43.188
0.865	38.083
0.864	37.966
