P=? [ F (x=9&y=9&crashed=0) ]	R{"cost"}=? [ C<=100 ]
0.671	26.525
0.837	48.124
0.837	48.124
0.671	26.525
0.834	47.527
0.829	43.493
0.824	42.417
0.819	38.425
0.697	26.873
0.72	27.768
0.701	27.2
0.746	30.378
0.8	37.366
0.794	35.5
0.801	37.437
0.815	37.696
0.794	35.5
0.786	33.7
0.78	33.279
0.754	31.579
0.761	31.978
0.737	29.018
0.834	47.527
0.742	30.11
0.793	34.55
0.728	28.949
0.738	29.125
0.72	27.768
0.754	31.579
0.724	28.31
0.8	37.366
0.775	32.82
0.819	38.425
0.829	43.493
0.818	38.26
0.742	30.11
0.775	32.82
0.772	32.725
0.697	26.873
0.824	42.417
0.701	27.2
0.756	31.62
0.767	32.662
0.724	28.31
0.781	33.586
0.744	30.365
0.725	28.704
0.79	34.217
0.738	29.125
0.79	34.217
0.756	31.62
0.782	33.68
0.826	42.912
0.825	42.504
0.828	43.362
0.827	42.997
0.817	37.908
0.772	32.725
0.7	27.187
0.763	32.133
0.7	27.187
0.765	32.567
0.764	32.294
0.815	37.696
0.801	37.437
0.791	34.323
0.793	34.55
0.791	34.323
0.727	28.924
0.725	28.704
0.817	37.908
0.816	37.744
0.764	32.294
0.727	28.924
0.762	32.12
0.828	43.362
0.825	42.504
0.827	42.997
0.826	42.912
0.766	32.638
0.765	32.567
0.737	29.018
0.728	28.949
0.767	32.662
0.816	37.744
0.766	32.638
0.782	33.68
0.762	32.12
0.745	30.375
0.745	30.375
0.671	26.525
0.794	35.5
0.834	47.527
0.72	27.768
0.754	31.579
0.8	37.366
0.819	38.425
0.742	30.11
0.829	43.493
0.775	32.82
