P=? [ F (x=9&y=9&crashed=0) ]	R{"cost"}=? [ C<=100 ]
0.671	26.749
0.671	26.749
0.844	48.648
0.823	43.106
0.818	38.439
0.833	44.759
0.7	27.132
0.673	26.773
0.841	48.044
0.797	34.723
0.8	37.292
0.7	27.132
0.716	27.31
0.816	37.872
0.802	37.84
0.825	43.352
0.732	28.139
0.722	27.755
0.831	44.466
0.795	34.125
0.789	33.772
0.818	38.439
0.743	30.233
0.742	29.167
0.744	31.202
0.743	30.233
0.841	48.044
0.831	44.466
0.825	43.352
0.784	33.625
0.797	34.723
0.79	34.084
0.718	27.63
0.747	31.247
0.754	31.356
0.732	28.139
0.736	28.223
0.823	43.106
0.77	32.329
0.77	32.329
0.737	28.607
0.783	33.272
0.842	48.084
0.765	32.187
0.775	32.554
0.759	31.429
0.739	28.614
0.801	37.327
0.722	27.755
0.673	26.773
0.741	29.005
0.78	33.166
0.762	32.08
0.761	31.773
0.716	27.31
0.741	29.005
0.8	37.292
0.76	31.704
0.765	32.187
0.756	31.371
0.832	44.722
0.754	31.356
0.747	31.247
0.775	32.554
0.778	32.891
0.777	32.671
0.72	27.723
0.779	33.097
0.778	32.891
0.756	31.371
0.763	32.135
0.795	34.125
0.842	48.084
0.742	29.167
0.72	27.723
0.816	37.872
0.784	33.625
0.745	31.217
0.739	28.614
0.783	33.272
0.78	33.166
0.777	32.671
0.776	32.58
0.736	28.223
0.761	31.773
0.76	31.704
0.779	33.097
0.759	31.429
0.762	32.08
0.763	32.135
0.79	34.084
0.832	44.722
0.801	37.327
0.802	37.84
0.745	31.217
0.776	32.58
0.744	31.202
0.671	26.749
0.842	48.084
0.7	27.132
