P=? [ F (x=9&y=9&crashed=0) ]	R{"cost"}=? [ C<=100 ]
0.65	26.184
0.843	48.638
0.843	48.638
0.65	26.184
0.841	48.36
0.834	43.643
0.747	30.341
0.819	38.382
0.82	42.03
0.726	27.284
0.696	26.735
0.674	26.644
0.705	27.18
0.67	26.385
0.736	28.141
0.815	37.689
0.76	31.658
0.738	29.04
0.8	37.585
0.795	35.611
0.777	32.286
0.773	31.787
0.796	37.03
0.738	29.04
0.825	42.454
0.756	31.311
0.731	27.847
0.756	31.311
0.834	43.643
0.841	48.36
0.731	27.847
0.779	33.034
0.701	26.9
0.829	43.317
0.788	34.658
0.821	42.254
0.696	26.735
0.784	33.656
0.787	34.173
0.833	43.509
0.672	26.63
0.759	31.453
0.818	38.254
0.817	37.856
0.842	48.494
0.703	27.171
0.774	31.906
0.799	37.398
0.827	42.782
0.671	26.397
0.774	31.906
0.827	42.782
0.828	43.031
0.816	37.726
0.701	26.9
0.783	33.381
0.828	43.031
0.758	31.331
0.782	33.284
0.78	33.055
0.82	42.03
0.705	27.18
0.782	33.284
0.794	35.411
0.793	35.203
0.674	26.644
0.792	35.097
0.791	34.893
0.67	26.385
0.787	34.173
0.786	33.972
0.821	42.254
0.794	35.411
0.79	34.853
0.788	34.658
0.833	43.509
0.829	43.317
0.786	33.972
0.785	33.792
0.798	37.333
0.797	37.154
0.79	34.853
0.78	33.055
0.779	33.034
0.785	33.792
0.817	37.856
0.773	31.787
0.818	38.254
0.703	27.171
0.797	37.154
0.796	37.03
0.793	35.203
0.792	35.097
0.8	37.585
0.783	33.381
0.798	37.333
0.791	34.893
0.758	31.331
0.65	26.184
0.738	29.04
