P=? [ F (x=9&y=9&crashed=0) ]	R{"cost"}=? [ C<=100 ]
0.669	26.191
0.851	48.614
0.669	26.191
0.851	48.614
0.849	47.978
0.816	42.731
0.834	43.776
0.794	36.582
0.815	39.644
0.692	26.433
0.789	34.282
0.834	43.776
0.741	31.483
0.829	42.864
0.735	30.612
0.753	31.557
0.725	29.421
0.716	28.163
0.725	29.421
0.735	30.612
0.773	32.402
0.707	27.997
0.764	32.143
0.8	37.532
0.801	37.85
0.812	39.18
0.796	37.35
0.738	30.68
0.723	28.934
0.786	33.9
0.697	26.778
0.795	37.253
0.758	32.061
0.85	48.581
0.757	31.674
0.811	38.95
0.789	34.282
0.764	32.143
0.739	30.979
0.756	31.624
0.703	27.535
0.787	34.251
0.739	30.979
0.781	33.192
0.72	28.844
0.718	28.677
0.7	27.3
0.698	26.889
0.808	38.599
0.694	26.575
0.704	27.761
0.692	26.433
0.774	32.483
0.701	27.522
0.7	27.3
0.814	39.507
0.81	38.747
0.694	26.575
0.753	31.557
0.805	37.994
0.833	43.505
0.832	43.193
0.831	43.008
0.761	32.119
0.78	33.152
0.717	28.389
0.807	38.324
0.833	43.505
0.761	32.119
0.814	39.507
0.773	32.402
0.782	33.451
0.829	42.864
0.804	37.986
0.724	29.168
0.784	33.805
0.776	32.871
0.775	32.633
0.783	33.687
0.782	33.451
0.698	26.889
0.724	29.168
0.717	28.389
0.777	33.089
0.776	32.871
0.72	28.844
0.741	31.483
0.832	43.193
0.806	38.177
0.778	33.137
0.718	28.677
0.716	28.163
0.707	27.997
0.775	32.633
0.81	38.747
0.808	38.599
0.807	38.324
0.806	38.177
0.831	43.008
0.706	27.92
