P=? [ F (x=9&y=9&crashed=0) ]	R{"cost"}=? [ C<=100 ]
0.862	60.025
0.667	26.147
0.862	60.025
0.726	27.283
0.835	49.406
0.693	27.186
0.845	54.815
0.833	44.397
0.853	55.296
0.844	50.262
0.755	29.417
0.806	38.233
0.757	31.682
0.826	43.088
0.801	35.586
0.741	29.305
0.821	40.747
0.772	31.859
0.759	31.728
0.688	26.884
0.677	26.79
0.853	55.296
0.784	33.714
0.808	38.641
0.826	43.088
0.814	38.678
0.841	49.42
0.851	54.954
0.738	29.073
0.795	34.11
0.79	33.753
0.732	27.88
0.821	40.747
0.801	35.586
0.819	39.654
0.797	34.679
0.672	26.42
0.737	28.213
0.82	40.446
0.83	43.949
0.829	43.645
0.843	49.788
0.778	32.579
0.781	33.256
0.833	44.397
0.829	43.645
0.671	26.41
0.791	33.758
0.795	34.11
0.675	26.761
0.735	27.98
0.691	27.14
0.844	50.262
0.778	32.579
0.775	32.106
0.741	29.305
0.781	33.256
0.83	43.949
0.817	39.284
0.816	39.048
0.775	32.106
0.736	28.143
0.784	33.714
0.675	26.761
0.819	39.654
0.816	39.048
0.817	39.284
0.843	49.788
0.773	31.963
0.791	33.758
0.799	35.021
0.798	34.7
0.851	54.954
0.759	31.728
0.82	40.446
0.779	32.874
0.8	35.291
0.689	27.003
0.78	32.97
0.755	29.417
0.73	27.6
0.729	27.527
0.8	35.291
0.799	35.021
0.677	26.79
0.671	26.41
0.73	27.6
0.738	29.073
0.728	27.497
0.814	38.678
0.808	38.641
0.728	27.497
0.841	49.42
0.835	49.406
0.845	54.815
0.689	27.003
0.772	31.859
0.735	27.98
0.693	27.186
0.78	32.97
