P=? [ F (x=9&y=9&crashed=0) ]	R{"cost"}=? [ C<=100 ]
0.655	27.089
0.871	67.817
0.854	61.346
0.853	53.918
0.782	33.123
0.862	62.788
0.815	37.049
0.67	27.412
0.717	31.661
0.748	31.93
0.673	30.696
0.87	67.614
0.817	40.813
0.84	46.441
0.835	42.343
0.76	32.754
0.851	51.912
0.845	48.291
0.782	33.123
0.8	36.347
0.701	31.151
0.8	36.347
0.686	30.828
0.656	27.223
0.804	36.939
0.685	30.775
0.853	53.918
0.852	52.094
0.824	41.53
0.702	31.379
0.87	67.614
0.859	62.008
0.755	32.08
0.717	31.661
0.71	31.612
0.71	31.612
0.833	42.024
0.826	41.908
0.844	48.153
0.843	47.018
0.851	51.912
0.845	48.291
0.835	42.343
0.84	46.441
0.758	32.725
0.861	62.548
0.86	62.232
0.82	41.044
0.855	61.479
0.753	32.048
0.749	31.956
0.67	27.412
0.76	32.754
0.855	61.479
0.834	42.16
0.82	41.044
0.673	30.696
0.758	32.725
0.803	36.566
0.802	36.392
0.825	41.862
0.686	30.828
0.843	47.018
0.842	46.709
0.753	32.048
0.748	31.93
0.702	31.379
0.656	27.223
0.852	52.094
0.803	36.566
0.842	46.709
0.841	46.571
0.844	48.153
0.819	40.91
0.854	61.346
0.841	46.571
0.833	42.024
0.826	41.908
0.804	36.939
0.749	31.956
0.685	30.775
0.818	40.878
0.825	41.862
0.802	36.392
0.819	40.91
0.818	40.878
0.782	33.123
0.8	36.347
0.853	53.918
0.87	67.614
0.717	31.661
0.851	51.912
0.835	42.343
0.753	32.048
0.67	27.412
0.76	32.754
0.855	61.479
0.82	41.044
0.673	30.696
0.843	47.018
