P=? [ F (x=9&y=9&crashed=0) ]	R{"cost"}=? [ C<=100 ]
0.655	26.472
0.835	43.389
0.655	26.472
0.82	42.62
0.819	37.578
0.667	26.811
0.713	27.415
0.733	31.588
0.732	28.751
0.799	35.994
0.784	33.467
0.775	31.843
0.754	31.738
0.833	43.03
0.784	33.467
0.799	35.994
0.802	36.434
0.814	36.596
0.746	31.605
0.725	27.567
0.714	27.499
0.656	26.63
0.665	26.671
0.754	31.738
0.713	27.415
0.667	26.811
0.747	31.623
0.783	33.266
0.782	32.801
0.82	42.62
0.818	37.444
0.817	37.068
0.729	28.2
0.728	27.917
0.731	28.561
0.73	28.281
0.777	32.016
0.834	43.251
0.783	33.266
0.775	31.843
0.816	36.932
0.815	36.735
0.801	36.238
0.732	28.751
0.731	28.561
0.777	32.016
0.78	32.509
0.779	32.339
0.727	27.895
0.726	27.727
0.782	32.801
0.779	32.339
0.778	32.174
0.781	32.636
0.814	36.596
0.802	36.434
0.726	27.727
0.778	32.174
0.815	36.735
0.834	43.251
0.817	37.068
0.816	36.932
0.819	37.578
0.818	37.444
0.666	26.678
0.8	36.126
0.781	32.636
0.78	32.509
0.747	31.623
0.801	36.238
0.8	36.126
0.73	28.281
0.729	28.2
0.725	27.567
0.714	27.499
0.665	26.671
0.656	26.63
0.728	27.917
0.727	27.895
0.746	31.605
0.733	31.588
0.666	26.678
0.655	26.472
0.784	33.467
0.754	31.738
0.82	42.62
0.834	43.251
0.775	31.843
0.783	33.266
0.732	28.751
0.731	28.561
0.782	32.801
0.814	36.596
0.802	36.434
0.726	27.727
0.778	32.174
0.815	36.735
0.817	37.068
0.816	36.932
0.819	37.578
