P=? [ F (x=9&y=9&crashed=0) ]	R{"cost"}=? [ C<=100 ]
0.828	42.461
0.61	22.708
0.61	22.708
0.828	42.461
0.817	37.063
0.645	26.194
0.824	41.668
0.747	31.606
0.729	28.031
0.645	26.194
0.798	36.081
0.782	33.02
0.692	27.134
0.721	27.378
0.665	26.638
0.691	27.13
0.747	31.606
0.729	28.031
0.782	33.02
0.754	31.748
0.798	36.081
0.77	31.759
0.659	26.441
0.803	36.608
0.815	36.794
0.665	26.638
0.817	37.063
0.659	26.441
0.826	41.885
0.824	41.668
0.754	31.748
0.691	27.13
0.78	32.535
0.776	32.023
0.827	42.267
0.8	36.136
0.781	32.851
0.773	31.823
0.815	36.794
0.724	27.386
0.801	36.398
0.721	27.378
0.692	27.134
0.773	31.823
0.78	32.535
0.778	32.326
0.728	28.029
0.727	27.822
0.777	32.229
0.776	32.023
0.827	42.267
0.778	32.326
0.726	27.743
0.725	27.561
0.725	27.561
0.781	32.851
0.825	41.716
0.802	36.542
0.801	36.398
0.771	31.775
0.777	32.229
0.722	27.381
0.727	27.822
0.726	27.743
0.802	36.542
0.8	36.136
0.825	41.716
0.771	31.775
0.77	31.759
0.724	27.386
0.722	27.381
0.728	28.029
0.61	22.708
0.828	42.461
0.645	26.194
0.747	31.606
0.729	28.031
0.782	33.02
0.798	36.081
0.665	26.638
0.817	37.063
0.659	26.441
0.824	41.668
0.754	31.748
0.691	27.13
0.815	36.794
0.802	36.542
0.721	27.378
0.692	27.134
0.773	31.823
0.78	32.535
0.776	32.023
0.827	42.267
0.778	32.326
0.725	27.561
0.801	36.398
0.777	32.229
0.727	27.822
0.726	27.743
0.825	41.716
