P=? [ F (x=9&y=9&crashed=0) ]	R{"cost"}=? [ C<=100 ]
0.725	30.996
0.86	49.103
0.725	30.996
0.86	49.103
0.843	47.44
0.842	43.817
0.738	32.502
0.817	42.175
0.791	38.323
0.804	39.489
0.822	43.15
0.76	34.704
0.84	43.455
0.753	33.816
0.804	39.489
0.817	42.175
0.771	35.554
0.753	33.816
0.858	48.739
0.85	48.736
0.782	37.21
0.782	37.21
0.801	38.858
0.849	48.398
0.844	47.772
0.819	42.232
0.771	35.554
0.778	36.67
0.735	32.066
0.82	42.765
0.849	48.398
0.844	47.772
0.797	38.518
0.777	36.297
0.78	36.742
0.774	36.21
0.73	31.542
0.726	31.113
0.794	38.498
0.822	43.15
0.737	32.493
0.797	38.518
0.735	32.066
0.732	31.786
0.82	42.765
0.755	34.0
0.731	31.661
0.781	37.109
0.729	31.326
0.757	34.258
0.859	49.08
0.727	31.313
0.758	34.461
0.773	35.874
0.843	47.44
0.84	43.455
0.842	43.817
0.841	43.526
0.794	38.498
0.772	35.838
0.732	31.786
0.756	34.248
0.759	34.463
0.803	39.289
0.802	39.057
0.803	39.289
0.802	39.057
0.755	34.0
0.775	36.23
0.737	32.493
0.781	37.109
0.78	36.742
0.841	43.526
0.777	36.297
0.775	36.23
0.773	35.874
0.772	35.838
0.859	49.08
0.756	34.248
0.728	31.319
0.728	31.319
0.858	48.739
0.85	48.736
0.759	34.463
0.725	30.996
0.86	49.103
0.804	39.489
0.817	42.175
0.753	33.816
0.782	37.21
0.771	35.554
0.844	47.772
0.822	43.15
0.797	38.518
0.735	32.066
0.82	42.765
0.843	47.44
0.84	43.455
0.842	43.817
0.802	39.057
