P=? [ F (x=9&y=9&crashed=0) ]	R{"cost"}=? [ C<=100 ]
0.855	53.117
0.724	30.784
0.724	30.784
0.855	53.117
0.854	49.025
0.847	48.322
0.846	44.557
0.823	42.574
0.739	32.591
0.775	36.116
0.731	32.563
0.838	43.211
0.76	35.198
0.798	38.798
0.782	37.412
0.768	35.204
0.814	41.437
0.754	33.757
0.725	30.907
0.786	37.681
0.73	31.388
0.813	40.295
0.805	38.916
0.793	37.812
0.746	32.946
0.782	37.412
0.85	48.408
0.818	41.725
0.75	33.408
0.756	34.572
0.81	39.486
0.772	35.888
0.838	43.211
0.809	39.271
0.729	31.294
0.748	32.995
0.746	32.946
0.853	49.02
0.754	33.757
0.75	33.408
0.852	48.672
0.821	42.056
0.758	34.846
0.797	38.351
0.757	34.593
0.807	39.22
0.839	43.328
0.729	31.294
0.84	43.441
0.822	42.197
0.771	35.546
0.796	38.208
0.794	37.867
0.811	39.821
0.821	42.056
0.759	34.871
0.796	38.208
0.845	44.413
0.844	44.1
0.773	36.02
0.844	44.1
0.843	43.81
0.811	39.821
0.812	40.108
0.852	48.672
0.806	38.979
0.784	37.457
0.794	37.867
0.748	32.995
0.815	41.458
0.771	35.546
0.77	35.351
0.756	34.572
0.813	40.295
0.812	40.108
0.843	43.81
0.842	43.645
0.785	37.522
0.846	44.557
0.845	44.413
0.797	38.351
0.822	42.197
0.817	41.586
0.77	35.351
0.769	35.215
0.793	37.812
0.786	37.681
0.805	38.916
0.798	38.798
0.817	41.586
0.816	41.474
0.842	43.645
0.841	43.54
0.841	43.54
0.773	36.02
0.73	31.388
0.847	48.322
0.785	37.522
0.806	38.979
0.807	39.22
