P=? [ F (x=9&y=9&crashed=0) ]	R{"cost"}=? [ C<=100 ]
0.867	53.709
0.652	26.565
0.867	53.709
0.706	26.865
0.86	49.196
0.865	53.546
0.84	43.365
0.826	39.712
0.848	48.207
0.843	44.978
0.786	37.27
0.78	34.432
0.728	28.68
0.802	37.538
0.76	33.515
0.807	38.562
0.775	33.758
0.823	38.902
0.787	37.419
0.751	31.535
0.84	43.365
0.826	39.712
0.737	30.016
0.714	27.891
0.843	44.978
0.751	31.535
0.737	30.016
0.734	29.936
0.729	28.708
0.711	27.237
0.842	43.871
0.857	48.644
0.849	48.356
0.714	27.891
0.757	32.705
0.706	26.865
0.786	37.27
0.712	27.867
0.848	48.207
0.758	33.357
0.78	34.432
0.803	38.156
0.807	38.562
0.776	34.062
0.756	32.572
0.755	32.037
0.734	29.936
0.729	28.708
0.865	53.546
0.825	39.564
0.824	39.059
0.804	38.294
0.711	27.237
0.842	43.871
0.841	43.514
0.779	34.417
0.776	34.062
0.823	38.902
0.857	48.644
0.849	48.356
0.752	31.684
0.754	31.893
0.804	38.294
0.779	34.417
0.859	49.052
0.858	48.794
0.775	33.758
0.754	31.893
0.752	31.684
0.736	29.965
0.824	39.059
0.866	53.559
0.858	48.794
0.841	43.514
0.825	39.564
0.755	32.037
0.759	33.371
0.859	49.052
0.803	38.156
0.756	32.572
0.802	37.538
0.787	37.419
0.736	29.965
0.712	27.867
0.759	33.371
0.758	33.357
0.866	53.559
0.867	53.709
0.84	43.365
0.826	39.712
0.843	44.978
0.751	31.535
0.737	30.016
0.714	27.891
0.706	26.865
0.786	37.27
0.78	34.432
0.807	38.562
0.734	29.936
0.729	28.708
