P=? [ F (x=9&y=9&crashed=0) ]	R{"cost"}=? [ C<=100 ]
0.871	54.924
0.871	54.924
0.705	26.913
0.863	49.905
0.829	43.977
0.852	49.314
0.846	44.593
0.869	54.579
0.828	39.77
0.74	31.633
0.728	28.717
0.825	39.398
0.805	38.566
0.844	44.206
0.775	34.041
0.761	33.723
0.787	37.652
0.715	27.888
0.786	37.315
0.783	35.024
0.801	37.727
0.754	31.748
0.739	29.765
0.854	49.659
0.846	44.593
0.825	39.398
0.869	54.579
0.781	34.377
0.711	27.279
0.805	38.566
0.715	27.888
0.777	34.326
0.709	26.927
0.736	29.46
0.735	29.051
0.786	37.315
0.803	37.802
0.732	29.008
0.757	32.687
0.756	32.083
0.783	35.024
0.732	29.008
0.758	33.176
0.757	32.687
0.804	38.289
0.76	33.239
0.782	34.796
0.828	39.77
0.761	33.723
0.739	29.765
0.736	29.46
0.713	27.583
0.71	26.997
0.804	38.289
0.714	27.614
0.756	32.083
0.755	31.813
0.854	49.659
0.801	37.727
0.87	54.813
0.829	43.977
0.782	34.796
0.853	49.54
0.777	34.326
0.713	27.583
0.853	49.54
0.754	31.748
0.74	31.633
0.87	54.813
0.803	37.802
0.787	37.652
0.71	26.997
0.755	31.813
0.759	33.234
0.758	33.176
0.781	34.377
0.735	29.051
0.714	27.614
0.76	33.239
0.759	33.234
0.869	54.579
0.846	44.593
0.825	39.398
0.805	38.566
0.715	27.888
0.786	37.315
0.783	35.024
0.732	29.008
0.757	32.687
0.828	39.77
0.854	49.659
0.761	33.723
0.739	29.765
0.736	29.46
0.804	38.289
0.756	32.083
0.801	37.727
0.829	43.977
0.782	34.796
0.777	34.326
