P=? [ F (x=9&y=9&crashed=0) ]	R{"cost"}=? [ C<=100 ]
0.86	49.205
0.653	26.568
0.86	49.205
0.653	26.568
0.688	26.924
0.856	48.462
0.846	44.48
0.654	26.651
0.839	43.211
0.829	40.28
0.715	28.009
0.717	29.836
0.804	38.29
0.8	37.342
0.782	35.036
0.689	26.985
0.738	31.638
0.775	33.741
0.709	26.99
0.823	38.886
0.8	37.342
0.782	35.036
0.759	32.778
0.753	31.643
0.829	40.28
0.775	33.741
0.839	43.211
0.846	44.48
0.856	48.462
0.717	29.836
0.843	43.809
0.759	32.778
0.725	30.716
0.725	30.716
0.713	27.417
0.71	27.045
0.757	32.064
0.859	49.051
0.781	34.988
0.779	34.345
0.727	31.109
0.732	31.621
0.823	38.886
0.804	38.29
0.758	32.644
0.778	34.294
0.828	39.759
0.726	30.807
0.713	27.417
0.803	37.811
0.84	43.361
0.731	31.541
0.727	31.109
0.826	39.463
0.824	39.041
0.731	31.541
0.858	48.654
0.84	43.361
0.845	44.336
0.844	44.007
0.654	26.651
0.778	34.294
0.824	39.041
0.755	31.875
0.826	39.463
0.802	37.65
0.801	37.425
0.844	44.007
0.757	32.064
0.755	31.875
0.803	37.811
0.802	37.65
0.779	34.345
0.828	39.759
0.827	39.601
0.781	34.988
0.858	48.654
0.857	48.503
0.845	44.336
0.754	31.732
0.827	39.601
0.758	32.644
0.754	31.732
0.801	37.425
0.857	48.503
0.732	31.621
0.709	26.99
0.753	31.643
0.653	26.568
0.86	49.205
0.8	37.342
0.782	35.036
0.829	40.28
0.775	33.741
0.839	43.211
0.856	48.462
0.725	30.716
0.717	29.836
0.759	32.778
0.823	38.886
