P=? [ F (x=9&y=9&crashed=0) ]	R{"cost"}=? [ C<=100 ]
0.89	58.735
0.705	32.736
0.89	58.735
0.715	34.348
0.794	36.831
0.881	58.187
0.88	53.128
0.879	52.698
0.878	48.204
0.826	42.178
0.821	41.634
0.85	42.218
0.794	36.831
0.715	34.348
0.813	38.44
0.863	45.904
0.861	43.422
0.801	37.353
0.807	37.572
0.708	33.332
0.708	33.332
0.876	47.525
0.821	41.634
0.813	38.44
0.866	47.211
0.812	38.184
0.864	46.254
0.877	47.954
0.87	47.506
0.856	42.757
0.809	37.877
0.86	43.28
0.853	42.432
0.881	58.187
0.824	41.926
0.86	43.28
0.864	46.254
0.863	45.904
0.856	42.757
0.809	37.877
0.824	41.926
0.88	53.128
0.879	52.698
0.866	47.211
0.854	42.702
0.85	42.218
0.869	47.496
0.869	47.496
0.861	43.422
0.878	48.204
0.853	42.432
0.826	42.178
0.854	42.702
0.87	47.506
0.89	58.735
0.708	33.332
0.794	36.831
0.715	34.348
0.821	41.634
0.813	38.44
0.881	58.187
0.86	43.28
0.864	46.254
0.863	45.904
0.824	41.926
0.88	53.128
0.879	52.698
0.866	47.211
0.869	47.496
0.878	48.204
0.853	42.432
0.826	42.178
0.809	37.877
0.87	47.506
0.854	42.702
0.89	58.735
0.708	33.332
0.794	36.831
0.715	34.348
0.821	41.634
0.813	38.44
0.86	43.28
0.854	42.702
0.881	58.187
0.864	46.254
0.824	41.926
0.88	53.128
0.879	52.698
0.866	47.211
0.869	47.496
0.853	42.432
0.826	42.178
0.878	48.204
0.89	58.735
0.715	34.348
0.821	41.634
0.813	38.44
0.86	43.28
0.854	42.702
0.881	58.187
