P=? [ F (x=9&y=9&crashed=0) ]	R{"cost"}=? [ C<=100 ]
0.667	35.972
0.667	35.972
0.911	63.315
0.709	37.377
0.79	37.919
0.885	52.388
0.887	53.212
0.818	41.681
0.903	58.599
0.89	57.152
0.878	48.643
0.814	38.417
0.81	37.934
0.86	45.797
0.859	43.119
0.79	37.919
0.676	36.636
0.835	41.962
0.853	42.397
0.832	41.689
0.691	36.772
0.691	36.772
0.705	36.905
0.903	58.599
0.878	48.643
0.864	47.033
0.862	46.051
0.676	36.636
0.871	47.475
0.668	35.98
0.894	57.423
0.894	57.423
0.811	38.404
0.899	57.825
0.835	41.962
0.668	35.98
0.708	37.038
0.709	37.377
0.866	47.47
0.899	57.825
0.877	48.138
0.902	58.096
0.886	52.71
0.873	47.862
0.89	57.152
0.858	42.851
0.864	47.033
0.855	42.668
0.853	42.397
0.865	47.397
0.705	36.905
0.814	38.417
0.818	41.681
0.862	46.051
0.886	52.71
0.859	43.119
0.832	41.689
0.854	42.445
0.901	58.047
0.861	45.84
0.875	47.868
0.858	42.851
0.855	42.668
0.877	48.138
0.876	47.959
0.901	58.047
0.708	37.038
0.873	47.862
0.871	47.475
0.876	47.959
0.865	47.397
0.902	58.096
0.854	42.445
0.861	45.84
0.86	45.797
0.811	38.404
0.875	47.868
0.866	47.47
0.667	35.972
0.691	36.772
0.878	48.643
0.676	36.636
0.894	57.423
0.886	52.71
0.835	41.962
0.668	35.98
0.89	57.152
0.709	37.377
0.899	57.825
0.903	58.599
0.853	42.397
0.705	36.905
0.814	38.417
0.818	41.681
0.862	46.051
0.859	43.119
0.832	41.689
0.858	42.851
0.855	42.668
0.708	37.038
