P=? [ F (x=9&y=9&crashed=0) ]	R{"cost"}=? [ C<=100 ]
0.684	31.612
0.897	58.749
0.897	58.749
0.684	31.612
0.726	35.233
0.803	36.058
0.891	57.655
0.888	53.579
0.884	49.201
0.886	52.829
0.811	36.944
0.811	36.944
0.726	35.233
0.833	40.028
0.858	45.554
0.833	40.028
0.706	34.891
0.857	42.844
0.69	33.367
0.703	34.407
0.808	36.084
0.839	40.877
0.895	58.05
0.851	42.04
0.862	46.059
0.687	32.067
0.866	47.335
0.803	36.058
0.703	34.407
0.69	33.367
0.88	48.418
0.851	42.04
0.839	40.877
0.884	49.201
0.862	46.059
0.88	48.418
0.886	52.829
0.687	32.067
0.887	53.529
0.891	57.655
0.835	40.396
0.838	40.51
0.876	47.931
0.706	34.891
0.876	47.931
0.858	45.554
0.874	47.732
0.866	47.335
0.874	47.732
0.871	47.413
0.855	42.572
0.888	53.579
0.855	42.572
0.857	42.844
0.852	42.312
0.871	47.413
0.869	47.405
0.835	40.396
0.853	42.404
0.869	47.405
0.853	42.404
0.838	40.51
0.852	42.312
0.887	53.529
0.897	58.749
0.684	31.612
0.726	35.233
0.811	36.944
0.833	40.028
0.803	36.058
0.703	34.407
0.69	33.367
0.839	40.877
0.884	49.201
0.862	46.059
0.88	48.418
0.886	52.829
0.687	32.067
0.891	57.655
0.706	34.891
0.876	47.931
0.858	45.554
0.866	47.335
0.874	47.732
0.855	42.572
0.857	42.844
0.871	47.413
0.835	40.396
0.869	47.405
0.853	42.404
0.838	40.51
0.852	42.312
0.887	53.529
0.897	58.749
0.684	31.612
0.726	35.233
0.811	36.944
0.833	40.028
0.803	36.058
0.703	34.407
