P=? [ F (x=9&y=9&crashed=0) ]	R{"cost"}=? [ C<=100 ]
0.897	54.498
0.589	29.556
0.589	29.556
0.897	54.498
0.614	33.194
0.808	36.098
0.729	35.224
0.831	39.681
0.678	33.311
0.604	30.169
0.81	36.334
0.863	46.309
0.88	51.592
0.879	49.596
0.706	34.552
0.81	36.334
0.703	34.069
0.728	35.222
0.846	41.921
0.886	53.481
0.881	51.825
0.683	33.389
0.837	40.49
0.861	45.073
0.86	44.364
0.858	43.185
0.853	42.492
0.878	48.599
0.595	29.825
0.683	33.389
0.879	49.596
0.808	36.098
0.837	40.49
0.729	35.224
0.614	33.194
0.846	41.921
0.861	45.073
0.86	44.364
0.864	46.912
0.834	40.228
0.703	34.069
0.728	35.222
0.706	34.552
0.85	42.083
0.894	53.837
0.881	51.825
0.599	29.841
0.878	48.599
0.876	48.153
0.678	33.311
0.834	40.228
0.867	47.241
0.867	47.241
0.895	54.239
0.886	53.481
0.704	34.306
0.864	46.912
0.858	43.185
0.705	34.318
0.869	47.486
0.856	42.775
0.85	42.083
0.876	48.153
0.89	53.728
0.856	42.775
0.887	53.491
0.874	47.919
0.872	47.65
0.888	53.671
0.857	42.938
0.88	51.592
0.875	47.921
0.869	47.486
0.602	30.068
0.602	30.068
0.89	53.728
0.599	29.841
0.857	42.938
0.871	47.637
0.896	54.369
0.895	54.239
0.896	54.369
0.894	53.837
0.872	47.65
0.871	47.637
0.874	47.919
0.603	30.101
0.888	53.671
0.603	30.101
0.875	47.921
0.589	29.556
0.897	54.498
0.81	36.334
0.683	33.389
0.879	49.596
0.837	40.49
0.729	35.224
0.614	33.194
0.846	41.921
0.86	44.364
