P=? [ F (x=9&y=9&crashed=0) ]	R{"cost"}=? [ C<=100 ]
0.878	52.314
0.668	31.12
0.878	52.314
0.668	31.12
0.758	35.231
0.844	37.874
0.855	42.378
0.826	37.769
0.858	46.762
0.801	35.389
0.706	31.423
0.849	41.93
0.877	51.764
0.874	47.8
0.742	32.393
0.731	31.988
0.706	31.423
0.808	36.185
0.742	32.393
0.758	35.231
0.808	36.185
0.731	31.988
0.869	47.06
0.867	46.894
0.877	51.764
0.873	47.366
0.874	47.8
0.849	41.93
0.844	37.874
0.851	42.062
0.851	42.062
0.804	35.685
0.801	35.389
0.858	46.762
0.807	35.962
0.873	47.366
0.805	35.89
0.804	35.685
0.867	46.894
0.807	35.962
0.805	35.89
0.878	52.314
0.706	31.423
0.742	32.393
0.808	36.185
0.758	35.231
0.731	31.988
0.877	51.764
0.874	47.8
0.849	41.93
0.851	42.062
0.801	35.389
0.858	46.762
0.804	35.685
0.807	35.962
0.805	35.89
0.873	47.366
0.878	52.314
0.706	31.423
0.758	35.231
0.731	31.988
0.849	41.93
0.877	51.764
0.874	47.8
0.873	47.366
0.851	42.062
0.801	35.389
0.858	46.762
0.804	35.685
0.808	36.185
0.807	35.962
0.805	35.89
0.878	52.314
0.706	31.423
0.758	35.231
0.731	31.988
0.849	41.93
0.874	47.8
0.873	47.366
0.851	42.062
0.801	35.389
0.858	46.762
0.804	35.685
0.808	36.185
0.807	35.962
0.805	35.89
0.878	52.314
0.758	35.231
0.731	31.988
0.849	41.93
0.874	47.8
0.873	47.366
0.801	35.389
0.804	35.685
0.808	36.185
0.807	35.962
0.805	35.89
0.878	52.314
0.731	31.988
0.849	41.93
