P=? [ F (x=9&y=9&crashed=0) ]	R{"cost"}=? [ C<=100 ]
0.89	60.039
0.71	29.183
0.71	29.183
0.89	60.039
0.762	31.014
0.714	29.616
0.809	31.709
0.767	31.687
0.874	53.394
0.873	49.672
0.865	48.174
0.856	43.03
0.864	44.696
0.855	39.746
0.884	58.521
0.882	55.153
0.832	37.146
0.83	35.003
0.714	29.616
0.871	49.293
0.889	59.706
0.841	37.942
0.822	33.743
0.822	33.743
0.888	58.911
0.861	43.985
0.839	37.701
0.817	33.071
0.86	43.449
0.812	32.317
0.826	34.536
0.825	34.1
0.882	55.153
0.869	48.535
0.836	37.338
0.812	32.317
0.817	33.071
0.853	39.294
0.881	54.558
0.879	53.717
0.845	38.026
0.877	53.449
0.814	32.676
0.763	31.209
0.867	48.224
0.859	43.303
0.868	48.337
0.711	29.316
0.885	58.818
0.884	58.521
0.881	54.558
0.88	54.096
0.829	34.992
0.826	34.536
0.855	39.746
0.853	39.294
0.852	38.848
0.878	53.684
0.837	37.579
0.814	32.676
0.88	54.096
0.849	38.393
0.869	48.535
0.809	31.709
0.832	37.146
0.825	34.1
0.829	34.992
0.816	32.898
0.766	31.527
0.764	31.358
0.847	38.231
0.711	29.316
0.859	43.303
0.856	43.03
0.863	44.494
0.862	44.234
0.862	44.234
0.872	49.517
0.816	32.898
0.85	38.599
0.864	44.696
0.863	44.494
0.836	37.338
0.887	58.894
0.852	38.848
0.851	38.664
0.83	35.003
0.766	31.527
0.764	31.358
0.849	38.393
0.847	38.231
0.873	49.672
0.872	49.517
0.846	38.091
0.837	37.579
0.845	38.026
0.887	58.894
0.885	58.818
0.851	38.664
0.85	38.599
