P=? [ F (x=9&y=9&crashed=0) ]	R{"cost"}=? [ C<=100 ]
0.852	43.585
0.61	21.563
0.852	43.585
0.61	21.563
0.664	25.582
0.851	38.601
0.664	25.582
0.847	37.998
0.829	34.271
0.687	26.574
0.72	26.749
0.771	31.378
0.793	31.41
0.847	37.998
0.829	34.271
0.682	25.6
0.754	29.403
0.795	31.642
0.759	30.534
0.809	31.668
0.738	27.732
0.685	25.796
0.764	31.188
0.741	28.545
0.759	30.534
0.771	31.378
0.72	26.749
0.738	27.732
0.746	28.986
0.725	27.075
0.725	27.075
0.823	33.413
0.817	32.763
0.815	32.388
0.825	33.891
0.748	29.081
0.827	34.0
0.752	29.35
0.748	29.081
0.823	33.413
0.82	33.069
0.743	28.644
0.849	38.329
0.752	29.35
0.761	30.858
0.849	38.329
0.817	32.763
0.734	27.47
0.762	30.888
0.814	32.332
0.813	32.039
0.685	25.796
0.824	33.609
0.764	31.188
0.811	31.981
0.81	31.703
0.746	28.986
0.743	28.644
0.687	26.574
0.734	27.47
0.729	27.19
0.82	33.069
0.732	27.389
0.794	31.414
0.85	38.547
0.818	32.976
0.827	34.0
0.682	25.6
0.732	27.389
0.729	27.19
0.824	33.609
0.741	28.545
0.815	32.388
0.762	30.888
0.761	30.858
0.825	33.891
0.727	27.112
0.742	28.55
0.728	27.116
0.819	33.004
0.814	32.332
0.851	38.601
0.85	38.547
0.733	27.441
0.811	31.981
0.812	32.029
0.727	27.112
0.81	31.703
0.733	27.441
0.819	33.004
0.818	32.976
0.809	31.668
0.795	31.642
0.813	32.039
0.812	32.029
0.742	28.55
0.794	31.414
0.728	27.116
0.852	43.585
0.61	21.563
