P=? [ F (x=9&y=9&crashed=0) ]	R{"cost"}=? [ C<=100 ]
0.85	38.362
0.709	27.008
0.709	27.008
0.85	38.362
0.772	31.363
0.828	34.288
0.751	29.24
0.829	36.648
0.794	31.406
0.772	31.363
0.751	29.24
0.727	27.113
0.795	31.48
0.808	31.652
0.737	28.237
0.837	37.549
0.83	36.733
0.846	37.986
0.741	28.536
0.736	27.659
0.837	37.549
0.741	28.536
0.84	37.918
0.83	36.733
0.746	28.998
0.731	27.418
0.747	29.231
0.746	28.998
0.817	32.762
0.814	32.314
0.821	33.397
0.82	33.063
0.817	32.762
0.823	33.452
0.814	32.314
0.825	33.907
0.827	34.005
0.846	37.986
0.818	32.991
0.734	27.654
0.737	28.237
0.824	33.621
0.838	37.724
0.728	27.186
0.728	27.186
0.733	27.43
0.811	31.968
0.81	31.746
0.813	32.106
0.838	37.724
0.808	31.652
0.795	31.48
0.824	33.621
0.84	37.918
0.727	27.113
0.827	34.005
0.825	33.907
0.813	32.106
0.812	32.021
0.829	36.648
0.81	31.746
0.809	31.665
0.82	33.063
0.818	32.991
0.821	33.397
0.811	31.968
0.812	32.021
0.794	31.406
0.809	31.665
0.747	29.231
0.733	27.43
0.732	27.422
0.736	27.659
0.734	27.654
0.732	27.422
0.709	27.008
0.85	38.362
0.772	31.363
0.751	29.24
0.837	37.549
0.741	28.536
0.817	32.762
0.814	32.314
0.846	37.986
0.737	28.237
0.821	33.397
0.838	37.724
0.808	31.652
0.795	31.48
0.84	37.918
0.727	27.113
0.827	34.005
0.825	33.907
0.813	32.106
0.829	36.648
0.81	31.746
0.728	27.186
0.82	33.063
0.818	32.991
0.812	32.021
