P=? [ F (x=9&y=9&crashed=0) ]	R{"cost"}=? [ C<=100 ]
0.765	27.579
0.924	44.684
0.765	27.579
0.91	43.642
0.8	27.608
0.906	40.099
0.889	35.148
0.831	28.347
0.821	27.661
0.891	37.736
0.8	27.608
0.864	30.672
0.852	28.534
0.858	30.356
0.871	32.297
0.857	28.849
0.889	35.148
0.885	33.894
0.831	28.347
0.918	43.896
0.905	39.483
0.821	27.661
0.864	30.672
0.906	40.099
0.896	38.104
0.878	32.688
0.882	33.105
0.885	33.894
0.878	32.688
0.904	39.1
0.922	44.283
0.871	32.297
0.874	32.305
0.918	43.896
0.91	43.642
0.9	38.713
0.883	33.507
0.899	38.478
0.894	38.093
0.882	33.105
0.904	39.1
0.922	44.283
0.9	38.713
0.883	33.507
0.923	44.665
0.899	38.478
0.874	32.305
0.853	28.536
0.858	30.356
0.892	37.778
0.857	28.849
0.853	28.536
0.852	28.534
0.892	37.778
0.891	37.736
0.894	38.093
0.923	44.665
0.765	27.579
0.8	27.608
0.889	35.148
0.831	28.347
0.885	33.894
0.821	27.661
0.864	30.672
0.906	40.099
0.878	32.688
0.871	32.297
0.882	33.105
0.918	43.896
0.91	43.642
0.904	39.1
0.922	44.283
0.9	38.713
0.899	38.478
0.874	32.305
0.858	30.356
0.857	28.849
0.853	28.536
0.852	28.534
0.892	37.778
0.891	37.736
0.894	38.093
0.765	27.579
0.8	27.608
0.889	35.148
0.831	28.347
0.885	33.894
0.821	27.661
0.864	30.672
0.906	40.099
0.878	32.688
0.871	32.297
0.882	33.105
0.918	43.896
0.904	39.1
0.922	44.283
0.9	38.713
0.899	38.478
0.874	32.305
0.858	30.356
