P=? [ F (x=9&y=9&crashed=0) ]	R{"cost"}=? [ C<=100 ]
0.937	60.96
0.817	33.543
0.937	60.96
0.817	33.543
0.936	50.849
0.821	34.074
0.855	34.405
0.879	34.471
0.855	34.405
0.931	50.272
0.927	46.008
0.911	44.33
0.909	41.063
0.891	36.018
0.892	38.42
0.908	40.667
0.921	45.135
0.916	44.892
0.927	46.008
0.883	34.849
0.931	50.272
0.906	39.86
0.879	34.471
0.888	35.754
0.921	45.135
0.884	35.035
0.887	35.57
0.82	33.902
0.909	41.063
0.895	38.779
0.894	38.443
0.902	39.581
0.887	35.57
0.884	35.035
0.924	45.511
0.934	50.451
0.906	39.86
0.89	35.827
0.897	38.803
0.883	34.849
0.924	45.511
0.82	33.902
0.912	44.443
0.911	44.33
0.821	34.074
0.901	39.27
0.926	45.728
0.914	44.664
0.904	39.647
0.933	50.433
0.916	44.892
0.914	44.664
0.912	44.443
0.936	50.849
0.935	50.649
0.935	50.649
0.926	45.728
0.925	45.534
0.905	39.667
0.915	44.704
0.898	38.985
0.933	50.433
0.899	39.1
0.898	38.985
0.901	39.27
0.9	39.17
0.89	35.827
0.9	39.17
0.899	39.1
0.904	39.647
0.902	39.581
0.915	44.704
0.897	38.803
0.895	38.779
0.894	38.443
0.925	45.534
0.892	38.42
0.905	39.667
0.817	33.543
0.937	60.96
0.855	34.405
0.927	46.008
0.931	50.272
0.879	34.471
0.921	45.135
0.909	41.063
0.887	35.57
0.884	35.035
0.906	39.86
0.883	34.849
0.924	45.511
0.82	33.902
0.911	44.33
0.821	34.074
0.916	44.892
0.914	44.664
0.912	44.443
0.936	50.849
0.935	50.649
0.926	45.728
