P=? [ F (x=9&y=9&crashed=0) ]	R{"cost"}=? [ C<=100 ]
0.918	45.782
0.644	27.23
0.918	45.782
0.91	41.031
0.705	27.899
0.648	27.686
0.911	44.742
0.726	27.979
0.766	28.529
0.892	35.759
0.845	32.353
0.825	30.213
0.895	38.094
0.766	28.529
0.726	27.979
0.705	27.899
0.845	32.353
0.787	28.557
0.825	30.213
0.878	33.675
0.816	29.682
0.804	28.662
0.861	33.177
0.803	28.63
0.849	32.588
0.788	28.587
0.816	29.682
0.866	33.606
0.861	33.177
0.849	32.588
0.804	28.662
0.879	34.187
0.903	39.698
0.902	39.132
0.883	34.36
0.887	35.16
0.908	40.363
0.916	45.383
0.892	35.759
0.89	35.361
0.818	29.89
0.821	30.207
0.9	38.697
0.905	40.315
0.897	38.508
0.647	27.665
0.886	34.733
0.909	40.764
0.901	39.077
0.885	34.721
0.865	33.451
0.904	39.962
0.896	38.157
0.913	45.18
0.865	33.451
0.916	45.383
0.89	35.361
0.909	40.764
0.904	39.962
0.903	39.698
0.912	44.991
0.911	44.742
0.883	34.36
0.648	27.686
0.817	29.889
0.913	45.18
0.887	35.16
0.895	38.094
0.9	38.697
0.897	38.508
0.912	44.991
0.879	34.187
0.647	27.665
0.821	30.207
0.885	34.721
0.878	33.675
0.866	33.606
0.896	38.157
0.902	39.132
0.901	39.077
0.908	40.363
0.905	40.315
0.803	28.63
0.788	28.587
0.787	28.557
0.886	34.733
0.817	29.889
0.918	45.782
0.766	28.529
0.726	27.979
0.705	27.899
0.845	32.353
0.825	30.213
0.816	29.682
0.861	33.177
0.849	32.588
0.804	28.662
0.892	35.759
0.865	33.451
0.916	45.383
