P=? [ F (x=9&y=9&crashed=0) ]	R{"cost"}=? [ C<=100 ]
0.665	28.536
0.82	50.747
0.665	28.536
0.82	50.747
0.714	33.228
0.703	28.871
0.805	48.849
0.793	43.848
0.782	38.818
0.706	29.281
0.738	33.408
0.777	37.952
0.758	34.407
0.804	45.649
0.758	34.407
0.777	37.952
0.819	50.397
0.742	33.827
0.755	34.019
0.782	38.818
0.819	50.397
0.805	48.849
0.793	43.848
0.706	29.281
0.802	44.667
0.714	33.228
0.797	44.612
0.803	45.293
0.804	45.649
0.803	45.293
0.778	38.135
0.796	44.276
0.703	28.871
0.781	38.49
0.794	43.887
0.796	44.276
0.795	44.016
0.741	33.584
0.78	38.364
0.779	38.156
0.705	29.078
0.705	29.078
0.704	28.877
0.757	34.207
0.755	34.019
0.742	33.827
0.74	33.574
0.739	33.409
0.795	44.016
0.781	38.49
0.78	38.364
0.757	34.207
0.756	34.082
0.756	34.082
0.802	44.667
0.797	44.612
0.779	38.156
0.741	33.584
0.74	33.574
0.704	28.877
0.739	33.409
0.82	50.747
0.665	28.536
0.777	37.952
0.758	34.407
0.782	38.818
0.793	43.848
0.819	50.397
0.805	48.849
0.706	29.281
0.714	33.228
0.804	45.649
0.803	45.293
0.703	28.871
0.796	44.276
0.779	38.156
0.705	29.078
0.755	34.019
0.742	33.827
0.739	33.409
0.795	44.016
0.781	38.49
0.78	38.364
0.757	34.207
0.756	34.082
0.802	44.667
0.797	44.612
0.741	33.584
0.74	33.574
0.704	28.877
0.82	50.747
0.665	28.536
0.777	37.952
0.758	34.407
0.782	38.818
0.793	43.848
0.819	50.397
0.805	48.849
0.706	29.281
0.714	33.228
