P=? [ F (x=9&y=9&crashed=0) ]	R{"cost"}=? [ C<=100 ]
0.589	30.464
0.827	68.256
0.827	68.256
0.589	30.464
0.652	31.335
0.59	30.505
0.812	63.302
0.803	62.112
0.801	58.128
0.672	35.023
0.788	57.163
0.787	53.447
0.812	63.302
0.767	50.828
0.766	47.71
0.658	32.334
0.709	38.059
0.785	52.851
0.658	32.334
0.685	35.267
0.672	35.023
0.714	39.729
0.697	36.196
0.776	51.858
0.776	51.858
0.733	41.915
0.803	62.112
0.754	45.377
0.744	43.859
0.8	57.825
0.732	41.203
0.794	57.561
0.755	46.075
0.725	40.45
0.652	31.335
0.752	44.782
0.736	42.11
0.689	35.671
0.795	57.791
0.741	42.679
0.73	40.797
0.702	37.032
0.736	42.11
0.59	30.505
0.747	44.462
0.702	37.032
0.656	31.699
0.743	43.069
0.705	37.384
0.689	35.671
0.714	39.729
0.685	35.267
0.707	37.918
0.72	39.854
0.756	46.242
0.757	46.606
0.723	40.091
0.703	37.213
0.765	47.333
0.763	47.057
0.77	51.252
0.693	35.934
0.772	51.643
0.746	44.281
0.769	51.068
0.741	42.679
0.716	39.819
0.731	41.007
0.725	40.45
0.758	46.771
0.761	46.93
0.693	35.934
0.794	57.561
0.788	57.163
0.723	40.091
0.654	31.556
0.766	47.71
0.72	39.854
0.73	40.797
0.786	53.188
0.752	44.782
0.747	44.462
0.761	46.93
0.753	45.093
0.656	31.699
0.654	31.556
0.696	36.091
0.753	45.093
0.771	51.528
0.706	37.657
0.706	37.657
0.787	53.447
0.786	53.188
0.745	44.046
0.768	50.84
0.742	42.906
0.772	51.643
0.695	36.055
0.716	39.819
0.745	44.046
