P=? [ F (x=9&y=9&crashed=0) ]	R{"cost"}=? [ C<=100 ]
0.795	65.332
0.681	35.682
0.795	65.332
0.794	56.649
0.786	55.842
0.78	51.769
0.707	37.761
0.695	35.933
0.72	39.75
0.72	39.75
0.707	37.761
0.767	49.089
0.765	47.295
0.787	56.064
0.786	55.842
0.78	51.769
0.743	42.951
0.772	50.653
0.744	44.074
0.734	41.959
0.77	49.547
0.756	46.268
0.755	45.318
0.702	36.824
0.728	40.649
0.759	46.487
0.757	46.475
0.737	42.118
0.699	36.492
0.725	40.444
0.706	37.455
0.704	37.06
0.733	41.362
0.702	36.824
0.787	56.064
0.774	50.968
0.772	50.653
0.752	44.858
0.769	49.385
0.777	51.251
0.723	40.194
0.745	44.096
0.696	35.958
0.724	40.266
0.764	47.284
0.747	44.543
0.774	50.968
0.728	40.649
0.75	44.826
0.749	44.628
0.722	40.007
0.73	40.885
0.767	49.089
0.754	45.152
0.77	49.547
0.741	42.723
0.705	37.402
0.776	51.175
0.699	36.492
0.754	45.152
0.752	44.858
0.765	47.295
0.722	40.007
0.695	35.933
0.704	37.06
0.73	40.885
0.746	44.328
0.743	42.951
0.741	42.723
0.697	36.185
0.738	42.333
0.746	44.328
0.76	46.7
0.761	46.913
0.76	46.7
0.779	51.56
0.778	51.459
0.756	46.268
0.776	51.175
0.763	47.079
0.725	40.444
0.698	36.288
0.731	41.061
0.768	49.258
0.74	42.577
0.739	42.408
0.733	41.362
0.732	41.194
0.755	45.318
0.737	42.118
0.734	41.959
0.74	42.577
0.763	47.079
0.762	46.937
0.732	41.194
0.731	41.061
0.768	49.258
0.698	36.288
0.697	36.185
0.779	51.56
