P=? [ F (x=9&y=9&crashed=0) ]	R{"cost"}=? [ C<=100 ]
0.782	51.232
0.617	26.256
0.617	26.256
0.782	51.232
0.69	28.446
0.78	43.447
0.781	51.187
0.711	31.062
0.767	42.046
0.646	26.487
0.619	26.305
0.666	28.229
0.759	38.754
0.776	42.961
0.663	27.975
0.736	34.633
0.653	27.028
0.759	38.754
0.744	36.297
0.752	37.161
0.739	35.59
0.663	27.975
0.653	27.028
0.718	31.412
0.752	37.161
0.744	36.297
0.647	26.703
0.771	42.651
0.732	33.506
0.722	32.557
0.713	31.38
0.758	38.461
0.726	32.681
0.729	32.797
0.757	38.298
0.756	37.785
0.652	26.847
0.712	31.36
0.754	37.467
0.753	37.412
0.727	32.776
0.735	34.48
0.734	34.082
0.734	34.082
0.733	33.716
0.721	32.374
0.72	32.012
0.731	33.148
0.72	32.012
0.719	31.678
0.65	26.825
0.771	42.651
0.74	35.591
0.739	35.59
0.65	26.825
0.719	31.678
0.769	42.479
0.768	42.214
0.743	36.038
0.755	37.724
0.73	33.022
0.664	28.198
0.666	28.229
0.733	33.716
0.721	32.374
0.646	26.487
0.619	26.305
0.768	42.214
0.757	38.298
0.741	35.745
0.735	34.48
0.743	36.038
0.742	35.885
0.742	35.885
0.741	35.745
0.731	33.148
0.73	33.022
0.726	32.681
0.722	32.557
0.77	42.529
0.756	37.785
0.755	37.724
0.77	42.529
0.769	42.479
0.781	51.187
0.618	26.3
0.718	31.412
0.713	31.38
0.665	28.225
0.664	28.198
0.618	26.3
0.665	28.225
0.782	51.232
0.759	38.754
0.663	27.975
0.653	27.028
0.744	36.297
0.734	34.082
0.72	32.012
0.771	42.651
