P=? [ F (x=9&y=9&crashed=0) ]	R{"cost"}=? [ C<=100 ]
0.813	53.405
0.621	26.713
0.621	26.713
0.813	53.405
0.797	48.777
0.649	29.264
0.68	30.628
0.807	52.494
0.783	46.864
0.78	43.419
0.759	40.4
0.758	38.481
0.692	30.903
0.707	31.013
0.646	28.161
0.681	30.644
0.634	27.283
0.68	30.628
0.649	29.264
0.765	41.588
0.629	26.735
0.807	52.494
0.691	30.902
0.736	34.595
0.759	40.4
0.646	28.161
0.79	47.251
0.634	27.283
0.648	28.58
0.734	34.042
0.748	36.968
0.809	52.801
0.754	37.421
0.731	33.14
0.765	41.588
0.719	31.667
0.785	47.029
0.757	38.116
0.756	37.913
0.738	35.244
0.744	36.335
0.755	37.563
0.729	33.1
0.733	33.685
0.796	48.167
0.744	36.335
0.775	42.523
0.811	52.985
0.771	42.2
0.767	41.637
0.721	32.252
0.769	42.029
0.722	32.554
0.739	35.454
0.743	36.144
0.812	53.123
0.633	27.164
0.768	41.897
0.715	31.218
0.741	35.542
0.777	42.845
0.78	43.419
0.771	42.2
0.71	31.041
0.728	32.788
0.792	47.559
0.808	52.511
0.71	31.041
0.783	46.864
0.721	32.252
0.732	33.571
0.648	28.58
0.714	31.217
0.748	36.968
0.631	26.737
0.726	32.66
0.717	31.469
0.707	31.013
0.742	35.91
0.785	47.029
0.738	35.244
0.719	31.667
0.717	31.469
0.752	37.09
0.793	47.579
0.775	42.523
0.632	26.869
0.791	47.267
0.796	48.167
0.795	47.881
0.735	34.324
0.75	36.969
0.725	32.659
0.735	34.324
0.752	37.09
0.691	30.902
0.742	35.91
0.778	43.061
0.779	43.207
0.776	42.706
