P=? [ F (x=9&y=9&crashed=0) ]	R{"cost"}=? [ C<=100 ]
0.628	26.42
0.789	47.794
0.628	26.42
0.789	47.794
0.685	27.424
0.65	26.793
0.777	46.427
0.774	43.244
0.76	41.611
0.759	38.692
0.709	31.014
0.647	26.783
0.692	28.705
0.692	28.705
0.709	31.014
0.746	37.148
0.786	46.786
0.779	46.699
0.772	42.513
0.65	26.793
0.74	35.475
0.736	34.586
0.769	42.062
0.773	43.156
0.752	37.154
0.744	36.288
0.787	47.443
0.763	41.892
0.74	35.475
0.69	28.11
0.687	27.441
0.647	26.783
0.69	28.11
0.741	35.764
0.754	37.66
0.777	46.427
0.718	31.417
0.736	34.586
0.731	33.023
0.728	32.768
0.735	34.462
0.734	33.985
0.722	32.55
0.757	38.365
0.756	37.974
0.724	32.659
0.732	33.397
0.744	36.288
0.734	33.985
0.733	33.623
0.774	43.244
0.787	47.443
0.77	42.276
0.72	32.012
0.719	31.675
0.711	31.023
0.691	28.443
0.753	37.353
0.721	32.268
0.711	31.023
0.687	27.441
0.727	32.762
0.715	31.229
0.714	31.224
0.691	28.443
0.719	31.675
0.721	32.268
0.72	32.012
0.759	38.692
0.758	38.445
0.73	33.013
0.77	42.276
0.724	32.659
0.743	36.058
0.733	33.623
0.732	33.397
0.762	41.825
0.761	41.622
0.756	37.974
0.755	37.772
0.714	31.224
0.753	37.353
0.718	31.417
0.715	31.229
0.769	42.062
0.763	41.892
0.742	35.905
0.743	36.058
0.73	33.013
0.742	35.905
0.746	37.148
0.735	34.462
0.755	37.772
0.722	32.55
0.727	32.762
0.786	46.786
0.758	38.445
0.757	38.365
0.762	41.825
0.761	41.622
