P=? [ F (x=9&y=9&crashed=0) ]	R{"cost"}=? [ C<=100 ]
0.714	27.151
0.871	53.539
0.871	53.539
0.714	27.151
0.779	31.547
0.738	29.455
0.824	38.231
0.869	49.136
0.852	44.602
0.853	48.465
0.815	35.367
0.83	42.212
0.829	39.03
0.84	42.823
0.797	33.716
0.738	29.455
0.846	43.659
0.728	28.466
0.868	49.125
0.815	35.367
0.807	34.229
0.859	48.972
0.81	35.08
0.72	28.077
0.831	42.225
0.733	28.717
0.791	33.663
0.783	32.374
0.857	48.729
0.729	28.467
0.803	34.114
0.85	44.247
0.787	33.073
0.854	48.657
0.85	44.247
0.842	43.017
0.717	27.448
0.81	35.08
0.805	34.153
0.831	42.225
0.803	34.114
0.784	32.94
0.734	29.109
0.72	28.077
0.828	38.657
0.718	27.806
0.843	43.203
0.789	33.313
0.782	32.037
0.736	29.423
