P=? [ F (x=9&y=9&crashed=0) ]	R{"cost"}=? [ C<=100 ]
0.705	27.671
0.705	27.671
0.88	54.568
0.864	54.284
0.846	43.833
0.851	48.765
0.734	29.804
0.766	31.974
0.863	49.989
0.841	43.2
0.831	39.695
0.817	38.541
0.811	35.469
0.716	28.532
0.734	29.804
0.766	31.974
0.784	32.437
0.797	33.489
0.731	29.764
0.787	33.124
0.771	32.225
0.716	28.532
0.831	39.695
0.841	43.2
0.819	38.757
0.731	29.764
0.712	27.786
0.827	38.808
0.861	49.433
0.802	34.093
0.843	43.482
0.811	35.469
0.706	27.682
0.855	49.162
0.817	38.541
0.81	35.196
0.853	48.924
0.851	48.765
0.862	49.676
0.806	34.104
0.712	27.786
0.768	31.986
0.769	32.213
0.809	34.65
0.799	33.725
0.799	33.725
0.829	39.17
0.828	39.039
0.808	34.313
0.786	32.898
