P=? [ F (x=9&y=9&crashed=0) ]	R{"cost"}=? [ C<=100 ]
0.817	62.798
0.658	31.808
0.817	62.798
0.8	57.27
0.801	61.535
0.665	35.276
0.784	56.006
0.659	32.213
0.779	52.61
0.693	35.595
0.678	35.304
0.678	35.304
0.714	39.768
0.704	37.402
0.763	47.713
0.779	52.61
0.714	39.768
0.808	61.552
0.81	62.296
0.792	56.299
0.704	37.402
0.773	50.998
0.743	44.235
0.74	42.768
0.722	40.177
0.716	40.1
0.764	48.797
0.777	51.394
0.794	56.913
0.784	56.006
0.665	35.276
0.762	46.989
0.772	50.065
0.738	42.286
0.723	40.347
0.745	44.432
0.749	44.594
0.727	40.611
0.767	49.234
0.771	49.926
0.81	62.296
0.771	49.926
0.767	49.234
0.754	45.56
0.699	36.763
0.736	42.155
0.776	51.215
0.74	42.768
0.758	46.542
0.757	45.998
0.695	36.053
0.701	36.859
0.751	44.887
0.715	39.939
0.728	40.763
0.733	41.62
0.75	44.746
0.752	45.078
0.793	56.767
0.756	45.73
0.76	46.772
0.743	44.235
0.732	41.469
0.73	41.067
0.752	45.078
0.734	41.776
0.777	51.394
0.697	36.435
0.696	36.07
0.754	45.56
0.794	56.913
0.734	41.776
0.732	41.469
0.73	41.067
0.766	49.093
0.702	37.192
0.736	42.155
0.694	35.729
0.739	42.605
0.766	49.093
0.764	48.797
0.792	56.299
0.693	35.595
0.757	45.998
0.727	40.611
0.723	40.347
0.776	51.215
0.808	61.552
0.703	37.385
0.702	37.192
0.761	46.958
0.759	46.713
0.758	46.542
0.756	45.73
0.698	36.605
0.697	36.435
0.744	44.266
0.739	42.605
0.749	44.594
0.745	44.432
