P=? [ F (x=9&y=9&crashed=0) ]	R{"cost"}=? [ C<=100 ]
0.809	61.809
0.655	31.45
0.809	61.809
0.655	31.45
0.685	35.248
0.662	33.577
0.802	60.814
0.801	57.213
0.71	39.771
0.785	52.674
0.786	55.719
0.765	48.879
0.72	39.78
0.744	44.3
0.658	32.001
0.764	47.382
0.662	33.577
0.77	50.361
0.709	38.009
0.743	42.974
0.766	49.442
0.799	56.896
0.66	33.009
0.793	56.251
0.706	37.332
0.749	44.695
0.728	40.667
0.777	51.197
0.783	52.406
0.802	60.814
0.787	55.905
0.792	56.066
0.774	50.921
0.702	36.772
0.752	45.704
0.689	35.597
0.751	45.048
0.767	50.042
0.774	50.921
0.693	35.6
0.799	56.896
0.723	40.214
0.66	33.009
0.782	52.07
0.734	41.947
0.737	42.074
0.696	35.86
0.698	36.306
0.763	46.974
0.702	36.772
0.78	51.712
0.793	56.251
0.73	41.397
0.756	46.423
0.755	46.033
0.742	42.922
0.704	37.118
0.708	37.67
0.732	41.616
0.761	46.76
0.739	42.399
0.656	31.486
0.779	51.41
0.741	42.615
0.758	46.473
0.698	36.306
0.728	40.667
0.723	40.214
0.758	46.473
0.729	40.962
0.686	35.284
0.732	41.616
0.722	40.196
0.739	42.399
0.762	46.889
0.704	37.118
0.693	35.6
0.689	35.597
0.749	44.695
0.744	44.3
0.709	38.009
0.708	37.67
0.737	42.074
0.734	41.947
0.697	36.184
0.801	57.213
0.75	45.008
0.686	35.284
0.729	40.962
0.761	46.76
0.768	50.116
0.785	52.674
0.753	45.773
0.696	35.86
0.755	46.033
0.753	45.773
0.768	50.116
0.656	31.486
0.73	41.397
0.741	42.615
