P=? [ F (x=9&y=9&crashed=0) ]	R{"cost"}=? [ C<=100 ]
0.643	31.57
0.81	66.759
0.81	66.759
0.643	31.57
0.807	61.358
0.651	35.071
0.808	66.741
0.807	61.358
0.788	56.181
0.788	56.181
0.782	55.066
0.78	51.697
0.667	35.099
0.647	31.994
0.668	35.126
0.755	45.307
0.71	39.702
0.679	35.202
0.745	44.035
0.767	49.005
0.771	50.469
0.765	47.294
0.693	35.815
0.686	35.74
0.697	36.368
0.72	39.851
0.761	46.483
0.709	38.489
0.77	49.502
0.759	46.212
0.743	42.946
0.777	51.181
0.684	35.334
0.715	39.73
0.679	35.202
0.759	46.212
0.737	41.847
0.727	40.306
0.715	39.73
0.785	55.33
0.701	36.972
0.705	37.394
0.777	51.181
0.771	50.469
0.742	42.87
0.751	44.56
0.721	40.021
0.723	40.133
0.779	51.667
0.778	51.209
0.748	44.287
0.741	42.446
0.765	47.294
0.763	46.816
0.733	41.353
0.769	49.474
0.748	44.287
0.753	44.847
0.731	40.84
0.647	31.994
0.645	31.581
0.701	36.972
0.724	40.302
0.708	38.435
0.763	46.816
0.74	42.389
0.702	37.067
0.753	44.847
0.737	41.847
0.733	41.353
0.751	44.56
0.782	55.066
0.732	41.298
0.707	38.144
0.706	37.687
0.768	49.031
0.646	31.979
0.695	35.953
0.786	55.679
0.787	55.835
0.705	37.394
0.702	37.067
0.706	37.687
0.707	38.144
0.743	42.946
0.685	35.459
0.696	36.092
0.785	55.33
0.739	42.126
0.738	42.11
0.728	40.559
0.731	40.84
0.729	40.59
0.729	40.59
0.78	51.697
0.787	55.835
0.786	55.679
0.696	36.092
0.695	35.953
0.684	35.334
