P=? [ F (x=9&y=9&crashed=0) ]	R{"cost"}=? [ C<=100 ]
0.792	27.281
0.869	38.63
0.792	27.281
0.869	38.63
0.833	27.731
0.857	37.722
0.856	33.628
0.806	27.471
0.845	29.036
0.847	32.091
0.806	27.471
0.845	29.036
0.841	28.379
0.866	38.315
0.853	32.831
0.854	33.438
0.866	38.315
0.862	38.035
0.835	28.01
0.838	28.051
0.841	28.379
0.862	38.035
0.847	32.091
0.839	28.33
0.85	32.413
0.833	27.731
0.859	37.999
0.85	32.413
0.853	32.831
0.851	32.531
0.851	32.531
0.858	37.916
0.857	37.722
0.835	28.01
0.855	33.538
0.854	33.438
0.856	33.628
0.855	33.538
0.858	37.916
0.839	28.33
0.838	28.051
0.859	37.999
0.792	27.281
0.869	38.63
0.806	27.471
0.845	29.036
0.866	38.315
0.841	28.379
0.862	38.035
0.847	32.091
0.833	27.731
0.85	32.413
0.853	32.831
0.851	32.531
0.857	37.722
0.835	28.01
0.854	33.438
0.856	33.628
0.855	33.538
0.858	37.916
0.839	28.33
0.838	28.051
0.859	37.999
0.792	27.281
0.869	38.63
0.806	27.471
0.845	29.036
0.866	38.315
0.841	28.379
0.862	38.035
0.847	32.091
0.833	27.731
0.85	32.413
0.853	32.831
0.851	32.531
0.857	37.722
0.835	28.01
0.854	33.438
0.856	33.628
0.855	33.538
0.858	37.916
0.839	28.33
0.838	28.051
0.859	37.999
0.792	27.281
0.806	27.471
0.845	29.036
0.866	38.315
0.841	28.379
0.862	38.035
0.847	32.091
0.833	27.731
0.85	32.413
0.853	32.831
0.851	32.531
0.857	37.722
0.835	28.01
0.854	33.438
0.856	33.628
0.855	33.538
