P=? [ F (x=9&y=9&crashed=0) ]	R{"cost"}=? [ C<=100 ]
0.879	44.047
0.879	44.047
0.608	22.147
0.642	26.167
0.719	26.508
0.84	27.965
0.844	31.88
0.609	22.153
0.747	27.116
0.857	37.443
0.856	34.095
0.681	26.252
0.787	27.25
0.871	42.429
0.87	39.29
0.682	26.396
0.642	26.167
0.609	22.153
0.747	27.116
0.81	27.499
0.831	27.517
0.81	27.499
0.792	27.263
0.872	43.416
0.871	42.429
0.862	38.025
0.869	38.656
0.854	32.878
0.862	38.025
0.867	38.343
0.84	27.965
0.856	34.095
0.87	39.29
0.855	33.461
0.832	27.573
0.855	33.461
0.857	37.443
0.849	32.18
0.792	27.263
0.876	43.734
0.844	31.88
0.876	43.734
0.787	27.25
0.867	38.343
0.832	27.573
0.872	43.416
0.869	38.656
0.849	32.18
0.854	32.878
0.852	32.583
0.85	32.426
0.852	32.583
0.682	26.396
0.851	32.48
0.681	26.252
0.851	32.48
0.85	32.426
0.831	27.517
0.879	44.047
0.609	22.153
0.747	27.116
0.642	26.167
0.81	27.499
0.871	42.429
0.84	27.965
0.856	34.095
0.87	39.29
0.855	33.461
0.857	37.443
0.792	27.263
0.844	31.88
0.876	43.734
0.787	27.25
0.682	26.396
0.867	38.343
0.832	27.573
0.872	43.416
0.869	38.656
0.849	32.18
0.854	32.878
0.852	32.583
0.681	26.252
0.851	32.48
0.85	32.426
0.609	22.153
0.879	44.047
0.747	27.116
0.642	26.167
0.81	27.499
0.871	42.429
0.84	27.965
0.856	34.095
0.87	39.29
0.857	37.443
0.855	33.461
0.792	27.263
0.844	31.88
0.876	43.734
0.787	27.25
0.682	26.396
