P=? [ F (x=9&y=9&crashed=0) ]	R{"cost"}=? [ C<=100 ]
0.864	63.538
0.785	33.334
0.864	63.538
0.785	33.334
0.836	47.122
0.838	47.499
0.845	51.569
0.788	34.211
0.803	37.579
0.812	39.211
0.827	42.415
0.863	63.042
0.856	57.96
0.829	42.685
0.854	56.891
0.847	52.457
0.788	34.211
0.827	42.415
0.803	37.579
0.812	39.211
0.847	52.457
0.856	57.96
0.863	63.042
0.854	56.891
0.804	37.883
0.811	38.932
0.829	42.685
0.811	38.932
0.804	37.883
0.846	51.701
0.855	57.317
0.855	57.317
0.837	47.304
0.837	47.304
0.846	51.701
0.785	33.334
0.864	63.538
0.788	34.211
0.827	42.415
0.803	37.579
0.812	39.211
0.847	52.457
0.856	57.96
0.863	63.042
0.854	56.891
0.829	42.685
0.811	38.932
0.804	37.883
0.855	57.317
0.837	47.304
0.846	51.701
0.864	63.538
0.785	33.334
0.788	34.211
0.827	42.415
0.803	37.579
0.812	39.211
0.847	52.457
0.856	57.96
0.863	63.042
0.854	56.891
0.829	42.685
0.811	38.932
0.804	37.883
0.855	57.317
0.846	51.701
0.864	63.538
0.785	33.334
0.788	34.211
0.827	42.415
0.803	37.579
0.812	39.211
0.847	52.457
0.856	57.96
0.863	63.042
0.854	56.891
0.829	42.685
0.811	38.932
0.804	37.883
0.855	57.317
0.846	51.701
0.864	63.538
0.785	33.334
0.788	34.211
0.827	42.415
0.846	51.701
0.803	37.579
0.812	39.211
0.847	52.457
0.856	57.96
0.863	63.042
0.829	42.685
0.811	38.932
0.804	37.883
0.855	57.317
0.864	63.538
0.788	34.211
0.827	42.415
0.846	51.701
0.803	37.579
