P=? [ F (x=9&y=9&crashed=0) ]	R{"cost"}=? [ C<=100 ]
0.798	28.495
0.954	55.623
0.798	28.495
0.954	55.623
0.951	49.973
0.952	55.043
0.801	30.09
0.829	32.099
0.951	49.973
0.943	45.452
0.858	32.23
0.834	32.107
0.937	44.416
0.926	40.626
0.829	32.099
0.903	39.124
0.918	39.165
0.926	40.626
0.88	37.101
0.801	30.09
0.937	44.416
0.876	35.364
0.872	34.605
0.943	45.452
0.8	29.932
0.885	37.756
0.891	37.814
0.876	35.364
0.834	32.107
0.88	37.101
0.883	37.381
0.864	32.819
0.869	33.909
0.861	32.47
0.952	55.043
0.939	44.464
0.862	32.767
0.883	37.381
0.942	45.024
0.941	44.869
0.86	32.347
0.869	33.909
0.925	40.275
0.924	40.212
0.923	39.871
0.8	29.932
0.868	33.9
0.867	33.571
0.941	44.869
0.874	34.916
0.865	33.138
0.867	33.571
0.866	33.255
0.896	38.426
0.874	34.916
0.894	38.115
0.875	35.063
0.898	38.7
0.897	38.436
0.885	37.756
0.922	39.791
0.921	39.569
0.939	44.464
0.92	39.393
0.919	39.172
0.903	39.124
0.901	39.095
0.9	39.059
0.899	38.875
0.896	38.426
0.894	38.115
0.921	39.569
0.92	39.393
0.893	38.112
0.892	37.937
0.899	38.875
0.898	38.7
0.942	45.024
0.875	35.063
0.858	32.23
0.892	37.937
0.866	33.255
0.865	33.138
0.859	32.253
0.923	39.871
0.922	39.791
0.925	40.275
0.924	40.212
0.891	37.814
0.862	32.767
0.918	39.165
0.9	39.059
0.901	39.095
0.859	32.253
0.897	38.436
0.868	33.9
0.919	39.172
0.893	38.112
0.954	55.623
0.926	40.626
