P=? [ F (x=9&y=9&crashed=0) ]	R{"cost"}=? [ C<=100 ]
0.648	26.811
0.871	58.674
0.871	58.674
0.648	26.811
0.656	27.19
0.753	31.728
0.852	48.409
0.798	36.106
0.862	53.551
0.783	33.182
0.709	31.529
0.868	58.041
0.854	52.72
0.685	30.743
0.685	30.743
0.823	41.801
0.728	31.723
0.821	38.271
0.837	43.822
0.774	32.204
0.84	46.658
0.728	31.723
0.846	47.736
0.694	31.352
0.835	42.445
0.819	37.468
0.808	37.058
0.827	42.407
0.836	43.636
0.774	32.204
0.868	58.041
0.779	32.732
0.693	31.123
0.843	47.021
0.688	31.06
0.801	36.649
0.859	52.977
0.82	38.076
0.78	33.049
0.825	41.9
0.808	37.058
0.779	32.732
0.843	47.021
0.869	58.235
0.855	52.721
0.84	46.658
0.801	36.649
0.819	37.468
0.86	53.163
0.821	38.271
0.869	58.235
0.86	53.163
0.841	46.795
0.826	42.082
0.804	36.944
0.803	36.785
0.687	30.935
0.859	52.977
0.855	52.721
0.823	41.801
0.806	36.981
0.82	38.076
0.687	30.935
0.836	43.636
0.826	42.082
0.806	36.981
0.842	46.844
0.694	31.352
0.854	52.72
0.803	36.785
0.78	33.049
0.693	31.123
0.688	31.06
0.842	46.844
0.835	42.445
0.827	42.407
0.804	36.944
0.871	58.674
0.648	26.811
0.685	30.743
0.728	31.723
0.868	58.041
0.808	37.058
0.779	32.732
0.84	46.658
0.801	36.649
0.819	37.468
0.821	38.271
0.86	53.163
0.859	52.977
0.855	52.721
0.823	41.801
0.78	33.049
0.843	47.021
0.694	31.352
0.854	52.72
0.693	31.123
0.688	31.06
0.842	46.844
0.835	42.445
