P=? [ F (x=9&y=9&crashed=0) ]	R{"cost"}=? [ C<=100 ]
0.844	48.225
0.625	26.207
0.625	26.207
0.844	48.225
0.733	31.593
0.837	47.309
0.834	42.985
0.821	41.499
0.73	28.193
0.82	37.908
0.799	36.051
0.783	33.065
0.722	27.376
0.692	27.164
0.669	27.071
0.652	26.37
0.629	26.285
0.691	27.16
0.753	31.599
0.754	31.745
0.773	31.804
0.783	33.065
0.799	36.051
0.652	26.37
0.665	26.643
0.837	47.309
0.843	48.051
0.826	42.112
0.819	37.698
0.828	42.398
0.826	42.112
0.843	48.051
0.816	37.038
0.809	36.907
0.821	41.499
0.833	42.828
0.828	42.398
0.809	36.907
0.833	42.828
0.666	26.659
0.818	37.295
0.629	26.285
0.724	27.386
0.805	36.894
0.834	42.985
0.722	27.376
0.777	31.958
0.669	27.071
0.665	26.643
0.78	32.61
0.779	32.358
0.775	31.814
0.804	36.837
0.803	36.595
0.782	32.834
0.818	37.295
0.817	37.072
0.666	26.659
0.692	27.164
0.82	37.908
0.733	31.593
0.779	32.358
0.778	32.154
0.778	32.154
0.729	28.02
0.801	36.304
0.8	36.137
0.773	31.804
0.782	32.834
0.781	32.681
0.802	36.457
0.801	36.304
0.729	28.02
0.728	27.871
0.725	27.534
0.777	31.958
0.727	27.753
0.726	27.61
0.803	36.595
0.802	36.457
0.816	37.038
0.728	27.871
0.727	27.753
0.775	31.814
0.691	27.16
0.8	36.137
0.726	27.61
0.725	27.534
0.781	32.681
0.78	32.61
0.754	31.745
0.804	36.837
0.817	37.072
0.805	36.894
0.753	31.599
0.844	48.225
0.625	26.207
0.783	33.065
0.799	36.051
0.652	26.37
