P=? [ F (x=9&y=9&crashed=0) ]	R{"cost"}=? [ C<=100 ]
0.854	48.963
0.609	22.422
0.854	48.963
0.628	26.275
0.72	27.114
0.665	26.907
0.85	47.943
0.838	43.272
0.771	31.612
0.731	28.442
0.822	38.389
0.831	41.597
0.771	31.612
0.731	28.442
0.652	26.373
0.785	36.014
0.783	33.193
0.786	36.265
0.81	36.267
0.628	26.275
0.838	43.272
0.653	26.828
0.822	38.389
0.665	26.907
0.85	47.943
0.831	41.597
0.82	37.76
0.777	31.999
0.82	37.76
0.852	48.422
0.72	27.114
0.837	42.745
0.724	27.386
0.818	37.292
0.778	32.421
0.782	33.101
0.781	32.68
0.726	27.853
0.852	48.422
0.785	36.014
0.73	28.391
0.729	28.069
0.728	27.866
0.815	36.792
0.818	37.292
0.725	27.565
0.836	42.586
0.835	42.308
0.851	48.146
0.724	27.386
0.774	31.961
0.835	42.308
0.834	42.047
0.833	41.867
0.832	41.61
0.813	36.593
0.851	48.146
0.729	28.069
0.783	33.193
0.816	36.992
0.815	36.792
0.813	36.593
0.817	37.104
0.811	36.31
0.812	36.496
0.772	31.795
0.834	42.047
0.833	41.867
0.725	27.565
0.837	42.745
0.836	42.586
0.78	32.588
0.779	32.444
0.817	37.104
0.816	36.992
0.773	31.907
0.772	31.795
0.652	26.373
0.812	36.496
0.781	32.68
0.782	33.101
0.78	32.588
0.653	26.828
0.773	31.907
0.73	28.391
0.811	36.31
0.777	31.999
0.774	31.961
0.779	32.444
0.778	32.421
0.728	27.866
0.832	41.61
0.726	27.853
0.81	36.267
0.786	36.265
0.854	48.963
0.771	31.612
0.731	28.442
0.628	26.275
0.838	43.272
