P=? [ F (x=9&y=9&crashed=0) ]	R{"cost"}=? [ C<=100 ]
0.656	26.665
0.828	42.294
0.828	42.294
0.656	26.665
0.725	27.598
0.666	26.673
0.825	42.134
0.822	38.389
0.753	31.583
0.732	28.561
0.799	36.049
0.784	33.446
0.754	31.728
0.753	31.583
0.774	31.852
0.732	28.561
0.784	33.446
0.666	26.673
0.799	36.049
0.803	36.677
0.814	36.788
0.781	32.804
0.659	26.666
0.818	37.601
0.816	37.118
0.815	37.06
0.802	36.349
0.822	38.389
0.818	37.601
0.777	31.989
0.73	28.296
0.782	33.121
0.774	31.852
0.779	32.455
0.778	32.157
0.78	32.506
0.783	33.159
0.728	28.06
0.802	36.349
0.8	36.066
0.819	37.87
0.73	28.296
0.728	28.06
0.731	28.531
0.825	42.134
0.727	27.864
0.659	26.666
0.727	27.864
0.726	27.678
0.82	38.054
0.819	37.87
0.821	38.205
0.778	32.157
0.821	38.205
0.82	38.054
0.816	37.118
0.826	42.187
0.777	31.989
0.814	36.788
0.803	36.677
0.8	36.066
0.826	42.187
0.726	27.678
0.78	32.506
0.779	32.455
0.783	33.159
0.782	33.121
0.731	28.531
0.656	26.665
0.828	42.294
0.753	31.583
0.732	28.561
0.784	33.446
0.666	26.673
0.799	36.049
0.822	38.389
0.818	37.601
0.802	36.349
0.73	28.296
0.728	28.06
0.825	42.134
0.659	26.666
0.727	27.864
0.819	37.87
0.821	38.205
0.82	38.054
0.777	31.989
0.814	36.788
0.803	36.677
0.8	36.066
0.826	42.187
0.726	27.678
0.78	32.506
0.779	32.455
0.783	33.159
0.782	33.121
0.731	28.531
0.828	42.294
0.753	31.583
0.784	33.446
