P=? [ F (x=9&y=9&crashed=0) ]	R{"cost"}=? [ C<=100 ]
0.616	26.078
0.836	47.32
0.616	26.078
0.836	47.32
0.781	32.791
0.733	31.708
0.834	43.144
0.835	47.292
0.652	26.331
0.655	27.083
0.691	27.16
0.73	28.376
0.819	40.867
0.818	37.538
0.8	36.115
0.693	27.178
0.722	27.363
0.754	31.728
0.825	41.425
0.775	31.945
0.755	31.914
0.8	36.115
0.834	43.144
0.825	41.425
0.81	36.63
0.802	36.371
0.817	36.987
0.778	32.185
0.82	41.077
0.814	36.707
0.818	37.538
0.81	36.63
0.652	26.331
0.729	28.191
0.727	27.756
0.78	32.611
0.73	28.376
0.82	41.077
0.778	32.185
0.729	28.191
0.693	27.178
0.817	36.987
0.78	32.611
0.655	27.083
0.814	36.707
0.802	36.371
0.775	31.945
0.733	31.708
0.819	40.867
0.801	36.301
0.722	27.363
0.691	27.16
0.726	27.754
0.725	27.612
0.724	27.502
0.723	27.376
0.725	27.612
0.724	27.502
0.727	27.756
0.801	36.301
0.755	31.914
0.835	47.292
0.754	31.728
0.723	27.376
0.726	27.754
0.836	47.32
0.616	26.078
0.834	43.144
0.825	41.425
0.818	37.538
0.81	36.63
0.652	26.331
0.73	28.376
0.82	41.077
0.778	32.185
0.729	28.191
0.693	27.178
0.817	36.987
0.78	32.611
0.814	36.707
0.802	36.371
0.775	31.945
0.733	31.708
0.819	40.867
0.722	27.363
0.691	27.16
0.725	27.612
0.724	27.502
0.727	27.756
0.801	36.301
0.755	31.914
0.835	47.292
0.754	31.728
0.723	27.376
0.726	27.754
0.616	26.078
0.836	47.32
0.834	43.144
0.825	41.425
0.818	37.538
