P=? [ F (x=9&y=9&crashed=0) ]	R{"cost"}=? [ C<=100 ]
0.944	51.029
0.765	27.964
0.944	51.029
0.765	27.964
0.805	28.769
0.943	45.442
0.849	30.279
0.934	44.495
0.926	40.82
0.829	29.885
0.892	38.275
0.891	35.662
0.815	29.409
0.862	32.587
0.829	29.885
0.871	33.684
0.805	28.769
0.849	30.279
0.883	33.688
0.862	32.587
0.815	29.409
0.916	38.834
0.926	40.82
0.865	33.111
0.934	44.495
0.89	34.913
0.939	44.5
0.909	38.83
0.925	40.601
0.924	39.848
0.891	35.662
0.865	33.111
0.888	34.499
0.898	38.725
0.942	45.238
0.871	33.684
0.904	38.77
0.894	38.35
0.919	38.948
0.888	34.499
0.884	34.113
0.89	34.913
0.909	38.83
0.905	38.773
0.885	34.125
0.863	32.818
0.94	44.825
0.941	44.914
0.895	38.657
0.863	32.818
0.92	39.222
0.885	34.125
0.923	39.698
0.922	39.433
0.925	40.601
0.943	45.442
0.896	38.711
0.898	38.725
0.924	39.848
0.922	39.433
0.921	39.283
0.923	39.698
0.919	38.948
0.941	44.914
0.94	44.825
0.892	38.275
0.921	39.283
0.92	39.222
0.905	38.773
0.895	38.657
0.904	38.77
0.896	38.711
0.884	34.113
0.939	44.5
0.883	33.688
0.944	51.029
0.765	27.964
0.805	28.769
0.849	30.279
0.862	32.587
0.815	29.409
0.926	40.82
0.934	44.495
0.891	35.662
0.865	33.111
0.888	34.499
0.89	34.913
0.909	38.83
0.863	32.818
0.885	34.125
0.925	40.601
0.943	45.442
0.898	38.725
0.924	39.848
0.923	39.698
0.941	44.914
0.94	44.825
0.892	38.275
0.921	39.283
0.92	39.222
