P=? [ F (x=9&y=9&crashed=0) ]	R{"cost"}=? [ C<=100 ]
0.853	44.22
0.765	27.447
0.853	44.22
0.765	27.447
0.852	43.833
0.845	39.147
0.829	37.26
0.827	33.901
0.768	27.783
0.816	32.392
0.837	37.563
0.801	32.143
0.795	29.97
0.783	28.281
0.8	32.099
0.82	33.028
0.852	43.833
0.845	39.147
0.844	38.766
0.795	29.97
0.791	29.243
0.836	37.281
0.844	38.766
0.791	29.243
0.786	28.733
0.768	27.783
0.8	32.099
0.824	33.576
0.824	33.576
0.817	32.583
0.786	28.733
0.783	28.281
0.784	28.282
0.819	32.722
0.785	28.446
0.816	32.392
0.801	32.143
0.829	37.26
0.827	33.901
0.826	33.894
0.825	33.726
0.785	28.446
0.825	33.726
0.818	32.718
0.836	37.281
0.826	33.894
0.819	32.722
0.818	32.718
0.765	27.447
0.853	44.22
0.845	39.147
0.795	29.97
0.844	38.766
0.791	29.243
0.768	27.783
0.8	32.099
0.824	33.576
0.786	28.733
0.783	28.281
0.816	32.392
0.801	32.143
0.829	37.26
0.827	33.901
0.785	28.446
0.825	33.726
0.836	37.281
0.826	33.894
0.818	32.718
0.853	44.22
0.765	27.447
0.845	39.147
0.795	29.97
0.844	38.766
0.791	29.243
0.8	32.099
0.824	33.576
0.786	28.733
0.783	28.281
0.816	32.392
0.801	32.143
0.829	37.26
0.827	33.901
0.785	28.446
0.818	32.718
0.836	37.281
0.826	33.894
0.765	27.447
0.853	44.22
0.845	39.147
0.795	29.97
0.844	38.766
0.791	29.243
0.8	32.099
0.824	33.576
0.786	28.733
0.783	28.281
0.816	32.392
0.801	32.143
0.829	37.26
0.785	28.446
