P=? [ F (x=9&y=9&crashed=0) ]	R{"cost"}=? [ C<=100 ]
0.908	70.745
0.79	29.982
0.79	29.982
0.908	70.745
0.907	65.649
0.812	32.872
0.89	55.772
0.896	59.782
0.907	65.649
0.898	60.402
0.83	37.561
0.878	49.024
0.87	44.628
0.886	54.208
0.881	50.722
0.856	42.847
0.853	39.518
0.898	60.402
0.812	32.872
0.878	49.024
0.86	44.052
0.868	44.139
0.829	34.928
0.87	44.628
0.845	38.011
0.817	33.817
0.838	37.692
0.837	37.593
0.881	50.722
0.823	33.959
0.886	54.208
0.888	54.653
0.846	38.317
0.814	33.65
0.879	49.422
0.827	34.374
0.856	42.847
0.848	38.638
0.897	59.93
0.853	39.518
0.851	39.134
0.824	34.13
0.816	33.757
0.848	38.638
0.88	49.943
0.858	43.659
0.889	55.261
0.88	49.943
0.889	55.261
0.813	33.147
0.851	39.134
0.828	34.823
0.86	44.052
0.857	43.243
0.857	43.243
0.858	43.659
0.869	44.525
0.845	38.011
0.838	37.692
0.813	33.147
0.827	34.374
0.824	34.13
0.852	39.32
0.852	39.32
0.823	33.959
0.829	34.928
0.828	34.823
0.869	44.525
0.868	44.139
0.837	37.593
0.83	37.561
0.79	29.982
0.908	70.745
0.907	65.649
0.898	60.402
0.812	32.872
0.87	44.628
0.881	50.722
0.886	54.208
0.853	39.518
0.848	38.638
0.889	55.261
0.851	39.134
0.857	43.243
0.845	38.011
0.838	37.692
0.813	33.147
0.827	34.374
0.824	34.13
0.869	44.525
0.837	37.593
0.83	37.561
0.79	29.982
0.908	70.745
0.907	65.649
0.898	60.402
0.812	32.872
0.881	50.722
0.853	39.518
0.889	55.261
