P=? [ F (x=9&y=9&crashed=0) ]	R{"cost"}=? [ C<=100 ]
0.853	40.113
0.751	27.276
0.751	27.276
0.853	40.113
0.843	37.433
0.801	32.069
0.829	35.443
0.794	29.924
0.829	35.443
0.764	27.418
0.846	37.976
0.809	32.352
0.78	28.466
0.812	32.795
0.828	34.451
0.852	39.14
0.818	32.808
0.794	29.924
0.769	27.985
0.772	28.295
0.85	38.803
0.802	32.119
0.784	28.681
0.791	29.756
0.824	33.668
0.784	28.681
0.78	28.466
0.85	38.803
0.826	34.062
0.79	29.369
0.789	28.971
0.81	32.403
0.79	29.369
0.788	28.969
0.822	33.555
0.788	28.969
0.771	28.26
0.767	27.721
0.844	37.678
0.825	33.913
0.802	32.119
0.82	33.192
0.819	32.991
0.827	34.26
0.828	34.451
0.827	34.26
0.852	39.14
0.851	38.953
0.767	27.721
0.821	33.369
0.819	32.991
0.821	33.369
0.765	27.595
0.82	33.192
0.81	32.403
0.845	37.801
0.772	28.295
0.791	29.756
0.771	28.26
0.851	38.953
0.825	33.913
0.764	27.418
0.812	32.795
0.845	37.801
0.844	37.678
0.822	33.555
0.766	27.66
0.765	27.595
0.766	27.66
0.789	28.971
0.751	27.276
0.853	40.113
0.829	35.443
0.794	29.924
0.784	28.681
0.78	28.466
0.85	38.803
0.79	29.369
0.802	32.119
0.827	34.26
0.852	39.14
0.767	27.721
0.819	32.991
0.82	33.192
0.81	32.403
0.791	29.756
0.851	38.953
0.825	33.913
0.812	32.795
0.845	37.801
0.765	27.595
0.751	27.276
0.853	40.113
0.829	35.443
0.794	29.924
0.784	28.681
0.78	28.466
0.85	38.803
0.79	29.369
0.852	39.14
