P=? [ F (x=9&y=9&crashed=0) ]	R{"cost"}=? [ C<=100 ]
0.887	59.694
0.743	27.418
0.887	59.694
0.885	59.367
0.879	50.07
0.835	37.102
0.764	27.61
0.877	49.213
0.869	44.767
0.793	29.637
0.801	32.09
0.855	42.905
0.854	39.472
0.867	43.932
0.856	43.224
0.793	29.637
0.786	28.684
0.829	34.592
0.842	37.346
0.847	38.253
0.869	44.767
0.851	38.629
0.877	49.213
0.771	28.458
0.801	32.09
0.879	50.07
0.778	28.607
0.777	28.582
0.829	34.592
0.786	28.684
0.807	32.159
0.845	37.634
0.885	59.367
0.809	32.331
0.816	32.544
0.844	37.456
0.867	43.932
0.856	43.224
0.813	32.521
0.819	32.852
0.813	32.521
0.853	39.141
0.765	27.899
0.853	39.141
0.868	44.278
0.878	49.582
0.767	27.902
0.816	32.544
0.826	33.939
0.825	33.723
0.809	32.331
0.878	49.582
0.769	28.301
0.868	44.278
0.854	39.472
0.822	33.663
0.821	33.336
0.828	34.27
0.886	59.373
0.855	42.905
0.828	34.27
0.827	33.954
0.819	32.852
0.807	32.159
0.821	33.336
0.82	33.068
0.768	28.162
0.823	33.665
0.82	33.068
0.764	27.61
0.769	28.301
0.768	28.162
0.778	28.607
0.825	33.723
0.823	33.665
0.827	33.954
0.886	59.373
0.767	27.902
0.765	27.899
0.822	33.663
0.887	59.694
0.793	29.637
0.869	44.767
0.877	49.213
0.801	32.09
0.879	50.07
0.829	34.592
0.786	28.684
0.778	28.607
0.885	59.367
0.867	43.932
0.813	32.521
0.816	32.544
0.809	32.331
0.878	49.582
0.854	39.472
0.855	42.905
0.819	32.852
0.807	32.159
0.823	33.665
