P=? [ F (x=9&y=9&crashed=0) ]	R{"cost"}=? [ C<=100 ]
0.865	50.345
0.733	31.317
0.865	50.345
0.733	31.317
0.778	33.862
0.737	31.576
0.779	36.372
0.853	48.619
0.848	45.808
0.809	42.043
0.808	39.323
0.756	31.617
0.764	32.425
0.778	33.862
0.764	32.425
0.83	43.786
0.812	42.399
0.824	43.598
0.818	42.572
0.786	37.121
0.8	37.999
0.848	45.808
0.786	37.121
0.779	36.372
0.76	31.874
0.853	48.619
0.794	37.78
0.854	48.762
0.807	39.08
0.846	45.307
0.82	42.777
0.838	44.117
0.839	44.461
0.787	37.143
0.834	43.946
0.804	38.612
0.803	38.233
0.837	44.036
0.864	50.2
0.863	49.851
0.761	32.222
0.862	49.706
0.842	44.69
0.841	44.498
0.844	44.924
0.791	37.706
0.795	37.959
0.818	42.572
0.757	31.637
0.797	37.983
0.847	45.613
0.758	31.787
0.858	49.249
0.86	49.504
0.811	42.336
0.81	42.052
0.823	43.354
0.806	38.801
0.822	43.075
0.788	37.421
0.86	49.504
0.858	49.249
0.832	43.842
0.856	49.002
0.823	43.354
0.808	39.323
0.856	49.002
0.834	43.946
0.844	44.924
0.842	44.69
0.79	37.668
0.789	37.443
0.802	38.203
0.832	43.842
0.847	45.613
0.845	45.113
0.845	45.113
0.824	43.598
0.802	38.203
0.806	38.801
0.805	38.628
0.822	43.075
0.821	42.911
0.763	32.263
0.797	37.983
0.861	49.649
0.857	49.104
0.863	49.851
0.864	50.2
0.821	42.911
0.857	49.104
0.837	44.036
0.758	31.787
0.791	37.706
0.811	42.336
0.861	49.649
0.756	31.617
0.79	37.668
0.841	44.498
0.839	44.461
