P=? [ F (x=9&y=9&crashed=0) ]	R{"cost"}=? [ C<=100 ]
0.636	23.68
0.857	50.343
0.636	23.68
0.857	50.343
0.638	23.71
0.848	49.968
0.68	26.847
0.841	45.669
0.836	44.025
0.824	40.559
0.68	26.847
0.73	31.058
0.755	31.067
0.792	37.487
0.79	34.6
0.682	27.112
0.697	27.155
0.824	40.559
0.793	37.942
0.816	38.747
0.727	30.96
0.836	44.025
0.717	29.588
0.805	38.595
0.717	29.588
0.856	50.194
0.727	30.96
0.802	38.147
0.705	27.627
0.76	31.72
0.848	49.968
0.841	45.669
0.7	27.595
0.768	31.937
0.708	28.259
0.783	33.342
0.777	33.195
0.713	28.958
0.792	37.487
0.84	45.48
0.839	44.98
0.775	33.018
0.774	32.522
0.82	39.427
0.712	28.625
0.708	28.259
0.818	39.228
0.839	44.98
0.838	44.531
0.823	40.111
0.772	32.464
0.786	33.797
0.681	26.856
0.804	38.37
0.759	31.496
0.77	31.941
0.699	27.363
0.803	38.339
0.786	33.797
0.784	33.458
0.768	31.937
0.821	39.762
0.715	29.257
0.71	28.468
0.817	38.899
0.787	34.107
0.776	33.146
0.771	32.174
0.71	28.468
0.715	29.257
0.705	27.627
0.789	34.533
0.788	34.264
0.838	44.531
0.837	44.273
0.73	31.058
0.837	44.273
0.784	33.458
0.771	32.174
0.757	31.296
0.756	31.073
0.76	31.72
0.699	27.363
0.802	38.147
0.823	40.111
0.822	39.908
0.82	39.427
0.818	39.228
0.758	31.487
0.757	31.296
0.84	45.48
0.79	34.6
0.697	27.155
0.788	34.264
0.787	34.107
0.712	28.625
0.714	29.102
0.817	38.899
0.805	38.595
0.783	33.342
