P=? [ F (x=9&y=9&crashed=0) ]	R{"cost"}=? [ C<=100 ]
0.681	26.856
0.881	55.355
0.681	26.856
0.881	55.355
0.733	30.975
0.717	27.445
0.684	27.173
0.878	54.877
0.864	50.278
0.86	49.547
0.847	45.596
0.827	44.121
0.823	40.406
0.756	31.072
0.795	37.692
0.792	35.208
0.728	28.731
0.864	50.278
0.878	54.877
0.847	45.596
0.86	49.547
0.789	34.585
0.835	44.252
0.816	39.239
0.769	32.349
0.761	31.968
0.828	44.205
0.808	38.912
0.836	44.427
0.8	37.788
0.841	44.468
0.728	28.731
0.823	40.406
0.717	27.445
0.727	28.576
0.725	27.927
0.785	34.205
0.721	27.785
0.777	33.518
0.82	39.781
0.757	31.331
0.721	27.785
0.806	38.81
0.769	32.349
0.785	34.205
0.827	44.121
0.783	33.999
0.782	33.642
0.805	38.636
0.821	39.926
0.792	35.208
0.808	38.912
0.759	31.501
0.791	35.02
0.683	26.883
0.88	55.065
0.771	32.513
0.761	31.968
0.795	37.692
0.774	33.001
0.801	38.002
0.773	32.967
0.78	33.576
0.775	33.195
0.791	35.02
0.816	39.239
0.862	49.905
0.775	33.195
0.76	31.809
0.727	28.576
0.822	40.114
0.819	39.49
0.863	49.988
0.846	45.307
0.724	27.923
0.684	27.173
0.772	32.785
0.861	49.805
0.803	38.256
0.802	38.012
0.843	44.905
0.842	44.681
0.842	44.681
0.818	39.466
0.804	38.462
0.803	38.256
0.783	33.999
0.78	33.576
0.777	33.518
0.844	45.094
0.846	45.307
0.845	45.118
0.843	44.905
0.88	55.065
0.822	40.114
0.817	39.425
0.772	32.785
0.804	38.462
0.758	31.497
0.771	32.513
