P=? [ F (x=9&y=9&crashed=0) ]	R{"cost"}=? [ C<=100 ]
0.845	44.222
0.674	26.891
0.845	44.222
0.674	26.891
0.823	39.929
0.714	27.2
0.756	31.888
0.832	42.764
0.693	27.005
0.828	41.854
0.755	29.978
0.8	36.695
0.732	28.223
0.693	27.005
0.678	26.972
0.799	35.212
0.843	43.612
0.821	39.513
0.744	28.356
0.808	37.969
0.843	43.612
0.793	34.017
0.816	38.248
0.831	42.629
0.791	33.9
0.797	34.647
0.719	27.348
0.783	33.485
0.82	38.911
0.796	34.299
0.818	38.66
0.719	27.348
0.725	27.481
0.789	33.516
0.764	32.228
0.817	38.317
0.807	37.606
0.828	41.854
0.79	33.536
0.83	42.151
0.748	28.875
0.844	44.077
0.773	32.812
0.778	33.388
0.73	27.989
0.783	33.485
0.769	32.351
0.829	41.939
0.751	29.148
0.771	32.608
0.806	37.579
0.777	33.335
0.727	27.738
0.802	36.699
0.754	29.757
0.819	38.765
0.799	35.212
0.798	34.865
0.728	27.773
0.746	28.612
0.805	37.332
0.804	37.005
0.763	32.107
0.729	27.979
0.761	32.106
0.758	31.897
0.752	29.432
0.796	34.299
0.753	29.712
0.752	29.432
0.816	38.248
0.808	37.969
0.746	28.612
0.751	29.148
0.749	28.887
0.677	26.942
0.77	32.36
0.805	37.332
0.726	27.502
0.745	28.383
0.755	29.978
0.776	33.115
0.798	34.865
0.83	42.151
0.758	31.897
0.761	32.106
0.774	33.003
0.772	32.642
0.803	36.861
0.82	38.911
0.844	44.077
0.804	37.005
0.803	36.861
0.744	28.356
0.725	27.481
0.675	26.922
0.769	32.351
0.764	32.228
0.749	28.887
0.775	33.114
