P=? [ F (x=9&y=9&crashed=0) ]	R{"cost"}=? [ C<=100 ]
0.73	28.526
0.864	50.234
0.73	28.526
0.864	50.234
0.763	32.31
0.754	29.809
0.848	47.626
0.847	45.029
0.79	33.617
0.843	43.618
0.778	33.483
0.735	28.875
0.748	29.199
0.849	48.073
0.8	35.366
0.825	41.824
0.824	40.179
0.859	48.761
0.801	36.97
0.809	38.103
0.834	43.237
0.816	38.452
0.846	44.696
0.862	49.56
0.824	40.179
0.822	39.409
0.771	32.666
0.859	48.761
0.849	48.073
0.766	32.561
0.862	49.56
0.808	37.686
0.798	34.915
0.83	42.096
0.816	38.452
0.753	29.761
0.748	29.199
0.794	34.139
0.86	49.075
0.86	49.075
0.798	34.915
0.796	34.446
0.795	34.403
0.845	44.236
0.822	39.409
0.752	29.473
0.848	47.626
0.734	28.834
0.818	38.458
0.733	28.606
0.792	33.877
0.829	42.068
0.833	43.172
0.832	42.766
0.732	28.572
0.75	29.237
0.834	43.237
0.804	37.141
0.799	35.292
0.827	41.833
0.809	38.103
0.773	32.906
0.832	42.766
0.831	42.425
0.847	45.029
0.808	37.686
0.806	37.353
0.831	42.425
0.735	28.875
0.845	44.236
0.844	43.924
0.844	43.924
0.778	33.483
0.82	38.846
0.819	38.552
0.821	39.118
0.776	33.21
0.821	39.118
0.82	38.846
0.775	33.165
0.773	32.906
0.806	37.353
0.752	29.473
0.802	36.976
0.765	32.541
0.828	41.851
0.776	33.21
0.775	33.165
0.791	33.822
0.796	34.446
0.793	34.079
0.75	29.237
0.765	32.541
0.772	32.727
0.805	37.259
0.771	32.666
0.766	32.561
0.803	37.041
0.819	38.552
0.805	37.259
