P=? [ F (x=9&y=9&crashed=0) ]	R{"cost"}=? [ C<=100 ]
0.678	26.974
0.88	55.198
0.678	26.974
0.86	48.934
0.871	54.9
0.863	50.27
0.847	44.868
0.726	27.583
0.687	27.393
0.796	34.522
0.706	27.41
0.706	27.41
0.756	31.867
0.798	36.725
0.829	42.017
0.823	39.556
0.752	29.418
0.731	28.41
0.847	44.868
0.745	28.453
0.863	50.27
0.833	43.313
0.872	55.181
0.831	42.68
0.871	54.9
0.687	27.393
0.808	38.039
0.841	43.692
0.862	49.401
0.829	42.017
0.769	32.326
0.782	33.466
0.788	33.511
0.823	39.556
0.764	32.252
0.843	43.797
0.807	37.792
0.748	29.12
0.758	31.889
0.813	38.209
0.777	33.454
0.804	37.109
0.759	32.17
0.793	34.204
0.841	43.692
0.833	43.313
0.846	44.496
0.862	49.401
0.846	44.496
0.844	44.031
0.752	29.418
0.791	33.625
0.784	33.501
0.774	32.946
0.756	31.867
0.822	39.542
0.817	38.308
0.803	36.833
0.747	28.709
0.79	33.55
0.83	42.288
0.727	27.613
0.844	44.031
0.801	36.751
0.771	32.481
0.762	32.188
0.776	33.437
0.792	33.865
0.772	32.676
0.73	28.088
0.813	38.209
0.775	33.253
0.806	37.568
0.805	37.261
0.77	32.458
0.818	38.6
0.821	39.26
0.83	42.288
0.774	32.946
0.772	32.676
0.729	28.084
0.728	27.819
0.794	34.26
0.82	39.017
0.819	38.757
0.747	28.709
0.746	28.466
0.821	39.26
0.82	39.017
0.792	33.865
0.806	37.568
0.751	29.38
0.749	29.157
0.815	38.231
0.764	32.252
0.728	27.819
0.794	34.26
0.775	33.253
0.751	29.38
0.749	29.157
