P=? [ F (x=9&y=9&crashed=0) ]	R{"cost"}=? [ C<=100 ]
0.689	26.967
0.846	44.514
0.689	26.967
0.846	44.514
0.694	27.489
0.753	29.945
0.726	27.552
0.829	42.006
0.822	39.471
0.761	32.077
0.745	28.409
0.732	28.289
0.8	36.651
0.798	35.266
0.834	43.24
0.829	42.006
0.843	43.767
0.822	39.471
0.761	32.077
0.809	38.08
0.728	28.045
0.778	33.448
0.821	39.133
0.764	32.257
0.798	35.266
0.814	38.088
0.727	27.588
0.784	33.52
0.797	34.708
0.79	33.564
0.843	43.767
0.834	43.24
0.771	32.758
0.83	42.397
0.807	37.515
0.77	32.387
0.752	29.467
0.833	42.774
0.792	33.874
0.795	34.404
0.818	38.355
0.773	32.956
0.791	33.844
0.845	44.097
0.776	33.282
0.784	33.52
0.763	32.118
0.751	29.198
0.775	32.997
0.806	37.477
0.75	29.178
0.788	33.533
0.768	32.357
0.749	28.936
0.805	37.244
0.804	36.897
0.808	37.86
0.691	26.977
0.794	34.236
0.793	34.192
0.772	32.786
0.746	28.695
0.819	38.639
0.816	38.16
0.752	29.467
0.802	36.723
0.82	38.892
0.819	38.639
0.832	42.638
0.832	42.638
0.82	38.892
0.83	42.397
0.805	37.244
0.749	28.936
0.808	37.86
0.747	28.716
0.768	32.357
0.693	27.289
0.692	27.084
0.693	27.289
0.845	44.097
0.844	43.911
0.801	36.708
0.73	28.073
0.796	34.58
0.8	36.651
0.731	28.138
0.817	38.309
0.777	33.302
0.844	43.911
0.833	42.774
0.803	36.859
0.747	28.716
0.797	34.708
0.796	34.58
0.788	33.533
0.732	28.289
0.692	27.084
0.778	33.448
0.731	28.138
