P=? [ F (x=9&y=9&crashed=0) ]	R{"cost"}=? [ C<=100 ]
0.854	49.636
0.677	26.924
0.854	49.636
0.677	26.924
0.852	49.217
0.846	44.358
0.714	27.234
0.693	27.054
0.833	42.889
0.8	35.41
0.731	28.122
0.803	36.845
0.745	28.409
0.828	41.982
0.823	40.074
0.758	31.911
0.755	30.025
0.691	27.001
0.715	27.46
0.726	27.535
0.842	43.627
0.823	40.074
0.818	38.554
0.776	33.271
0.759	32.137
0.811	38.54
0.784	33.526
0.77	32.405
0.842	43.627
0.747	28.713
0.79	33.57
0.846	44.358
0.809	38.169
0.785	33.561
0.822	39.417
0.794	34.232
0.844	44.016
0.83	42.257
0.75	29.211
0.805	37.382
0.819	38.701
0.798	35.038
0.765	32.289
0.764	32.253
0.853	49.363
0.752	29.53
0.828	41.982
0.793	34.074
0.799	35.06
0.758	31.911
0.845	44.292
0.806	37.492
0.749	29.164
0.752	29.53
0.729	28.063
0.792	33.84
0.746	28.683
0.773	32.855
0.774	32.952
0.754	29.94
0.728	27.784
0.829	41.99
0.831	42.502
0.831	42.502
0.795	34.601
0.804	37.028
0.755	30.025
0.81	38.503
0.693	27.054
0.82	38.999
0.796	34.766
0.745	28.409
0.796	34.766
0.784	33.526
0.776	33.271
0.822	39.417
0.821	39.167
0.728	27.784
0.843	43.772
0.808	37.937
0.808	37.937
0.807	37.711
0.807	37.711
0.754	29.94
0.691	27.001
0.772	32.654
0.771	32.449
0.726	27.535
0.772	32.654
0.791	33.768
0.73	28.101
0.775	33.137
0.804	37.028
0.714	27.234
0.749	29.164
0.821	39.167
0.82	38.999
0.795	34.601
0.843	43.772
0.775	33.137
