P=? [ F (x=9&y=9&crashed=0) ]	R{"cost"}=? [ C<=100 ]
0.668	28.539
0.82	50.576
0.668	28.539
0.82	50.576
0.816	49.72
0.705	29.226
0.672	28.595
0.804	45.19
0.709	30.021
0.784	42.874
0.783	38.968
0.767	37.596
0.716	32.854
0.76	34.895
0.755	33.906
0.741	33.728
0.804	45.19
0.727	33.64
0.739	33.661
0.776	37.664
0.785	43.304
0.672	28.595
0.76	34.895
0.792	43.603
0.716	32.854
0.767	37.596
0.705	29.226
0.756	34.456
0.708	29.921
0.72	32.94
0.798	44.512
0.721	33.16
0.759	34.702
0.784	42.874
0.708	29.921
0.803	44.849
0.783	38.968
0.782	38.632
0.741	33.728
0.802	44.68
0.819	50.266
0.724	33.317
0.792	43.603
0.785	43.304
0.78	38.456
0.779	38.164
0.794	43.988
0.793	43.711
0.8	44.635
0.759	34.702
0.756	34.456
0.818	50.097
0.817	49.899
0.797	44.348
0.796	44.157
0.777	37.855
0.726	33.527
0.725	33.337
0.8	44.635
0.817	49.899
0.755	33.906
0.803	44.849
0.819	50.266
0.818	50.097
0.739	33.661
0.796	44.157
0.795	43.992
0.797	44.348
0.779	38.164
0.778	38.001
0.781	38.618
0.78	38.456
0.724	33.317
0.721	33.16
0.778	38.001
0.777	37.855
0.726	33.527
0.793	43.711
0.72	32.94
0.776	37.664
0.802	44.68
0.727	33.64
0.725	33.337
0.782	38.632
0.781	38.618
0.795	43.992
0.794	43.988
0.82	50.576
0.668	28.539
0.804	45.19
0.708	29.921
0.716	32.854
0.672	28.595
0.76	34.895
0.767	37.596
0.705	29.226
0.784	42.874
0.783	38.968
0.741	33.728
0.785	43.304
