P=? [ F (x=9&y=9&crashed=0) ]	R{"cost"}=? [ C<=100 ]
0.852	48.712
0.657	27.456
0.852	48.712
0.726	30.968
0.658	27.499
0.85	48.327
0.806	38.865
0.846	44.503
0.658	27.499
0.769	35.524
0.816	41.476
0.782	37.193
0.761	33.855
0.823	42.475
0.839	43.333
0.798	37.616
0.75	32.846
0.761	33.855
0.738	32.558
0.816	41.476
0.757	33.378
0.839	43.333
0.823	42.475
0.732	31.588
0.804	38.361
0.774	36.093
0.777	36.402
0.84	43.482
0.734	32.154
0.751	32.927
0.822	42.232
0.756	33.343
0.846	44.503
0.798	37.616
0.756	33.343
0.751	32.927
0.802	38.117
0.732	31.588
0.737	32.55
0.735	32.179
0.805	38.724
0.781	37.157
0.78	36.794
0.819	41.903
0.772	35.676
0.8	37.971
0.844	44.144
0.843	43.806
0.75	32.846
0.738	32.558
0.773	35.81
0.729	31.312
0.728	31.249
0.729	31.312
0.779	36.657
0.818	41.655
0.821	42.095
0.779	36.657
0.776	36.275
0.799	37.736
0.842	43.694
0.803	38.143
0.845	44.359
0.844	44.144
0.842	43.694
0.821	42.095
0.819	41.903
0.776	36.275
0.728	31.249
0.772	35.676
0.8	37.971
0.845	44.359
0.805	38.724
0.818	41.655
0.817	41.516
0.78	36.794
0.735	32.179
0.734	32.154
0.773	35.81
0.799	37.736
0.737	32.55
0.843	43.806
0.817	41.516
0.781	37.157
0.803	38.143
0.852	48.712
0.658	27.499
0.816	41.476
0.839	43.333
0.823	42.475
0.846	44.503
0.798	37.616
0.756	33.343
0.751	32.927
0.732	31.588
0.75	32.846
0.738	32.558
0.729	31.312
0.779	36.657
0.844	44.144
