P=? [ F (x=9&y=9&crashed=0) ]	R{"cost"}=? [ C<=100 ]
0.846	44.647
0.652	26.55
0.846	44.647
0.652	26.55
0.705	26.88
0.653	26.575
0.725	30.903
0.716	27.932
0.84	43.483
0.829	40.412
0.796	37.169
0.784	35.247
0.807	38.932
0.823	38.968
0.829	40.412
0.784	35.247
0.796	37.169
0.76	33.425
0.737	31.632
0.774	33.67
0.75	31.672
0.711	27.319
0.84	43.483
0.757	33.112
0.756	32.174
0.825	39.264
0.801	37.428
0.705	26.88
0.729	31.477
0.736	31.505
0.805	38.821
0.803	38.181
0.713	27.905
0.711	27.319
0.844	44.154
0.827	39.616
0.781	34.619
0.803	38.181
0.845	44.593
0.842	43.921
0.802	37.835
0.828	40.009
0.727	31.305
0.828	40.009
0.755	32.085
0.751	31.692
0.776	33.959
0.755	32.085
0.781	34.619
0.783	34.975
0.783	34.975
0.827	39.616
0.802	37.835
0.778	34.293
0.776	33.959
0.841	43.591
0.653	26.575
0.751	31.692
0.824	38.973
0.775	33.673
0.779	34.344
0.801	37.428
0.759	33.378
0.758	33.126
0.774	33.67
0.76	33.425
0.844	44.154
0.842	43.921
0.728	31.315
0.779	34.344
0.778	34.293
0.714	27.925
0.713	27.905
0.805	38.821
0.841	43.591
0.727	31.305
0.806	38.836
0.756	32.174
0.845	44.593
0.759	33.378
0.75	31.672
0.737	31.632
0.823	38.968
0.807	38.932
0.736	31.505
0.729	31.477
0.806	38.836
0.758	33.126
0.757	33.112
0.728	31.315
0.714	27.925
0.824	38.973
0.775	33.673
0.846	44.647
0.652	26.55
0.829	40.412
0.784	35.247
0.796	37.169
0.84	43.483
0.705	26.88
