P=? [ F (x=9&y=9&crashed=0) ]	R{"cost"}=? [ C<=100 ]
0.891	49.334
0.67	27.111
0.891	49.334
0.67	27.111
0.794	28.261
0.72	28.185
0.883	44.07
0.887	48.519
0.796	32.211
0.87	42.93
0.867	40.619
0.679	27.585
0.701	27.604
0.844	37.63
0.843	35.747
0.866	40.2
0.878	43.175
0.871	43.164
0.865	39.43
0.817	32.969
0.81	32.857
0.859	38.496
0.883	44.07
0.712	28.167
0.887	48.519
0.83	34.083
0.849	38.133
0.867	40.619
0.719	28.169
0.863	39.02
0.84	34.793
0.809	32.846
0.805	32.721
0.804	32.505
0.881	43.656
0.879	43.588
0.675	27.446
0.853	38.378
0.848	38.041
0.888	48.901
0.89	48.952
0.829	33.747
0.87	42.93
0.86	38.709
0.863	39.02
0.865	39.43
0.841	35.187
0.84	34.793
0.837	34.41
0.674	27.236
0.82	33.196
0.837	34.41
0.835	34.133
0.704	27.605
0.707	27.925
0.679	27.585
0.86	38.709
0.845	37.742
0.819	33.154
0.818	33.004
0.842	35.472
0.841	35.187
0.843	35.747
0.842	35.472
0.673	27.165
0.822	33.558
0.852	38.372
0.711	28.166
0.708	27.942
0.833	34.113
0.706	27.704
0.701	27.604
0.708	27.942
0.821	33.408
0.826	33.664
0.823	33.564
0.852	38.372
0.846	37.836
0.711	28.166
0.705	27.65
0.802	32.407
0.846	37.836
0.8	32.321
0.798	32.232
0.802	32.407
0.8	32.321
0.794	28.261
0.881	43.656
0.821	33.408
0.836	34.26
0.675	27.446
0.833	34.113
0.836	34.26
0.805	32.721
0.798	32.232
0.796	32.211
0.859	38.496
0.853	38.378
0.844	37.63
0.827	33.672
