P=? [ F (x=9&y=9&crashed=0) ]	R{"cost"}=? [ C<=100 ]
0.714	27.726
0.901	54.933
0.714	27.726
0.901	54.933
0.764	28.263
0.868	40.581
0.895	54.026
0.892	49.354
0.886	48.368
0.885	44.741
0.878	43.337
0.816	32.545
0.809	30.176
0.775	28.349
0.79	28.405
0.845	37.717
0.843	35.749
0.795	28.741
0.878	43.337
0.808	29.815
0.809	30.176
0.775	28.349
0.767	28.306
0.803	29.015
0.825	32.913
0.897	54.215
0.816	32.545
0.819	32.667
0.764	28.263
0.854	38.593
0.859	38.657
0.892	49.354
0.867	39.948
0.847	38.08
0.827	33.116
0.793	28.443
0.89	48.736
0.9	54.509
0.841	35.127
0.838	34.563
0.888	48.697
0.841	35.127
0.805	29.273
0.836	34.288
0.805	29.273
0.83	33.56
0.851	38.276
0.843	35.749
0.833	33.993
0.827	33.116
0.895	54.026
0.887	48.475
0.83	33.56
0.833	33.993
0.884	44.499
0.883	44.07
0.817	32.563
0.804	29.041
0.825	32.913
0.819	32.667
0.862	39.114
0.861	38.869
0.864	39.323
0.853	38.349
0.891	48.986
0.831	33.781
0.842	35.387
0.79	28.405
0.851	38.276
0.881	43.627
0.879	43.527
0.767	28.306
0.838	34.563
0.845	37.717
0.867	39.948
0.866	39.635
0.836	34.288
0.899	54.502
0.803	29.015
0.842	35.387
0.883	44.07
0.891	48.986
0.882	43.82
0.865	39.568
0.885	44.741
0.884	44.499
0.837	34.524
0.861	38.869
0.831	33.781
0.859	38.657
0.864	39.323
0.862	39.114
0.847	38.08
0.882	43.82
0.793	28.443
0.846	37.897
0.846	37.897
0.899	54.502
0.886	48.368
0.881	43.627
