P=? [ F (x=9&y=9&crashed=0) ]	R{"cost"}=? [ C<=100 ]
0.928	58.101
0.78	26.564
0.928	58.101
0.78	26.564
0.92	53.587
0.927	57.99
0.835	31.334
0.869	40.481
0.843	34.684
0.787	29.579
0.818	30.112
0.803	29.882
0.868	37.541
0.887	45.654
0.885	43.063
0.907	51.444
0.903	48.997
0.801	29.807
0.903	48.997
0.79	29.718
0.911	52.585
0.878	40.741
0.918	52.765
0.898	46.248
0.843	34.684
0.853	35.76
0.891	46.223
0.902	47.457
0.818	30.112
0.885	43.063
0.825	30.251
0.787	29.579
0.884	41.841
0.91	51.99
0.847	35.37
0.858	36.127
0.846	34.922
0.851	35.529
0.907	51.444
0.832	31.046
0.861	36.221
0.827	30.384
0.832	31.046
0.878	40.741
0.919	53.223
0.901	47.208
0.9	46.759
0.803	29.882
0.883	41.743
0.882	41.317
0.828	30.502
0.888	45.753
0.83	30.757
0.882	41.317
0.881	40.941
0.858	36.127
0.863	36.486
0.919	53.223
0.845	34.773
0.866	37.089
0.865	36.73
0.909	51.632
0.825	30.251
0.9	46.759
0.899	46.419
0.887	45.654
0.88	40.847
0.801	29.807
0.83	30.757
0.89	45.944
0.867	37.366
0.866	37.089
0.789	29.677
0.902	47.457
0.901	47.208
0.859	36.137
0.862	36.401
0.918	52.765
0.911	52.585
0.865	36.73
0.864	36.553
0.868	37.541
0.867	37.366
0.829	30.586
0.899	46.419
0.851	35.529
0.847	35.37
0.852	35.624
0.88	40.847
0.884	41.841
0.789	29.677
0.883	41.743
0.909	51.632
0.908	51.535
0.889	45.849
0.89	45.944
0.889	45.849
0.852	35.624
0.881	40.941
0.908	51.535
