P=? [ F (x=9&y=9&crashed=0) ]	R{"cost"}=? [ C<=100 ]
0.692	23.796
0.901	54.824
0.692	23.796
0.901	54.824
0.716	27.689
0.898	49.127
0.763	27.711
0.899	54.559
0.882	44.53
0.713	27.568
0.888	48.195
0.868	42.464
0.713	27.568
0.782	27.938
0.866	39.746
0.763	27.711
0.813	32.199
0.845	37.714
0.843	35.75
0.809	30.184
0.891	48.496
0.793	29.01
0.803	29.027
0.808	29.651
0.881	43.938
0.79	28.225
0.782	27.938
0.862	39.094
0.875	43.804
0.827	33.118
0.809	30.184
0.856	38.732
0.841	35.191
0.821	32.804
0.888	48.195
0.817	32.328
0.843	35.75
0.865	39.346
0.862	39.094
0.831	33.755
0.838	34.808
0.805	29.286
0.866	39.746
0.841	35.191
0.805	29.286
0.856	38.732
0.829	33.356
0.827	33.118
0.85	37.972
0.837	34.532
0.851	38.203
0.715	27.582
0.889	48.242
0.9	54.569
0.815	32.259
0.792	28.877
0.791	28.481
0.838	34.808
0.83	33.699
0.819	32.536
0.821	32.804
0.79	28.225
0.837	34.532
0.835	34.249
0.874	43.558
0.873	43.276
0.833	34.021
0.833	34.021
0.791	28.481
0.865	39.346
0.854	38.507
0.874	43.558
0.835	34.249
0.829	33.356
0.854	38.507
0.873	43.276
0.872	43.054
0.89	48.463
0.819	32.536
0.82	32.73
0.845	37.714
0.869	42.632
0.847	37.747
0.803	29.027
0.853	38.407
0.852	38.242
0.87	42.791
0.869	42.632
0.872	43.054
0.871	42.905
0.849	37.91
0.848	37.764
0.881	43.938
0.875	43.804
0.834	34.154
0.792	28.877
0.871	42.905
0.87	42.791
0.853	38.407
0.834	34.154
