P=? [ F (x=9&y=9&crashed=0) ]	R{"cost"}=? [ C<=100 ]
0.764	30.246
0.946	70.219
0.946	70.219
0.774	32.943
0.945	70.197
0.937	65.014
0.892	48.427
0.936	64.837
0.928	60.03
0.926	59.547
0.919	54.917
0.813	33.79
0.908	54.205
0.902	50.118
0.794	33.363
0.787	33.212
0.833	35.818
0.77	30.748
0.885	45.318
0.834	38.026
0.861	43.273
0.86	40.724
0.872	43.308
0.827	34.761
0.91	54.71
0.928	60.03
0.862	43.29
0.885	45.318
0.813	33.79
0.918	54.722
0.936	64.837
0.937	65.014
0.902	50.118
0.893	48.892
0.945	70.197
0.919	54.917
0.852	39.416
0.926	59.547
0.82	34.21
0.908	54.205
0.881	44.299
0.77	30.748
0.899	49.389
0.876	43.994
0.833	35.818
0.845	38.907
0.792	33.253
0.873	43.509
0.826	34.736
0.821	34.212
0.847	39.068
0.842	38.689
0.794	33.363
0.835	38.195
0.901	49.511
0.842	38.689
0.839	38.534
0.838	38.429
0.884	44.774
0.881	44.299
0.826	34.736
0.821	34.212
0.899	49.389
0.893	48.892
0.927	59.562
0.855	39.701
0.875	43.786
0.82	34.21
0.883	44.583
0.909	54.314
0.857	40.312
0.856	39.939
0.847	39.068
0.876	43.994
0.855	39.701
0.883	44.583
0.853	39.417
0.875	43.786
0.792	33.253
0.856	39.939
0.86	40.724
0.859	40.488
0.838	38.429
0.835	38.195
0.853	39.417
0.884	44.774
0.846	39.067
0.839	38.534
0.858	40.458
0.857	40.312
0.909	54.314
0.901	49.511
0.9	49.403
0.859	40.488
0.858	40.458
0.862	43.29
0.861	43.273
0.927	59.562
0.9	49.403
0.918	54.722
