P=? [ F (x=9&y=9&crashed=0) ]	R{"cost"}=? [ C<=100 ]
0.881	55.622
0.63	26.895
0.881	55.622
0.63	26.895
0.864	54.164
0.854	50.131
0.848	45.768
0.794	35.419
0.827	43.928
0.856	50.599
0.736	31.266
0.824	40.679
0.654	27.098
0.796	38.087
0.681	27.136
0.654	27.098
0.878	55.02
0.721	29.911
0.755	31.362
0.685	27.477
0.7	27.646
0.804	38.555
0.784	33.673
0.736	31.266
0.864	54.164
0.816	38.826
0.777	33.621
0.721	29.911
0.842	44.68
0.832	44.661
0.789	34.197
0.854	50.131
0.792	34.822
0.706	28.428
0.716	28.793
0.704	27.912
0.79	34.774
0.856	50.599
0.72	29.303
0.711	28.477
0.848	45.768
0.824	40.679
0.822	40.081
0.829	44.459
0.773	33.02
0.776	33.115
0.718	29.294
0.879	55.216
0.772	32.53
0.855	50.551
0.847	45.582
0.821	39.641
0.762	32.137
0.789	34.197
0.88	55.518
0.828	43.942
0.801	38.287
0.7	27.646
0.711	28.477
0.823	40.173
0.757	31.366
0.758	31.588
0.831	44.524
0.716	28.793
0.761	31.946
0.766	32.229
0.704	27.912
0.761	31.946
0.758	31.588
0.77	32.519
0.768	32.297
0.819	39.453
0.684	27.151
0.803	38.345
0.774	33.046
0.843	45.0
0.801	38.287
0.796	38.087
0.846	45.301
0.816	38.826
0.683	27.142
0.818	39.241
0.817	39.017
0.818	39.241
0.755	31.362
0.766	32.229
0.817	39.017
0.821	39.641
0.819	39.453
0.768	32.297
0.685	27.477
0.706	28.428
0.681	27.136
0.846	45.301
0.845	45.155
0.77	32.519
0.718	29.294
0.844	45.11
0.843	45.0
0.823	40.173
