P=? [ F (x=9&y=9&crashed=0) ]	R{"cost"}=? [ C<=100 ]
0.859	49.873
0.612	22.364
0.859	49.873
0.662	27.453
0.722	27.67
0.845	45.21
0.65	26.625
0.65	26.625
0.858	49.731
0.838	43.944
0.827	39.52
0.763	32.36
0.795	37.466
0.79	34.6
0.753	29.714
0.858	49.731
0.737	27.82
0.803	37.86
0.66	27.073
0.827	39.52
0.81	38.527
0.838	43.944
0.753	29.714
0.763	32.36
0.82	38.628
0.727	27.687
0.786	33.983
0.741	28.259
0.776	32.484
0.844	45.202
0.809	38.382
0.843	44.536
0.722	27.67
0.842	44.383
0.75	29.645
0.79	34.6
0.795	37.466
0.77	32.422
0.727	27.687
0.66	27.073
0.809	38.382
0.749	29.138
0.796	37.605
0.737	27.82
0.783	33.521
0.8	37.643
0.801	37.76
0.825	39.168
0.743	28.524
0.822	38.651
0.77	32.422
0.766	32.4
0.783	33.521
0.777	32.719
0.78	33.198
0.779	32.973
0.662	27.453
0.787	34.183
0.823	38.952
0.789	34.456
0.787	34.183
0.84	44.12
0.84	44.12
0.782	33.375
0.789	34.456
0.779	32.973
0.777	32.719
0.766	32.4
0.747	29.038
0.746	28.794
0.742	28.307
0.82	38.628
0.826	39.341
0.782	33.375
0.78	33.198
0.826	39.341
0.839	43.961
0.752	29.668
0.843	44.536
0.824	39.022
0.746	28.794
0.745	28.69
0.81	38.527
0.749	29.138
0.748	29.043
0.744	28.615
0.745	28.69
0.744	28.615
0.824	39.022
0.823	38.952
0.776	32.484
0.742	28.307
0.8	37.643
0.796	37.605
0.822	38.651
0.752	29.668
0.75	29.645
0.839	43.961
0.748	29.043
0.747	29.038
