P=? [ F (x=9&y=9&crashed=0) ]	R{"cost"}=? [ C<=100 ]
0.641	23.196
0.897	59.945
0.897	59.945
0.641	23.196
0.74	28.013
0.685	28.006
0.753	29.68
0.88	54.745
0.877	54.211
0.863	49.789
0.86	48.625
0.846	44.893
0.839	43.399
0.828	39.782
0.776	32.534
0.793	37.326
0.789	34.21
0.776	32.534
0.66	26.871
0.655	24.173
0.88	54.745
0.672	27.899
0.846	44.893
0.863	49.789
0.86	48.625
0.652	23.256
0.877	54.211
0.822	38.57
0.839	43.399
0.685	28.006
0.828	39.782
0.81	38.425
0.799	38.21
0.807	38.227
0.668	27.793
0.662	27.164
0.66	26.871
0.655	24.173
0.668	27.793
0.662	27.164
0.793	37.326
0.798	37.904
0.84	43.716
0.654	23.885
0.789	34.21
0.748	28.82
0.879	54.354
0.782	33.337
0.744	28.457
0.751	29.426
0.75	29.083
0.808	38.358
0.794	37.598
0.845	44.429
0.784	33.614
0.862	49.332
0.742	28.308
0.744	28.457
0.654	23.885
0.778	32.755
0.843	43.825
0.842	43.762
0.845	44.429
0.844	44.038
0.861	49.016
0.747	28.807
0.796	37.842
0.786	33.91
0.862	49.332
0.861	49.016
0.747	28.807
0.78	33.188
0.788	34.06
0.742	28.308
0.81	38.425
0.779	33.038
0.827	39.511
0.75	29.083
0.751	29.426
0.827	39.511
0.826	39.285
0.778	32.755
0.844	44.038
0.823	38.777
0.826	39.285
0.824	38.982
0.825	39.08
0.823	38.777
0.652	23.256
0.783	33.417
0.795	37.66
0.785	33.735
0.74	28.013
0.788	34.06
0.779	33.038
0.786	33.91
0.78	33.188
0.822	38.57
0.879	54.354
0.785	33.735
