P=? [ F (x=9&y=9&crashed=0) ]	R{"cost"}=? [ C<=100 ]
0.872	55.012
0.74	27.942
0.74	27.942
0.872	55.012
0.864	53.779
0.776	32.453
0.752	29.487
0.854	47.984
0.863	49.481
0.836	43.247
0.829	39.776
0.818	38.815
0.846	44.67
0.776	32.453
0.752	29.487
0.854	47.984
0.793	37.243
0.792	34.956
0.825	39.098
0.846	44.67
0.81	38.634
0.745	29.072
0.871	54.809
0.829	39.776
0.836	43.247
0.861	48.948
0.744	28.349
0.785	33.77
0.783	33.345
0.75	29.078
0.803	38.047
0.871	54.809
0.864	53.779
0.808	38.08
0.837	43.397
0.778	32.828
0.861	48.948
0.842	43.938
0.842	43.938
0.783	33.345
0.797	37.649
0.837	43.397
0.778	32.828
0.8	37.74
0.786	34.236
0.791	34.717
0.844	44.077
0.744	28.349
0.863	49.481
0.845	44.283
0.862	49.094
0.809	38.259
0.751	29.433
0.795	37.417
0.797	37.649
0.801	37.804
0.788	34.512
0.787	34.259
0.789	34.558
0.801	37.804
0.792	34.956
0.803	38.047
0.795	37.417
0.777	32.681
0.845	44.283
0.827	39.446
0.826	39.251
0.81	38.634
0.809	38.259
0.828	39.623
0.827	39.446
0.791	34.717
0.789	34.558
0.828	39.623
0.826	39.251
0.777	32.681
0.862	49.094
0.794	37.271
0.844	44.077
0.8	37.74
0.751	29.433
0.788	34.512
0.808	38.08
0.794	37.271
0.793	37.243
0.787	34.259
0.786	34.236
0.75	29.078
0.745	29.072
0.872	55.012
0.74	27.942
0.776	32.453
0.752	29.487
0.854	47.984
0.846	44.67
0.829	39.776
0.836	43.247
0.871	54.809
0.864	53.779
0.861	48.948
