P=? [ F (x=9&y=9&crashed=0) ]	R{"cost"}=? [ C<=100 ]
0.728	28.912
0.899	60.622
0.899	60.622
0.728	28.912
0.745	33.11
0.89	59.811
0.865	53.432
0.881	54.98
0.744	28.957
0.864	49.646
0.778	33.218
0.76	33.211
0.792	35.194
0.743	28.942
0.85	47.558
0.847	44.923
0.832	42.831
0.83	40.349
0.794	37.558
0.757	33.159
0.89	59.811
0.8	38.087
0.872	53.56
0.881	54.98
0.898	60.29
0.785	34.317
0.782	33.454
0.81	38.697
0.804	38.22
0.817	38.876
0.805	38.5
0.809	38.539
0.873	53.898
0.877	54.156
0.855	48.277
0.852	47.589
0.847	44.923
0.782	33.454
0.825	39.151
0.791	34.786
0.837	43.416
0.83	40.349
0.853	47.854
0.821	38.899
0.786	34.335
0.859	48.656
0.79	34.773
0.778	33.218
0.796	37.606
0.86	48.673
0.796	37.606
0.898	60.29
0.835	42.859
0.84	43.793
0.877	54.156
0.839	43.72
0.79	34.773
0.786	34.335
0.879	54.477
0.826	39.387
0.757	33.159
0.829	39.942
0.85	47.558
0.833	42.837
0.859	48.656
0.855	48.277
0.76	33.211
0.822	38.905
0.818	38.881
0.846	44.636
0.845	44.279
0.829	39.942
0.828	39.597
0.861	49.001
0.844	44.131
0.843	43.809
0.879	54.477
0.836	43.126
0.846	44.636
0.854	47.995
0.836	43.126
0.88	54.719
0.873	53.898
0.864	49.646
0.863	49.391
0.825	39.151
0.822	38.905
0.88	54.719
0.863	49.391
0.862	49.149
0.794	37.558
0.828	39.597
0.827	39.393
0.842	43.799
0.832	42.831
0.838	43.538
0.817	38.876
0.81	38.697
0.845	44.279
0.862	49.149
