P=? [ F (x=9&y=9&crashed=0) ]	R{"cost"}=? [ C<=100 ]
0.846	44.612
0.738	27.804
0.738	27.804
0.846	44.612
0.775	32.508
0.791	34.716
0.835	43.045
0.827	39.355
0.753	29.652
0.802	37.774
0.753	29.652
0.81	38.568
0.822	38.587
0.802	37.774
0.827	39.355
0.835	43.045
0.752	29.456
0.747	28.806
0.838	43.629
0.75	29.078
0.804	38.055
0.782	33.363
0.782	33.363
0.778	32.757
0.808	38.193
0.742	28.238
0.739	28.02
0.778	32.757
0.839	43.824
0.789	34.529
0.845	44.466
0.844	44.017
0.803	37.879
0.75	29.078
0.837	43.203
0.742	28.238
0.744	28.482
0.842	43.863
0.836	43.053
0.788	34.235
0.809	38.312
0.744	28.482
0.825	39.09
0.824	38.848
0.739	28.02
0.784	33.727
0.783	33.509
0.777	32.713
0.745	28.685
0.777	32.713
0.789	34.529
0.786	33.928
0.785	33.744
0.787	34.084
0.786	33.928
0.826	39.243
0.825	39.09
0.788	34.235
0.787	34.084
0.837	43.203
0.823	38.734
0.783	33.509
0.845	44.466
0.844	44.017
0.843	43.872
0.808	38.193
0.804	38.055
0.809	38.312
0.824	38.848
0.823	38.734
0.826	39.243
0.746	28.755
0.745	28.685
0.746	28.755
0.842	43.863
0.839	43.824
0.822	38.587
0.81	38.568
0.785	33.744
0.784	33.727
0.843	43.872
0.738	27.804
0.846	44.612
0.753	29.652
0.802	37.774
0.827	39.355
0.835	43.045
0.782	33.363
0.778	32.757
0.75	29.078
0.742	28.238
0.739	28.02
0.789	34.529
0.786	33.928
0.825	39.09
0.788	34.235
0.787	34.084
0.837	43.203
0.783	33.509
0.845	44.466
