P=? [ F (x=9&y=9&crashed=0) ]	R{"cost"}=? [ C<=100 ]
0.918	54.848
0.66	22.521
0.918	54.848
0.66	22.521
0.753	27.272
0.701	23.788
0.901	50.141
0.753	27.272
0.701	23.788
0.905	53.257
0.887	48.094
0.87	43.071
0.662	23.022
0.688	23.357
0.843	37.991
0.884	44.982
0.867	40.021
0.841	35.128
0.81	32.302
0.807	29.818
0.772	28.242
0.787	28.335
0.79	28.599
0.801	28.998
0.9	49.448
0.69	23.41
0.804	29.259
0.908	53.538
0.7	23.774
0.863	39.259
0.761	27.708
0.876	43.621
0.891	48.32
0.884	44.982
0.883	44.29
0.839	35.109
0.82	32.866
0.88	44.23
0.916	54.173
0.769	28.007
0.908	53.538
0.807	29.818
0.917	54.191
0.832	33.878
0.832	33.878
0.879	43.768
0.874	43.24
0.905	53.257
0.836	34.295
0.864	39.644
0.916	54.173
0.895	48.702
0.661	22.938
0.867	40.021
0.854	38.501
0.815	32.406
0.818	32.512
0.89	48.178
0.823	32.94
0.761	27.708
0.828	33.505
0.858	38.753
0.837	34.563
0.898	48.733
0.801	28.998
0.789	28.423
0.803	29.032
0.828	33.505
0.866	39.651
0.844	38.008
0.69	23.41
0.77	28.023
0.688	23.357
0.86	38.924
0.899	49.01
0.86	38.924
0.836	34.295
0.895	48.702
0.79	28.599
0.837	34.563
0.858	38.753
0.854	38.501
0.852	38.26
0.7	23.774
0.815	32.406
0.81	32.302
0.847	38.108
0.87	43.071
0.756	27.488
0.847	38.108
0.826	33.334
0.662	23.022
0.887	48.094
0.873	43.162
0.85	38.198
0.758	27.524
0.824	33.053
0.769	28.007
0.758	27.524
0.756	27.488
