P=? [ F (x=9&y=9&crashed=0) ]	R{"cost"}=? [ C<=100 ]
0.9	55.534
0.673	27.281
0.9	55.534
0.673	27.281
0.899	49.635
0.735	28.985
0.768	31.947
0.89	48.724
0.884	45.002
0.867	43.031
0.866	39.633
0.701	27.459
0.674	27.299
0.735	28.985
0.768	31.947
0.78	32.271
0.849	37.999
0.841	35.4
0.794	32.381
0.728	28.551
0.72	28.305
0.898	49.229
0.891	49.111
0.857	38.294
0.849	37.999
0.841	35.4
0.772	32.117
0.89	48.724
0.884	45.002
0.806	32.945
0.826	33.993
0.709	28.02
0.851	38.207
0.715	28.105
0.864	39.237
0.883	44.618
0.817	33.014
0.812	33.0
0.73	28.706
0.862	38.992
0.879	43.98
0.824	33.68
0.839	34.821
0.704	27.645
0.812	33.0
0.8	32.418
0.882	44.478
0.838	34.788
0.873	43.739
0.871	43.368
0.837	34.448
0.732	28.933
0.834	34.162
0.84	35.23
0.701	27.459
0.866	39.633
0.881	44.217
0.821	33.29
0.83	33.996
0.718	28.174
0.802	32.432
0.863	39.22
0.88	44.211
0.794	32.381
0.871	43.368
0.869	43.139
0.731	28.916
0.708	27.921
0.823	33.65
0.803	32.539
0.804	32.645
0.715	28.105
0.819	33.092
0.86	38.872
0.832	33.999
0.858	38.58
0.797	32.388
0.837	34.448
0.835	34.172
0.708	27.921
0.705	27.651
0.797	32.388
0.719	28.3
0.705	27.651
0.877	43.863
0.869	43.139
0.851	38.207
0.818	33.016
0.877	43.863
0.875	43.792
0.805	32.75
0.822	33.463
0.875	43.792
0.873	43.739
0.859	38.697
0.822	33.463
0.84	35.23
0.674	27.299
0.772	32.117
0.771	31.967
