P=? [ F (x=9&y=9&crashed=0) ]	R{"cost"}=? [ C<=100 ]
0.708	31.293
0.872	67.268
0.872	67.268
0.708	31.293
0.864	66.906
0.863	54.294
0.746	33.162
0.85	48.321
0.862	53.961
0.854	49.407
0.715	31.938
0.765	34.75
0.746	33.162
0.815	42.58
0.838	44.722
0.814	39.707
0.833	43.588
0.838	44.722
0.802	39.574
0.778	37.158
0.813	39.634
0.822	43.445
0.767	36.982
0.82	43.383
0.768	37.103
0.765	34.75
0.796	39.273
0.792	37.908
0.785	37.832
0.715	31.938
0.795	39.155
0.784	37.567
0.865	67.043
0.871	67.131
0.802	39.574
0.778	37.158
0.794	38.069
0.711	31.904
0.815	42.58
0.852	48.962
0.835	44.223
0.711	31.904
0.784	37.567
0.836	44.3
0.833	43.588
0.822	43.445
0.852	48.962
0.767	36.982
0.863	54.294
0.853	49.093
0.837	44.412
0.835	44.223
0.713	31.905
0.713	31.905
0.864	66.906
0.853	49.093
0.837	44.412
0.871	67.131
0.865	67.043
0.794	38.069
0.793	37.984
0.793	37.984
0.785	37.832
0.813	39.634
0.768	37.103
0.708	31.293
0.872	67.268
0.746	33.162
0.715	31.938
0.802	39.574
0.778	37.158
0.815	42.58
0.833	43.588
0.863	54.294
0.838	44.722
0.835	44.223
0.785	37.832
0.864	66.906
0.853	49.093
0.837	44.412
0.871	67.131
0.813	39.634
0.768	37.103
0.852	48.962
0.872	67.268
0.708	31.293
0.746	33.162
0.715	31.938
0.802	39.574
0.815	42.58
0.833	43.588
0.838	44.722
0.835	44.223
0.785	37.832
0.853	49.093
0.837	44.412
0.871	67.131
0.813	39.634
0.768	37.103
0.852	48.962
