P=? [ F (x=9&y=9&crashed=0) ]	R{"cost"}=? [ C<=100 ]
0.65	26.181
0.859	54.385
0.65	26.181
0.852	48.838
0.837	44.367
0.852	48.838
0.832	42.533
0.818	38.224
0.729	27.563
0.795	33.621
0.671	26.524
0.751	29.437
0.696	26.818
0.706	27.431
0.796	36.558
0.671	26.524
0.654	26.423
0.735	28.609
0.754	31.3
0.815	37.727
0.818	38.224
0.746	28.939
0.802	37.328
0.832	42.533
0.762	31.988
0.774	31.997
0.782	33.344
0.835	43.889
0.792	33.599
0.735	28.609
0.834	42.899
0.746	28.939
0.701	26.869
0.696	26.818
0.729	27.563
0.802	37.328
0.798	37.154
0.777	32.814
0.776	32.165
0.817	37.884
0.792	33.599
0.758	31.303
0.654	26.423
0.833	42.54
0.704	27.191
0.761	31.748
0.834	42.899
0.836	44.023
0.704	27.191
0.701	26.869
0.78	33.173
0.797	36.864
0.796	36.558
0.775	32.021
0.797	36.864
0.754	31.3
0.782	33.344
0.705	27.416
0.76	31.631
0.759	31.417
0.798	37.154
0.776	32.165
0.778	32.957
0.777	32.814
0.836	44.023
0.816	37.759
0.779	33.081
0.778	32.957
0.76	31.631
0.759	31.417
0.781	33.265
0.779	33.081
0.781	33.265
0.816	37.759
0.705	27.416
0.774	31.997
0.762	31.988
0.758	31.303
0.65	26.181
0.852	48.838
0.671	26.524
0.818	38.224
0.832	42.533
0.735	28.609
0.746	28.939
0.696	26.818
0.802	37.328
0.729	27.563
0.654	26.423
0.834	42.899
0.704	27.191
0.701	26.869
0.796	36.558
0.797	36.864
0.754	31.3
0.782	33.344
0.798	37.154
0.776	32.165
0.777	32.814
0.836	44.023
