P=? [ F (x=9&y=9&crashed=0) ]	R{"cost"}=? [ C<=100 ]
0.828	43.347
0.67	26.378
0.824	42.314
0.813	39.169
0.674	26.634
0.7	26.896
0.744	31.159
0.727	28.811
0.727	28.811
0.744	31.159
0.813	39.169
0.793	36.434
0.792	35.15
0.824	42.314
0.746	31.185
0.756	31.305
0.709	27.726
0.807	38.087
0.771	32.429
0.764	32.38
0.721	28.317
0.792	35.15
0.791	34.547
0.703	27.164
0.715	28.104
0.803	37.838
0.715	28.104
0.827	42.814
0.812	38.827
0.709	27.726
0.707	27.356
0.778	33.005
0.763	32.301
0.761	31.844
0.811	38.756
0.799	37.259
0.724	28.412
0.795	36.708
0.796	36.919
0.799	37.259
0.783	33.533
0.783	33.533
0.78	33.143
0.809	38.354
0.777	32.755
0.787	33.931
0.796	36.919
0.775	32.753
0.758	31.312
0.707	27.356
0.705	27.174
0.761	31.844
0.726	28.763
0.81	38.485
0.79	34.492
0.789	34.224
0.802	37.571
0.7	26.896
0.701	26.902
0.674	26.634
0.803	37.838
0.673	26.625
0.779	33.122
0.788	34.173
0.78	33.143
0.718	28.131
0.756	31.305
0.746	31.185
0.725	28.639
0.801	37.452
0.673	26.625
0.826	42.682
0.825	42.472
0.774	32.651
0.774	32.651
0.772	32.447
0.759	31.506
0.801	37.452
0.784	33.721
0.763	32.301
0.787	33.931
0.785	33.751
0.76	31.666
0.719	28.147
0.76	31.666
0.759	31.506
0.825	42.472
0.794	36.59
0.793	36.434
0.808	38.23
0.785	33.751
0.827	42.814
0.826	42.682
0.81	38.485
0.772	32.447
0.808	38.23
0.725	28.639
0.719	28.147
0.802	37.571
0.794	36.59
