P=? [ F (x=9&y=9&crashed=0) ]	R{"cost"}=? [ C<=100 ]
0.835	43.934
0.671	26.623
0.835	43.934
0.671	26.623
0.818	38.157
0.819	42.224
0.696	26.719
0.804	38.067
0.738	30.803
0.726	29.255
0.832	43.339
0.741	31.056
0.755	31.324
0.82	42.452
0.795	36.767
0.794	35.501
0.726	29.255
0.738	30.803
0.765	32.591
0.832	43.339
0.772	32.672
0.82	42.452
0.717	28.621
0.712	27.745
0.709	27.671
0.797	37.252
0.785	34.143
0.802	37.694
0.784	33.694
0.704	27.24
0.792	35.048
0.755	31.324
0.717	28.621
0.712	27.745
0.782	33.493
0.792	35.048
0.79	34.581
0.705	27.378
0.802	37.694
0.797	37.252
0.763	32.46
0.776	32.977
0.776	32.977
0.793	35.449
0.78	33.151
0.772	32.672
0.762	32.146
0.761	31.757
0.758	31.348
0.701	26.938
0.697	26.773
0.834	43.703
0.721	28.771
0.834	43.703
0.739	30.836
0.762	32.146
0.796	36.939
0.705	27.378
0.741	31.056
0.722	29.014
0.781	33.251
0.702	27.003
0.803	37.926
0.819	42.224
0.718	28.675
0.778	33.064
0.778	33.064
0.719	28.712
0.74	31.023
0.759	31.524
0.796	36.939
0.795	36.767
0.702	27.003
0.701	26.938
0.697	26.773
0.72	28.762
0.79	34.581
0.711	27.695
0.76	31.668
0.759	31.524
0.803	37.926
0.789	34.53
0.788	34.393
0.725	29.209
0.724	29.077
0.763	32.46
0.783	33.613
0.786	34.254
0.781	33.251
0.696	26.719
0.818	38.157
0.761	31.757
0.76	31.668
0.783	33.613
0.787	34.329
0.786	34.254
0.788	34.393
0.787	34.329
0.794	35.501
0.793	35.449
