P=? [ F (x=9&y=9&crashed=0) ]	R{"cost"}=? [ C<=100 ]
0.726	32.41
0.871	59.243
0.871	59.243
0.726	32.41
0.863	54.284
0.853	53.127
0.869	58.767
0.847	48.674
0.783	36.684
0.748	35.643
0.728	32.435
0.764	36.393
0.748	35.643
0.728	32.435
0.75	35.839
0.763	36.316
0.817	41.535
0.802	38.061
0.805	38.801
0.789	37.883
0.817	41.535
0.805	38.801
0.834	46.07
0.831	44.104
0.859	53.268
0.847	48.674
0.837	46.754
0.861	53.844
0.853	53.127
0.869	58.767
0.785	37.173
0.841	47.267
0.843	47.695
0.841	47.267
0.837	46.754
0.831	44.104
0.821	42.328
0.843	47.695
0.824	42.656
0.845	48.254
0.835	46.2
0.825	42.871
0.804	38.591
0.834	46.07
0.783	36.684
0.819	41.786
0.787	37.427
0.804	38.591
0.802	38.061
0.789	37.883
0.87	58.907
0.824	42.656
0.821	42.328
0.859	53.268
0.835	46.2
0.845	48.254
0.862	53.986
0.846	48.381
0.764	36.393
0.82	42.076
0.83	43.817
0.787	37.427
0.82	42.076
0.819	41.786
0.829	43.685
0.828	43.434
0.827	43.237
0.826	43.004
0.828	43.434
0.827	43.237
0.786	37.353
0.862	53.986
0.87	58.907
0.826	43.004
0.83	43.817
0.829	43.685
0.846	48.381
0.786	37.353
0.871	59.243
0.726	32.41
0.728	32.435
0.748	35.643
0.764	36.393
0.817	41.535
0.805	38.801
0.847	48.674
0.853	53.127
0.869	58.767
0.837	46.754
0.831	44.104
0.843	47.695
0.834	46.07
0.783	36.684
0.804	38.591
0.802	38.061
0.789	37.883
0.824	42.656
0.821	42.328
0.835	46.2
0.845	48.254
