P=? [ F (x=9&y=9&crashed=0) ]	R{"cost"}=? [ C<=100 ]
0.625	23.446
0.887	53.65
0.625	23.446
0.735	31.757
0.88	48.935
0.626	23.492
0.717	28.545
0.858	48.265
0.855	44.409
0.646	27.141
0.678	27.38
0.709	27.43
0.766	31.838
0.676	27.222
0.647	27.16
0.836	42.035
0.831	39.639
0.646	27.141
0.875	48.314
0.808	34.724
0.735	31.757
0.811	36.704
0.783	32.086
0.767	31.844
0.831	39.639
0.83	38.716
0.841	42.704
0.849	43.046
0.714	28.136
0.855	44.409
0.802	33.656
0.792	33.116
0.808	34.724
0.853	43.753
0.815	37.15
0.836	42.035
0.712	27.958
0.796	33.142
0.711	27.471
0.878	48.567
0.822	37.915
0.791	32.869
0.816	37.676
0.818	37.894
0.806	34.252
0.853	43.753
0.811	36.704
0.797	33.261
0.803	34.042
0.823	38.139
0.878	48.567
0.828	38.509
0.79	32.665
0.783	32.086
0.812	36.911
0.849	43.046
0.841	42.704
0.852	43.421
0.804	34.066
0.785	32.102
0.805	34.245
0.798	33.446
0.837	42.198
0.8	33.481
0.826	38.261
0.875	48.314
0.858	48.265
0.84	42.454
0.767	31.844
0.817	37.887
0.816	37.676
0.815	37.15
0.813	36.944
0.838	42.215
0.84	42.454
0.839	42.274
0.676	27.222
0.789	32.623
0.788	32.448
0.713	27.967
0.827	38.43
0.829	38.677
0.709	27.43
0.678	27.38
0.851	43.336
0.85	43.172
0.787	32.314
0.786	32.162
0.8	33.481
0.813	36.944
0.824	38.172
0.788	32.448
0.787	32.314
0.85	43.172
0.806	34.252
0.826	38.261
0.824	38.172
0.852	43.421
0.851	43.336
0.766	31.838
