P=? [ F (x=9&y=9&crashed=0) ]	R{"cost"}=? [ C<=100 ]
0.882	59.254
0.882	59.254
0.62	26.865
0.62	26.865
0.729	31.803
0.623	27.078
0.675	27.197
0.879	54.005
0.881	54.245
0.766	31.914
0.874	49.697
0.832	39.769
0.857	44.711
0.858	48.043
0.838	42.699
0.707	29.271
0.787	32.152
0.729	31.803
0.707	29.271
0.81	37.073
0.808	34.679
0.768	32.078
0.689	27.802
0.679	27.643
0.699	28.914
0.871	49.457
0.794	33.186
0.816	37.509
0.801	33.447
0.695	28.052
0.817	38.049
0.693	27.827
0.838	42.699
0.861	48.758
0.858	48.043
0.706	29.046
0.865	49.292
0.807	34.592
0.695	28.052
0.874	49.697
0.853	44.204
0.84	42.933
0.678	27.478
0.852	44.134
0.849	44.055
0.861	48.758
0.872	49.619
0.703	28.994
0.84	42.933
0.814	37.304
0.827	38.58
0.843	43.339
0.812	37.074
0.702	28.934
0.831	39.468
0.83	39.04
0.789	32.361
0.843	43.339
0.806	34.197
0.699	28.914
0.847	43.788
0.821	38.277
0.863	48.999
0.855	44.446
0.794	33.186
0.623	27.078
0.855	44.446
0.829	38.817
0.792	32.886
0.823	38.517
0.791	32.649
0.813	37.279
0.805	33.969
0.847	43.788
0.789	32.361
0.831	39.468
0.792	32.886
0.676	27.37
0.791	32.649
0.864	49.265
0.805	33.969
0.803	33.705
0.801	33.447
0.802	33.697
0.863	48.999
0.881	54.245
0.766	31.914
0.806	34.197
0.821	38.277
0.817	38.049
0.83	39.04
0.828	38.802
0.822	38.296
0.844	43.55
0.845	43.577
0.808	34.679
0.849	44.055
0.768	32.078
0.824	38.533
0.825	38.579
