P=? [ F (x=9&y=9&crashed=0) ]	R{"cost"}=? [ C<=100 ]
0.645	27.27
0.645	27.27
0.87	48.483
0.691	27.977
0.646	27.282
0.868	48.436
0.856	44.795
0.735	31.629
0.752	32.143
0.839	42.425
0.832	39.571
0.783	32.15
0.814	37.168
0.712	29.24
0.735	31.629
0.809	35.017
0.712	29.24
0.696	28.014
0.856	44.795
0.703	29.156
0.868	48.436
0.841	42.816
0.809	35.017
0.807	34.493
0.745	31.97
0.85	43.151
0.832	39.571
0.854	43.902
0.745	31.97
0.817	37.762
0.839	42.425
0.646	27.282
0.855	44.53
0.751	31.995
0.798	33.259
0.696	28.014
0.703	29.156
0.803	34.118
0.816	37.568
0.793	33.122
0.831	39.305
0.83	38.836
0.802	33.659
0.791	32.983
0.789	32.581
0.801	33.488
0.789	32.581
0.825	38.467
0.85	43.151
0.841	42.816
0.787	32.174
0.828	38.675
0.824	38.315
0.822	37.988
0.798	33.259
0.852	43.542
0.851	43.232
0.821	37.963
0.784	32.161
0.831	39.305
0.855	44.53
0.853	43.806
0.852	43.542
0.788	32.319
0.815	37.308
0.806	34.33
0.824	38.315
0.84	42.579
0.792	32.991
0.801	33.488
0.709	29.229
0.706	29.201
0.828	38.675
0.825	38.467
0.821	37.963
0.709	29.229
0.693	27.987
0.806	34.33
0.804	34.135
0.802	33.659
0.84	42.579
0.788	32.319
0.815	37.308
0.829	38.814
0.793	33.122
0.693	27.987
0.822	37.988
0.705	29.178
0.804	34.135
0.791	32.983
0.853	43.806
0.851	43.232
0.706	29.201
0.869	48.456
0.751	31.995
0.705	29.178
0.83	38.836
0.829	38.814
0.869	48.456
0.787	32.174
