P=? [ F (x=9&y=9&crashed=0) ]	R{"cost"}=? [ C<=100 ]
0.882	59.046
0.72	28.325
0.72	28.325
0.882	59.046
0.773	32.123
0.721	28.326
0.873	53.862
0.881	58.751
0.797	33.937
0.868	53.226
0.865	49.001
0.865	49.001
0.721	28.326
0.864	45.527
0.842	39.88
0.808	37.14
0.843	43.119
0.848	43.868
0.812	37.783
0.788	33.366
0.858	44.554
0.839	39.216
0.827	38.608
0.797	33.937
0.829	39.146
0.808	37.14
0.873	53.862
0.881	58.751
0.785	32.904
0.782	32.795
0.777	32.756
0.81	37.246
0.776	32.415
0.812	37.783
0.86	44.813
0.862	45.181
0.827	38.608
0.828	38.943
0.844	43.391
0.842	39.88
0.845	43.637
0.868	53.226
0.871	53.505
0.864	45.527
0.871	53.505
0.87	53.405
0.843	43.119
0.861	45.052
0.845	43.637
0.87	53.405
