P=? [ F (x=9&y=9&crashed=0) ]	R{"cost"}=? [ C<=100 ]
0.978	55.851
0.808	29.774
0.978	55.851
0.977	41.2
0.851	30.423
0.844	29.958
0.877	32.513
0.877	32.513
0.942	38.984
0.962	39.012
0.931	35.747
0.904	33.727
0.932	37.739
0.885	32.839
0.91	33.955
0.897	33.724
0.912	34.034
0.919	34.289
0.923	34.8
0.938	38.315
0.928	35.16
0.971	39.871
0.895	33.564
0.972	39.958
0.92	34.32
0.969	39.641
0.889	32.944
0.891	33.123
0.935	38.152
0.929	35.175
0.966	39.408
0.964	39.251
0.977	41.2
0.976	40.783
0.922	34.538
0.933	37.769
0.969	39.641
0.928	35.16
0.923	34.8
0.888	32.92
0.973	40.279
0.93	35.442
0.975	40.588
0.974	40.294
0.93	35.442
0.94	38.6
0.939	38.344
0.912	34.034
0.919	34.289
0.893	33.383
0.892	33.142
0.941	38.749
0.966	39.408
0.911	33.972
0.934	38.0
0.963	39.023
0.922	34.538
0.976	40.783
0.975	40.588
0.935	38.152
0.897	33.724
0.934	38.0
0.941	38.749
0.94	38.6
0.894	33.432
0.965	39.287
0.888	32.92
0.894	33.432
0.893	33.383
0.965	39.287
0.932	37.739
0.939	38.344
0.962	39.012
0.942	38.984
0.892	33.142
0.974	40.294
0.973	40.279
0.963	39.023
0.978	55.851
0.877	32.513
0.977	41.2
0.897	33.724
0.928	35.16
0.93	35.442
0.912	34.034
0.969	39.641
0.966	39.408
0.976	40.783
0.922	34.538
0.935	38.152
0.934	38.0
0.941	38.749
0.894	33.432
0.965	39.287
0.962	39.012
0.942	38.984
0.932	37.739
0.974	40.294
0.973	40.279
0.963	39.023
