P=? [ F (x=9&y=9&crashed=0) ]	R{"cost"}=? [ C<=100 ]
0.749	24.358
0.972	39.967
0.972	39.967
0.762	24.407
0.764	28.479
0.854	28.598
0.765	28.48
0.815	28.534
0.957	38.869
0.955	35.989
0.822	28.584
0.92	33.348
0.919	30.824
0.875	28.64
0.878	28.722
0.889	28.723
0.955	35.989
0.901	28.972
0.922	33.67
0.917	30.407
0.915	29.957
0.954	35.476
0.757	24.365
0.917	30.407
0.937	33.868
0.908	29.163
0.944	34.095
0.937	33.868
0.919	30.824
0.912	29.646
0.953	35.171
0.816	28.558
0.895	28.748
0.963	38.945
0.889	28.723
0.913	29.922
0.91	29.565
0.909	29.226
0.92	33.348
0.971	39.844
0.97	39.538
0.954	35.476
0.946	34.441
0.945	34.157
0.969	39.527
0.967	39.245
0.953	35.171
0.951	34.889
0.966	39.234
0.964	38.957
0.901	28.972
0.948	34.763
0.947	34.523
0.944	34.095
0.933	33.804
0.926	33.77
0.908	29.163
0.76	24.366
0.926	33.77
0.922	33.67
0.932	33.794
0.757	24.365
0.957	38.869
0.899	28.844
0.971	39.844
0.875	28.64
0.762	24.407
0.899	28.844
0.897	28.788
0.915	29.957
0.877	28.695
0.951	34.889
0.947	34.523
0.946	34.441
0.964	38.957
0.967	39.245
0.969	39.527
0.966	39.234
0.93	33.786
0.928	33.777
0.93	33.786
0.928	33.777
0.963	38.945
0.76	24.366
0.764	28.479
0.933	33.804
0.95	34.868
0.949	34.805
0.909	29.226
0.945	34.157
0.877	28.695
0.815	28.534
0.911	29.593
0.949	34.805
0.948	34.763
0.898	28.803
0.913	29.922
0.911	29.593
0.91	29.565
0.816	28.558
