P=? [ F (x=9&y=9&crashed=0) ]	R{"cost"}=? [ C<=100 ]
0.749	27.263
0.881	45.523
0.749	27.263
0.881	45.523
0.832	27.55
0.792	27.275
0.792	27.275
0.874	43.542
0.865	35.755
0.85	32.416
0.848	29.436
0.873	40.612
0.869	38.648
0.865	35.755
0.842	28.366
0.872	39.803
0.88	44.711
0.879	44.555
0.874	43.542
0.863	34.758
0.857	34.183
0.873	40.612
0.871	39.612
0.87	38.804
0.86	34.265
0.879	44.555
0.856	33.607
0.869	38.648
0.855	33.471
0.854	32.918
0.836	27.935
0.862	34.743
0.836	27.935
0.844	28.742
0.844	28.742
0.839	28.025
0.839	28.025
0.847	29.38
0.846	29.07
0.851	32.568
0.85	32.416
0.853	32.845
0.851	32.568
0.845	29.018
0.86	34.265
0.853	32.845
0.848	29.436
0.838	27.969
0.871	39.612
0.87	38.804
0.863	34.758
0.862	34.743
0.856	33.607
0.855	33.471
0.857	34.183
0.854	32.918
0.847	29.38
0.846	29.07
0.845	29.018
0.838	27.969
0.749	27.263
0.881	45.523
0.792	27.275
0.879	44.555
0.874	43.542
0.873	40.612
0.869	38.648
0.836	27.935
0.844	28.742
0.85	32.416
0.851	32.568
0.86	34.265
0.853	32.845
0.848	29.436
0.839	28.025
0.871	39.612
0.87	38.804
0.863	34.758
0.862	34.743
0.856	33.607
0.855	33.471
0.857	34.183
0.854	32.918
0.847	29.38
0.846	29.07
0.845	29.018
0.838	27.969
0.881	45.523
0.749	27.263
0.792	27.275
0.879	44.555
0.873	40.612
0.869	38.648
0.836	27.935
0.844	28.742
0.85	32.416
0.851	32.568
0.853	32.845
0.848	29.436
0.839	28.025
