P=? [ F (x=9&y=9&crashed=0) ]	R{"cost"}=? [ C<=100 ]
0.679	26.259
0.869	38.638
0.869	38.638
0.679	26.259
0.857	37.906
0.855	33.477
0.84	27.967
0.846	32.107
0.762	27.164
0.72	26.563
0.789	27.346
0.826	27.533
0.683	26.465
0.718	26.502
0.762	27.164
0.787	27.247
0.865	38.342
0.855	33.477
0.72	26.563
0.832	27.587
0.865	38.342
0.854	32.864
0.853	32.831
0.826	27.533
0.857	37.906
0.838	27.915
0.832	27.587
0.84	27.967
0.838	27.915
0.851	32.458
0.846	32.107
0.85	32.393
0.847	32.127
0.85	32.393
0.789	27.346
0.847	32.127
0.681	26.326
0.851	32.458
0.681	26.326
0.718	26.502
0.683	26.465
0.787	27.247
0.68	26.262
0.788	27.285
0.788	27.285
0.854	32.864
0.68	26.262
0.869	38.638
0.679	26.259
0.762	27.164
0.72	26.563
0.865	38.342
0.826	27.533
0.857	37.906
0.854	32.864
0.832	27.587
0.84	27.967
0.838	27.915
0.846	32.107
0.851	32.458
0.85	32.393
0.789	27.346
0.847	32.127
0.681	26.326
0.718	26.502
0.683	26.465
0.788	27.285
0.68	26.262
0.679	26.259
0.762	27.164
0.72	26.563
0.865	38.342
0.826	27.533
0.857	37.906
0.854	32.864
0.832	27.587
0.84	27.967
0.838	27.915
0.846	32.107
0.851	32.458
0.85	32.393
0.789	27.346
0.847	32.127
0.681	26.326
0.718	26.502
0.683	26.465
0.788	27.285
0.68	26.262
0.679	26.259
0.762	27.164
0.865	38.342
0.826	27.533
0.857	37.906
0.832	27.587
0.84	27.967
0.838	27.915
0.846	32.107
0.85	32.393
0.789	27.346
0.847	32.127
