P=? [ F (x=9&y=9&crashed=0) ]	R{"cost"}=? [ C<=100 ]
0.865	41.826
0.605	22.057
0.865	41.826
0.605	22.057
0.864	35.296
0.611	22.687
0.693	22.99
0.856	34.097
0.8	27.475
0.745	27.155
0.849	29.5
0.698	22.997
0.699	26.509
0.745	27.155
0.72	26.569
0.83	27.551
0.813	27.513
0.857	34.196
0.719	26.539
0.708	26.527
0.84	27.967
0.607	22.068
0.843	28.929
0.834	27.576
0.693	22.99
0.61	22.659
0.72	26.569
0.842	28.364
0.857	34.196
0.708	26.527
0.808	27.478
0.7	26.51
0.849	29.5
0.847	29.103
0.834	27.576
0.845	28.997
0.84	27.967
0.841	28.351
0.848	29.455
0.611	22.687
0.83	27.551
0.61	22.659
0.811	27.489
0.607	22.068
0.808	27.478
0.813	27.513
0.847	29.103
0.811	27.489
0.843	28.929
0.848	29.455
0.7	26.51
0.842	28.364
0.841	28.351
0.719	26.539
0.698	22.997
0.699	26.509
0.605	22.057
0.865	41.826
0.745	27.155
0.693	22.99
0.72	26.569
0.857	34.196
0.708	26.527
0.849	29.5
0.834	27.576
0.84	27.967
0.611	22.687
0.83	27.551
0.61	22.659
0.847	29.103
0.843	28.929
0.607	22.068
0.808	27.478
0.813	27.513
0.811	27.489
0.848	29.455
0.7	26.51
0.842	28.364
0.841	28.351
0.719	26.539
0.698	22.997
0.699	26.509
0.605	22.057
0.865	41.826
0.745	27.155
0.693	22.99
0.72	26.569
0.857	34.196
0.708	26.527
0.849	29.5
0.834	27.576
0.84	27.967
0.611	22.687
0.83	27.551
0.61	22.659
0.847	29.103
0.843	28.929
0.607	22.068
0.808	27.478
0.813	27.513
