P=? [ F (x=9&y=9&crashed=0) ]	R{"cost"}=? [ C<=100 ]
0.838	58.423
0.657	23.33
0.838	58.423
0.657	23.33
0.687	26.533
0.813	48.149
0.79	39.635
0.764	37.252
0.837	58.274
0.83	53.984
0.795	42.767
0.828	53.533
0.822	49.388
0.812	44.286
0.758	34.178
0.742	32.542
0.698	27.184
0.708	28.358
0.731	32.019
0.716	28.601
0.796	42.917
0.772	37.283
0.691	27.007
0.822	49.388
0.83	53.984
0.82	48.87
0.837	58.274
0.828	53.533
0.805	43.666
0.758	34.178
0.702	27.976
0.707	28.064
0.764	37.252
0.774	37.533
0.722	30.709
0.721	29.725
0.802	43.061
0.787	38.676
0.789	39.254
0.748	33.26
0.7	27.59
0.753	33.291
0.81	43.899
0.784	38.03
0.78	37.716
0.778	37.562
0.82	48.87
0.813	48.149
0.744	32.878
0.731	32.019
0.726	31.346
0.688	26.778
0.727	31.781
0.718	28.895
0.691	27.007
0.78	37.716
0.725	31.339
0.723	30.834
0.747	33.161
0.786	38.215
0.804	43.219
0.716	28.601
0.72	29.706
0.719	29.298
0.719	29.298
0.811	43.9
0.812	44.286
0.701	27.594
0.729	31.96
0.821	49.019
0.803	43.07
0.743	32.546
0.788	38.93
0.723	30.834
0.784	38.03
0.829	53.832
0.718	28.895
0.747	33.161
0.744	32.878
0.757	33.976
0.756	33.716
0.788	38.93
0.756	33.716
0.755	33.463
0.729	31.96
0.81	43.899
0.805	43.666
0.688	26.778
0.778	37.562
0.757	33.976
0.725	31.339
0.773	37.341
0.727	31.781
0.785	38.204
0.755	33.463
0.754	33.307
0.829	53.832
0.804	43.219
0.821	49.019
0.802	43.061
