P=? [ F (x=9&y=9&crashed=0) ]	R{"cost"}=? [ C<=100 ]
0.823	52.227
0.688	26.738
0.688	26.738
0.823	52.227
0.759	34.525
0.814	47.694
0.821	51.758
0.806	46.888
0.791	42.639
0.805	44.002
0.79	39.627
0.741	32.387
0.772	37.145
0.772	37.145
0.689	26.93
0.698	27.078
0.73	32.038
0.821	51.758
0.814	47.694
0.812	47.244
0.749	33.394
0.788	38.725
0.708	28.345
0.754	33.577
0.723	30.897
0.722	29.726
0.714	28.353
0.796	42.653
0.706	27.979
0.744	32.736
0.786	38.499
0.7	27.471
0.782	38.452
0.702	27.65
0.789	39.435
0.716	28.667
0.773	37.372
0.802	43.121
0.803	43.534
0.779	37.539
0.719	28.938
0.812	47.244
0.781	38.256
0.78	37.725
0.722	29.726
0.721	29.203
0.776	37.517
0.706	27.979
0.702	27.65
0.715	28.374
0.747	33.142
0.742	32.667
0.805	44.002
0.803	43.534
0.822	52.217
0.746	32.92
0.776	37.517
0.726	31.36
0.729	32.028
0.757	33.967
0.799	43.09
0.758	34.164
0.806	46.888
0.73	32.038
0.725	31.354
0.757	33.967
0.755	33.632
0.724	31.202
0.723	30.897
0.728	31.837
0.727	31.559
0.719	28.938
0.716	28.667
0.755	33.632
0.786	38.499
0.699	27.253
0.727	31.559
0.758	34.164
0.708	28.345
0.781	38.256
0.798	42.896
0.797	42.846
0.79	39.627
0.789	39.435
0.728	31.837
0.748	33.204
0.801	43.12
0.78	37.725
0.746	32.92
0.72	29.115
0.699	27.253
0.724	31.202
0.773	37.372
0.721	29.203
0.72	29.115
0.742	32.667
0.748	33.204
0.798	42.896
0.797	42.846
0.782	38.452
