P=? [ F (x=9&y=9&crashed=0) ]	R{"cost"}=? [ C<=100 ]
0.629	26.282
0.844	48.334
0.844	48.334
0.629	26.282
0.692	27.105
0.842	47.966
0.825	41.845
0.836	43.602
0.819	37.635
0.731	28.215
0.753	31.592
0.721	27.335
0.799	36.121
0.783	33.073
0.669	27.07
0.731	28.215
0.753	31.592
0.635	26.303
0.654	26.433
0.783	33.073
0.799	36.121
0.803	36.523
0.814	36.69
0.819	37.635
0.659	26.435
0.664	26.476
0.836	43.602
0.832	42.744
0.826	42.036
0.826	42.036
0.767	31.953
0.832	42.744
0.635	26.303
0.773	31.97
0.666	26.673
0.729	28.049
0.76	31.927
0.766	31.952
0.818	37.151
0.655	26.434
0.63	26.283
0.724	27.352
0.782	32.83
0.781	32.509
0.758	31.853
0.843	48.058
0.778	32.207
0.667	26.798
0.835	43.333
0.834	43.105
0.833	42.837
0.776	32.148
0.775	31.989
0.782	32.83
0.754	31.728
0.78	32.507
0.8	36.135
0.835	43.333
0.834	43.105
0.667	26.798
0.756	31.85
0.725	27.571
0.802	36.45
0.801	36.25
0.816	36.885
0.815	36.691
0.818	37.151
0.817	36.971
0.779	32.38
0.727	27.758
0.726	27.589
0.814	36.69
0.803	36.523
0.728	27.898
0.728	27.898
0.727	27.758
0.654	26.433
0.779	32.38
0.754	31.728
0.773	31.97
0.722	27.348
0.801	36.25
0.756	31.85
0.833	42.837
0.843	48.058
0.817	36.971
0.816	36.885
0.802	36.45
0.759	31.924
0.778	32.207
0.776	32.148
0.766	31.952
0.76	31.927
0.63	26.283
0.775	31.989
0.726	27.589
0.725	27.571
0.724	27.352
0.722	27.348
0.759	31.924
