P=? [ F (x=9&y=9&crashed=0) ]	R{"cost"}=? [ C<=100 ]
0.627	23.36
0.828	57.765
0.627	23.36
0.828	57.765
0.825	57.359
0.653	26.862
0.686	27.505
0.629	26.682
0.813	53.27
0.693	29.082
0.715	31.254
0.652	26.839
0.628	26.568
0.767	41.745
0.8	51.723
0.797	48.586
0.759	40.424
0.781	43.889
0.783	46.458
0.715	31.254
0.693	29.082
0.813	53.27
0.758	38.527
0.808	52.395
0.745	36.809
0.759	40.424
0.722	32.555
0.773	42.839
0.728	32.809
0.686	27.505
0.77	41.878
0.804	52.141
0.69	28.104
0.738	35.245
0.789	47.53
0.751	37.065
0.791	47.752
0.731	33.15
0.771	42.329
0.756	37.989
0.788	47.107
0.69	28.104
0.797	48.586
0.793	47.844
0.743	35.977
0.796	48.25
0.692	28.621
0.736	34.695
0.801	51.943
0.728	32.809
0.81	52.663
0.72	32.029
0.8	51.723
0.736	34.695
0.803	51.99
0.718	31.5
0.776	43.199
0.776	43.199
0.692	28.621
0.779	43.522
0.744	36.326
0.785	46.723
0.721	32.092
0.741	35.542
0.732	33.611
0.735	34.243
0.81	52.663
0.784	46.522
0.755	37.561
0.812	53.079
0.786	46.821
0.812	53.079
0.758	38.527
0.757	38.169
0.754	37.382
0.744	36.326
0.795	48.114
0.772	42.496
0.731	33.15
0.719	31.697
0.754	37.382
0.752	37.07
0.734	34.017
0.733	33.707
0.778	43.384
0.827	57.627
0.742	35.833
0.739	35.361
0.827	57.627
0.751	37.065
0.745	36.809
0.722	32.555
0.718	31.5
0.783	46.458
0.794	48.074
0.735	34.243
0.734	34.017
0.719	31.697
0.778	43.384
0.78	43.706
