P=? [ F (x=9&y=9&crashed=0) ]	R{"cost"}=? [ C<=100 ]
0.647	26.801
0.828	57.51
0.647	26.801
0.828	57.51
0.801	51.624
0.65	26.824
0.685	27.424
0.758	38.489
0.825	57.245
0.812	53.177
0.692	28.631
0.796	48.143
0.784	46.923
0.78	43.555
0.711	31.085
0.766	41.595
0.711	31.085
0.692	28.631
0.812	53.177
0.825	57.245
0.745	36.966
0.776	42.729
0.752	37.077
0.808	52.427
0.766	41.595
0.792	47.366
0.772	42.452
0.796	48.143
0.689	27.485
0.743	35.99
0.738	35.248
0.735	34.3
0.733	33.713
0.65	26.824
0.724	32.661
0.78	43.555
0.811	52.695
0.77	41.887
0.808	52.427
0.69	28.104
0.685	27.424
0.779	43.16
0.73	32.806
0.757	38.291
0.732	33.449
0.788	47.293
0.784	46.923
0.809	52.66
0.768	41.78
0.721	32.084
0.69	28.104
0.754	37.389
0.734	34.224
0.738	35.248
0.724	32.661
0.717	31.241
0.779	43.16
0.735	34.3
0.795	47.749
0.721	32.084
0.728	32.787
0.731	33.178
0.771	42.255
0.743	35.99
0.715	31.218
0.755	37.746
0.767	41.625
0.727	32.772
0.756	37.944
0.74	35.502
0.714	31.216
0.786	47.189
0.719	31.836
0.718	31.506
0.754	37.389
0.794	47.634
0.826	57.358
0.752	37.077
0.745	36.966
0.731	33.178
0.794	47.634
0.718	31.506
0.742	35.795
0.741	35.541
0.788	47.293
0.687	27.43
0.72	32.048
0.719	31.836
0.756	37.944
0.755	37.746
0.771	42.255
0.742	35.795
0.687	27.43
0.785	47.027
0.826	57.358
0.739	35.364
0.714	31.216
0.739	35.364
0.795	47.749
0.727	32.772
