P=? [ F (x=9&y=9&crashed=0) ]	R{"cost"}=? [ C<=100 ]
0.629	26.462
0.821	62.875
0.629	26.462
0.821	62.875
0.805	53.02
0.793	48.262
0.812	57.882
0.818	62.384
0.809	57.351
0.761	41.875
0.794	52.075
0.669	28.748
0.69	30.678
0.693	30.89
0.711	31.064
0.647	26.796
0.776	46.774
0.774	43.545
0.759	38.73
0.69	30.678
0.669	28.748
0.796	52.381
0.659	28.107
0.768	41.924
0.784	46.981
0.777	46.919
0.812	57.882
0.656	27.059
0.746	36.818
0.805	53.02
0.818	62.384
0.751	36.83
0.736	34.617
0.789	48.084
0.667	28.619
0.772	42.935
0.663	28.187
0.796	52.381
0.733	33.734
0.757	38.126
0.773	43.209
0.758	38.4
0.809	57.351
0.73	32.812
0.769	42.151
0.735	34.44
0.711	31.064
0.647	26.796
0.719	31.679
0.738	35.117
0.741	35.68
0.728	32.727
0.743	35.963
0.724	32.613
0.717	31.259
0.771	42.52
0.652	26.836
0.718	31.486
0.715	31.238
0.788	47.686
0.666	28.232
0.656	27.059
0.744	36.342
0.77	42.502
0.774	43.545
0.759	38.73
0.753	37.154
0.74	35.387
0.744	36.342
0.742	35.885
0.738	35.117
0.659	28.107
0.664	28.196
0.81	57.574
0.722	32.544
0.734	34.042
0.65	26.819
0.654	26.868
0.786	47.372
0.819	62.562
0.715	31.238
0.692	30.717
0.756	37.783
0.776	46.774
0.753	37.154
0.731	33.133
0.72	32.0
0.721	32.321
0.72	32.0
0.788	47.686
0.786	47.372
0.819	62.562
0.754	37.466
0.732	33.423
0.734	34.042
0.81	57.574
0.794	52.075
0.728	32.727
0.724	32.613
0.732	33.423
