P=? [ F (x=9&y=9&crashed=0) ]	R{"cost"}=? [ C<=100 ]
0.617	26.517
0.788	47.572
0.788	47.572
0.617	26.517
0.653	27.079
0.685	27.256
0.784	47.053
0.774	43.145
0.766	41.636
0.759	38.613
0.653	27.079
0.632	26.82
0.708	30.987
0.693	28.805
0.693	28.805
0.708	30.987
0.745	36.47
0.751	37.077
0.774	43.145
0.628	26.529
0.784	47.053
0.759	38.613
0.766	41.636
0.722	32.561
0.739	35.346
0.736	34.585
0.692	28.697
0.69	27.865
0.715	31.24
0.757	38.111
0.632	26.82
0.726	32.593
0.711	31.015
0.691	28.237
0.717	31.427
0.752	37.165
0.736	34.585
0.785	47.161
0.69	27.865
0.687	27.443
0.629	26.704
0.739	35.346
0.735	34.402
0.734	33.992
0.711	31.015
0.772	42.54
0.771	42.165
0.732	33.404
0.731	33.032
0.691	28.237
0.734	33.992
0.733	33.626
0.715	31.24
0.72	32.06
0.719	31.716
0.687	27.443
0.686	27.355
0.768	41.901
0.773	42.844
0.758	38.415
0.772	42.54
0.756	38.013
0.755	37.71
0.773	42.844
0.741	35.805
0.74	35.519
0.719	31.716
0.718	31.434
0.721	32.28
0.769	41.904
0.73	33.023
0.728	32.78
0.744	36.341
0.743	36.101
0.753	37.393
0.733	33.626
0.732	33.404
0.721	32.28
0.72	32.06
0.728	32.78
0.786	47.359
0.758	38.415
0.755	37.71
0.754	37.513
0.787	47.378
0.735	34.402
0.767	41.718
0.685	27.256
0.74	35.519
0.743	36.101
0.742	35.93
0.73	33.023
0.771	42.165
0.77	42.034
0.77	42.034
0.744	36.341
0.742	35.93
0.741	35.805
0.754	37.513
0.753	37.393
