P=? [ F (x=9&y=9&crashed=0) ]	R{"cost"}=? [ C<=100 ]
0.669	28.892
0.812	50.44
0.812	50.44
0.669	28.892
0.754	34.12
0.801	48.969
0.755	37.316
0.797	44.583
0.7	32.582
0.783	42.637
0.782	38.731
0.68	30.186
0.7	32.582
0.737	33.388
0.718	33.14
0.68	30.186
0.741	33.84
0.712	32.722
0.768	37.372
0.785	43.024
0.791	43.324
0.781	38.492
0.808	49.242
0.797	44.583
0.796	44.118
0.801	48.969
0.811	49.985
0.809	49.276
0.739	33.467
0.778	38.114
0.671	29.241
0.77	37.407
0.775	37.733
0.714	33.046
0.811	49.985
0.777	37.757
0.678	29.798
0.675	29.316
0.775	37.733
0.77	37.407
0.794	43.598
0.737	33.388
0.679	29.803
0.778	38.114
0.784	42.999
0.783	42.637
0.675	29.316
0.674	29.271
0.717	33.125
0.678	29.798
0.74	33.773
0.712	32.722
0.795	43.879
0.808	49.242
0.794	43.598
0.792	43.344
0.718	33.14
0.782	38.731
0.795	43.879
0.714	33.046
0.768	37.372
0.809	49.276
0.671	29.241
0.792	43.344
0.717	33.125
0.74	33.773
0.755	37.316
0.674	29.271
0.784	42.999
0.777	37.757
0.679	29.803
0.812	50.44
0.669	28.892
0.7	32.582
0.68	30.186
0.797	44.583
0.801	48.969
0.811	49.985
0.775	37.733
0.77	37.407
0.737	33.388
0.778	38.114
0.783	42.637
0.675	29.316
0.678	29.798
0.712	32.722
0.808	49.242
0.718	33.14
0.782	38.731
0.714	33.046
0.768	37.372
0.671	29.241
0.717	33.125
0.74	33.773
0.755	37.316
0.674	29.271
0.784	42.999
0.777	37.757
0.679	29.803
0.669	28.892
