P=? [ F (x=9&y=9&crashed=0) ]	R{"cost"}=? [ C<=100 ]
0.862	64.78
0.702	32.674
0.702	32.674
0.862	64.78
0.721	33.502
0.754	33.737
0.844	59.108
0.861	64.155
0.854	60.091
0.761	35.385
0.838	55.408
0.778	37.929
0.793	42.096
0.784	39.181
0.823	52.358
0.819	49.402
0.778	37.929
0.761	35.385
0.715	32.808
0.822	50.475
0.861	64.155
0.793	42.096
0.784	39.181
0.716	32.882
0.815	47.739
0.76	34.73
0.854	60.091
0.838	55.408
0.851	59.259
0.829	53.259
0.844	59.108
0.835	54.214
0.721	33.502
0.801	44.518
0.8	43.503
0.806	46.222
0.835	54.214
0.829	53.259
0.821	50.383
0.82	49.513
0.758	34.292
0.755	34.169
0.815	47.739
0.797	42.627
0.837	55.066
0.836	54.345
0.81	46.91
0.81	46.91
0.806	46.222
0.814	47.56
0.805	45.829
0.804	45.256
0.779	38.278
0.798	43.147
0.826	52.731
0.813	47.263
0.853	59.875
0.852	59.39
0.804	45.256
0.803	44.862
0.805	45.829
0.826	52.731
0.783	38.991
0.782	38.62
0.837	55.066
0.758	34.292
0.811	47.016
0.8	43.503
0.799	43.214
0.828	53.0
0.813	47.263
0.811	47.016
0.754	33.737
0.802	44.736
0.801	44.518
0.853	59.875
0.781	38.5
0.78	38.294
0.794	42.298
0.783	38.991
0.828	53.0
0.827	52.829
0.851	59.259
0.796	42.571
0.795	42.425
0.715	32.808
0.836	54.345
0.852	59.39
0.795	42.425
0.794	42.298
0.803	44.862
0.802	44.736
0.755	34.169
0.782	38.62
0.781	38.5
0.82	49.513
0.827	52.829
0.822	50.475
0.821	50.383
0.799	43.214
