P=? [ F (x=9&y=9&crashed=0) ]	R{"cost"}=? [ C<=100 ]
0.88	54.303
0.717	32.513
0.752	33.066
0.809	42.057
0.72	32.973
0.757	36.829
0.797	38.291
0.755	33.515
0.838	47.511
0.866	52.446
0.837	44.507
0.863	49.523
0.779	37.354
0.792	37.423
0.765	37.19
0.797	38.291
0.827	43.271
0.809	42.057
0.857	48.537
0.758	37.054
0.849	48.45
0.771	37.299
0.871	53.166
0.821	43.071
0.869	52.618
0.772	37.327
0.877	53.583
0.815	42.152
0.879	53.977
0.818	42.357
0.86	48.99
0.819	42.596
0.795	37.865
0.846	48.339
0.816	42.232
0.834	43.741
0.866	52.446
0.877	53.583
0.871	53.166
0.831	43.542
0.859	48.719
0.719	32.873
0.849	48.45
0.863	49.523
0.843	47.758
0.835	44.055
0.837	44.507
0.836	44.195
0.845	48.062
0.844	47.774
0.87	52.898
0.845	48.062
0.841	47.571
0.831	43.542
0.862	49.448
0.861	49.177
0.87	52.898
0.82	42.814
0.753	33.319
0.794	37.615
0.878	53.74
0.719	32.873
0.796	38.064
0.82	42.814
0.821	43.071
0.796	38.064
0.834	43.741
0.832	43.549
0.861	49.177
0.859	48.719
0.842	47.58
0.793	37.597
0.754	33.49
0.753	33.319
0.755	33.515
0.878	53.74
0.832	43.549
0.836	44.195
0.835	44.055
0.846	48.339
0.815	42.152
0.72	32.973
0.862	49.448
0.841	47.571
0.838	47.511
0.772	37.327
0.754	33.49
0.794	37.615
0.793	37.597
0.844	47.774
0.842	47.58
0.809	42.057
0.866	52.446
0.877	53.583
0.871	53.166
0.849	48.45
0.863	49.523
0.845	48.062
0.87	52.898
0.719	32.873
