P=? [ F (x=9&y=9&crashed=0) ]	R{"cost"}=? [ C<=100 ]
0.77	27.339
0.933	45.149
0.77	27.339
0.813	27.689
0.926	40.672
0.774	27.608
0.891	35.306
0.893	37.819
0.851	30.165
0.861	32.209
0.851	30.165
0.897	38.471
0.91	38.75
0.826	28.413
0.813	27.689
0.92	39.213
0.826	28.413
0.861	32.209
0.883	33.639
0.848	29.438
0.911	38.944
0.838	28.996
0.832	28.564
0.868	33.532
0.844	29.051
0.926	40.672
0.925	40.43
0.876	33.593
0.876	33.593
0.832	28.564
0.838	28.996
0.924	39.891
0.891	35.306
0.884	34.075
0.896	38.258
0.894	37.826
0.922	39.621
0.889	34.905
0.888	34.881
0.887	34.487
0.92	39.213
0.847	29.422
0.886	34.475
0.885	34.105
0.922	39.621
0.896	38.258
0.772	27.428
0.863	32.676
0.862	32.396
0.91	38.75
0.897	38.471
0.844	29.051
0.867	33.336
0.866	33.066
0.911	38.944
0.923	39.856
0.847	29.422
0.865	33.027
0.864	32.825
0.867	33.336
0.862	32.396
0.773	27.599
0.864	32.825
0.863	32.676
0.889	34.905
0.894	37.826
0.893	37.819
0.772	27.428
0.774	27.608
0.868	33.532
0.883	33.639
0.866	33.066
0.865	33.027
0.924	39.891
0.923	39.856
0.885	34.105
0.884	34.075
0.888	34.881
0.887	34.487
0.886	34.475
0.773	27.599
0.77	27.339
0.851	30.165
0.926	40.672
0.813	27.689
0.826	28.413
0.861	32.209
0.876	33.593
0.832	28.564
0.838	28.996
0.891	35.306
0.92	39.213
0.922	39.621
0.896	38.258
0.91	38.75
0.897	38.471
0.844	29.051
0.911	38.944
0.847	29.422
0.867	33.336
