P=? [ F (x=9&y=9&crashed=0) ]	R{"cost"}=? [ C<=100 ]
0.945	45.965
0.945	45.965
0.756	27.367
0.938	44.666
0.927	40.635
0.794	27.502
0.846	29.513
0.86	32.244
0.892	35.487
0.893	37.873
0.841	29.049
0.904	39.632
0.821	28.898
0.922	39.705
0.846	29.513
0.803	28.261
0.86	32.244
0.879	34.619
0.815	28.386
0.927	40.635
0.938	44.666
0.889	34.91
0.8	27.932
0.796	27.829
0.878	34.216
0.868	33.502
0.874	33.998
0.841	29.049
0.901	38.866
0.868	33.502
0.874	33.998
0.817	28.813
0.866	33.467
0.902	39.197
0.925	40.081
0.902	39.197
0.941	45.103
0.943	45.275
0.94	44.774
0.862	32.671
0.861	32.269
0.898	38.711
0.892	35.487
0.89	35.11
0.944	45.604
0.865	33.25
0.864	32.889
0.896	38.469
0.895	38.112
0.923	39.96
0.926	40.414
0.944	45.604
0.803	28.261
0.8	27.932
0.89	35.11
0.889	34.91
0.879	34.619
0.816	28.531
0.875	34.078
0.82	28.823
0.794	27.502
0.926	40.414
0.865	33.25
0.895	38.112
0.894	37.904
0.897	38.507
0.796	27.829
0.863	32.845
0.862	32.671
0.943	45.275
0.941	45.103
0.904	39.632
0.901	38.866
0.898	38.711
0.821	28.898
0.816	28.531
0.878	34.216
0.875	34.078
0.815	28.386
0.925	40.081
0.923	39.96
0.94	44.774
0.922	39.705
0.864	32.889
0.863	32.845
0.897	38.507
0.896	38.469
0.894	37.904
0.893	37.873
0.861	32.269
0.82	28.823
0.817	28.813
0.945	45.965
0.846	29.513
0.86	32.244
0.927	40.635
0.938	44.666
0.841	29.049
0.874	33.998
0.902	39.197
