P=? [ F (x=9&y=9&crashed=0) ]	R{"cost"}=? [ C<=100 ]
0.699	27.459
0.873	49.09
0.873	49.09
0.699	27.459
0.856	42.973
0.762	31.59
0.872	45.08
0.855	39.703
0.831	36.971
0.7	27.468
0.722	27.482
0.751	29.053
0.815	36.761
0.81	36.096
0.781	32.07
0.867	43.697
0.768	32.008
0.84	38.137
0.74	28.053
0.751	29.053
0.806	34.713
0.799	33.318
0.729	28.007
0.849	38.315
0.789	32.765
0.867	43.697
0.856	42.973
0.805	34.705
0.813	36.27
0.801	33.544
0.868	44.146
0.872	45.08
0.871	44.525
0.799	33.318
0.789	32.765
0.782	32.226
0.838	37.886
0.804	34.206
0.852	38.995
0.85	38.52
0.745	28.594
0.802	33.994
0.725	27.903
0.723	27.493
0.835	37.255
0.786	32.501
0.806	34.713
0.749	28.857
0.788	32.749
0.743	28.476
0.741	28.116
0.837	37.533
0.803	34.198
0.815	36.761
0.85	38.52
0.852	38.995
0.765	31.759
0.87	44.451
0.868	44.146
0.811	36.269
0.835	37.255
0.782	32.226
0.786	32.501
0.749	28.857
0.745	28.594
0.855	39.703
0.854	39.442
0.837	37.533
0.836	37.284
0.854	39.442
0.853	39.196
0.787	32.526
0.839	37.92
0.8	33.529
0.802	33.994
0.853	39.196
0.87	44.451
0.75	28.859
0.741	28.116
0.766	31.945
0.849	38.315
0.743	28.476
0.764	31.752
0.725	27.903
0.723	27.493
0.764	31.752
0.813	36.27
0.744	28.514
0.871	44.525
0.768	32.008
0.727	27.976
0.726	27.93
0.729	28.007
0.767	31.963
0.744	28.514
0.839	37.92
0.728	27.978
0.836	37.284
0.726	27.93
0.787	32.526
