P=? [ F (x=9&y=9&crashed=0) ]	R{"cost"}=? [ C<=100 ]
0.972	40.21
0.76	24.372
0.972	40.21
0.914	33.185
0.779	28.23
0.913	29.95
0.786	28.497
0.834	28.53
0.962	39.204
0.955	35.791
0.855	28.598
0.91	29.61
0.835	28.565
0.854	28.567
0.875	28.608
0.779	28.23
0.92	33.706
0.955	35.791
0.952	35.078
0.902	29.177
0.88	28.659
0.888	28.686
0.902	29.177
0.92	33.706
0.94	34.267
0.962	39.204
0.926	33.833
0.954	35.472
0.894	28.716
0.946	34.686
0.945	34.287
0.934	34.024
0.939	34.038
0.953	35.455
0.948	35.026
0.898	29.122
0.944	34.277
0.937	34.033
0.889	28.692
0.897	28.831
0.931	34.022
0.971	40.071
0.969	39.807
0.965	39.471
0.964	39.211
0.876	28.639
0.784	28.407
0.88	28.659
0.78	28.247
0.971	40.071
0.966	39.606
0.928	33.887
0.928	33.887
0.926	33.833
0.968	39.806
0.966	39.606
0.947	34.883
0.946	34.686
0.784	28.407
0.78	28.247
0.931	34.022
0.947	34.883
0.965	39.471
0.9	29.148
0.9	29.148
0.969	39.807
0.968	39.806
0.897	28.831
0.896	28.765
0.785	28.436
0.952	35.078
0.948	35.026
0.896	28.765
0.895	28.718
0.834	28.53
0.786	28.497
0.785	28.436
0.888	28.686
0.898	29.122
0.889	28.692
0.876	28.639
0.953	35.455
0.875	28.608
0.945	34.287
0.94	34.267
0.964	39.211
0.963	39.206
0.963	39.206
0.895	28.718
0.972	40.21
0.779	28.23
0.955	35.791
0.902	29.177
0.92	33.706
0.962	39.204
0.88	28.659
0.971	40.071
0.928	33.887
0.926	33.833
0.966	39.606
