P=? [ F (x=9&y=9&crashed=0) ]	R{"cost"}=? [ C<=100 ]
0.977	41.206
0.868	32.534
0.977	41.206
0.868	32.534
0.956	39.06
0.955	35.777
0.886	33.087
0.912	33.133
0.869	32.583
0.937	34.249
0.922	34.233
0.884	33.085
0.952	35.077
0.92	33.889
0.965	39.46
0.915	33.539
0.968	39.884
0.884	33.085
0.944	34.291
0.972	40.059
0.976	40.768
0.92	33.889
0.954	35.433
0.952	35.077
0.965	39.46
0.956	39.06
0.947	34.735
0.967	39.526
0.954	35.433
0.915	33.539
0.955	35.777
0.947	34.735
0.914	33.208
0.946	34.662
0.945	34.369
0.973	40.321
0.975	40.603
0.974	40.371
0.972	40.059
0.968	39.884
0.976	40.768
0.975	40.603
0.913	33.135
0.886	33.087
0.922	34.233
0.945	34.369
0.914	33.208
0.946	34.662
0.974	40.371
0.973	40.321
0.912	33.133
0.967	39.526
0.966	39.483
0.944	34.291
0.966	39.483
0.868	32.534
0.977	41.206
0.884	33.085
0.92	33.889
0.952	35.077
0.965	39.46
0.956	39.06
0.954	35.433
0.915	33.539
0.947	34.735
0.972	40.059
0.968	39.884
0.976	40.768
0.975	40.603
0.886	33.087
0.922	34.233
0.945	34.369
0.946	34.662
0.974	40.371
0.973	40.321
0.912	33.133
0.967	39.526
0.944	34.291
0.914	33.208
0.868	32.534
0.884	33.085
0.92	33.889
0.952	35.077
0.954	35.433
0.968	39.884
0.975	40.603
0.922	34.233
0.945	34.369
0.946	34.662
0.974	40.371
0.973	40.321
0.912	33.133
0.967	39.526
0.944	34.291
0.914	33.208
0.868	32.534
0.884	33.085
0.92	33.889
0.952	35.077
0.954	35.433
