P=? [ F (x=9&y=9&crashed=0) ]	R{"cost"}=? [ C<=100 ]
0.626	23.31
0.796	48.44
0.796	48.44
0.626	23.31
0.685	27.32
0.653	26.864
0.646	26.477
0.627	23.37
0.76	41.596
0.758	38.545
0.783	46.911
0.781	43.925
0.646	26.477
0.692	28.669
0.627	23.37
0.711	31.059
0.711	31.059
0.692	28.669
0.751	37.0
0.792	47.756
0.787	47.392
0.743	35.993
0.743	35.993
0.737	35.148
0.735	34.148
0.761	41.647
0.723	32.62
0.647	26.685
0.689	28.062
0.687	27.438
0.653	26.864
0.726	32.678
0.772	42.777
0.731	33.151
0.689	28.062
0.741	35.553
0.685	27.32
0.766	41.676
0.739	35.449
0.734	34.055
0.779	43.362
0.776	42.968
0.691	28.58
0.721	32.104
0.729	33.115
0.728	32.758
0.718	31.499
0.795	48.103
0.758	38.545
0.777	43.046
0.752	37.07
0.753	37.32
0.768	41.923
0.738	35.256
0.65	26.832
0.754	37.38
0.714	31.106
0.716	31.479
0.784	46.987
0.767	41.681
0.769	41.991
0.781	43.925
0.756	37.965
0.755	37.603
0.771	42.521
0.77	42.162
0.733	33.708
0.732	33.498
0.72	32.034
0.719	31.688
0.712	31.102
0.78	43.699
0.65	26.832
0.757	38.219
0.793	47.933
0.742	35.819
0.687	27.438
0.771	42.521
0.737	35.148
0.715	31.224
0.757	38.219
0.756	37.965
0.778	43.29
0.735	34.148
0.691	28.58
0.78	43.699
0.783	46.911
0.755	37.603
0.721	32.104
0.733	33.708
0.732	33.498
0.723	32.62
0.76	41.596
0.776	42.968
0.772	42.777
0.719	31.688
0.785	47.163
0.742	35.819
0.786	47.221
0.77	42.162
