P=? [ F (x=9&y=9&crashed=0) ]	R{"cost"}=? [ C<=100 ]
0.937	55.456
0.937	55.456
0.795	33.04
0.795	33.04
0.827	33.912
0.848	37.596
0.805	33.905
0.925	52.957
0.886	42.982
0.837	35.289
0.885	40.711
0.903	45.737
0.874	39.145
0.861	38.818
0.92	50.89
0.905	47.481
0.837	35.289
0.832	34.323
0.926	53.401
0.92	50.89
0.933	54.302
0.802	33.7
0.919	50.278
0.834	35.195
0.91	48.915
0.802	33.7
0.934	54.538
0.933	54.302
0.926	53.401
0.857	38.633
0.853	38.166
0.861	38.818
0.9	44.751
0.889	43.067
0.856	38.276
0.882	39.679
0.917	49.67
0.914	49.008
0.832	34.323
0.898	44.205
0.934	54.538
0.909	48.411
0.905	47.481
0.874	39.145
0.892	43.788
0.907	47.826
0.883	40.14
0.901	45.209
0.876	39.405
0.881	39.652
0.899	44.602
0.902	45.596
0.901	45.209
0.852	37.942
0.89	43.445
0.918	49.906
0.85	37.85
0.907	47.826
0.896	44.161
0.805	33.905
0.908	48.144
0.916	49.431
0.915	49.119
0.884	40.45
0.883	40.14
0.894	43.988
0.876	39.405
0.909	48.411
0.908	48.144
0.885	40.711
0.884	40.45
0.891	43.53
0.916	49.431
0.836	35.208
0.918	49.906
0.879	39.582
0.878	39.524
0.896	44.161
0.849	37.657
0.857	38.633
0.894	43.988
0.834	35.195
0.899	44.602
0.902	45.596
0.893	43.85
0.878	39.524
0.915	49.119
0.856	38.276
0.914	49.008
0.91	48.915
0.852	37.942
0.85	37.85
0.889	43.067
0.891	43.53
0.886	42.982
0.89	43.445
0.879	39.582
0.893	43.85
0.849	37.657
0.898	44.205
