P=? [ F (x=9&y=9&crashed=0) ]	R{"cost"}=? [ C<=100 ]
0.943	59.917
0.813	32.966
0.943	59.917
0.813	32.966
0.934	54.878
0.918	53.523
0.942	59.635
0.917	49.784
0.908	48.674
0.9	45.188
0.876	43.007
0.875	40.428
0.837	37.145
0.851	37.35
0.834	37.021
0.908	48.674
0.9	45.188
0.942	59.635
0.926	54.806
0.833	35.435
0.934	54.878
0.886	43.054
0.925	54.542
0.827	34.175
0.879	43.036
0.814	33.044
0.824	33.781
0.899	44.89
0.925	54.542
0.918	53.523
0.817	33.392
0.893	43.884
0.856	37.803
0.856	37.803
0.869	39.298
0.817	33.392
0.874	40.115
0.821	33.691
0.89	43.658
0.837	37.145
0.91	49.038
0.862	38.682
0.87	39.333
0.898	44.37
0.872	39.905
0.912	49.322
0.91	49.038
0.859	38.286
0.887	43.329
0.853	37.42
0.859	38.286
0.889	43.421
0.897	44.143
0.879	43.036
0.828	34.601
0.873	39.946
0.916	49.58
0.83	35.095
0.853	37.42
0.86	38.326
0.914	49.433
0.867	38.973
0.866	38.915
0.914	49.433
0.912	49.322
0.832	35.329
0.829	34.913
0.828	34.601
0.864	38.756
0.871	39.636
0.821	33.691
0.895	44.028
0.862	38.682
0.871	39.636
0.867	38.973
0.823	33.754
0.86	38.326
0.832	35.329
0.83	35.095
0.898	44.37
0.89	43.658
0.851	37.35
0.917	49.784
0.829	34.913
0.916	49.58
0.834	37.021
0.897	44.143
0.895	44.028
0.833	35.435
0.865	38.856
0.889	43.421
0.887	43.329
0.894	43.951
0.864	38.756
0.926	54.806
0.894	43.951
0.852	37.357
0.865	38.856
0.822	33.739
0.886	43.054
