P=? [ F (x=9&y=9&crashed=0) ]	R{"cost"}=? [ C<=100 ]
0.916	49.791
0.759	27.423
0.916	49.791
0.759	27.423
0.779	28.329
0.907	47.967
0.9	44.948
0.804	32.2
0.886	42.88
0.884	40.255
0.765	27.986
0.798	30.372
0.914	49.111
0.853	37.183
0.852	35.082
0.825	32.303
0.813	32.275
0.874	38.496
0.793	30.35
0.865	38.26
0.783	28.78
0.813	32.275
0.783	28.78
0.9	44.948
0.908	48.106
0.907	47.967
0.855	37.502
0.908	48.106
0.804	32.2
0.789	29.561
0.761	27.713
0.79	29.577
0.86	37.512
0.798	30.372
0.832	33.45
0.789	29.561
0.84	33.644
0.841	33.88
0.837	33.601
0.892	43.661
0.875	38.711
0.889	42.956
0.826	32.528
0.829	32.859
0.895	43.716
0.898	44.501
0.897	44.101
0.915	49.506
0.763	27.952
0.884	40.255
0.879	39.002
0.862	37.689
0.835	33.558
0.882	39.838
0.881	39.511
0.853	37.183
0.881	39.511
0.88	39.2
0.852	35.082
0.85	34.774
0.793	30.35
0.877	38.842
0.79	29.577
0.849	34.658
0.847	34.361
0.83	33.154
0.915	49.506
0.891	43.51
0.89	43.231
0.89	43.231
0.877	38.842
0.899	44.68
0.847	34.361
0.846	34.242
0.85	34.774
0.849	34.658
0.76	27.456
0.827	32.636
0.835	33.558
0.844	34.123
0.843	34.02
0.897	44.101
0.896	43.861
0.874	38.496
0.865	38.26
0.883	40.022
0.829	32.859
0.827	32.636
0.886	42.88
0.88	39.2
0.864	38.08
0.863	37.883
0.831	33.254
0.863	37.883
0.883	40.022
0.882	39.838
0.864	38.08
0.899	44.68
0.898	44.501
0.862	37.689
