P=? [ F (x=9&y=9&crashed=0) ]	R{"cost"}=? [ C<=100 ]
0.715	32.39
0.837	59.775
0.715	32.39
0.837	59.775
0.83	57.57
0.828	54.996
0.801	46.992
0.79	43.816
0.737	33.564
0.725	33.225
0.79	43.816
0.801	46.992
0.748	36.584
0.744	34.32
0.77	41.023
0.767	39.053
0.818	52.262
0.812	50.342
0.835	59.15
0.83	57.57
0.835	59.15
0.821	52.888
0.779	42.026
0.818	52.262
0.812	50.342
0.722	33.215
0.774	41.275
0.751	37.094
0.779	42.026
0.717	32.395
0.756	37.271
0.807	49.0
0.774	41.275
0.758	37.493
0.823	53.841
0.744	34.32
0.722	33.215
0.717	32.395
0.809	49.566
0.808	49.018
0.725	33.225
0.803	47.463
0.806	48.245
0.748	36.584
0.783	42.2
0.767	39.053
0.785	42.399
0.771	41.191
0.77	41.023
0.739	33.733
0.811	50.149
0.81	49.646
0.741	33.742
0.789	43.59
0.788	43.117
0.761	37.688
0.766	38.819
0.765	38.376
0.784	42.226
0.738	33.646
0.827	54.605
0.82	52.859
0.819	52.469
0.824	53.852
0.805	48.092
0.804	47.745
0.737	33.564
0.827	54.605
0.826	54.289
0.826	54.289
0.825	53.985
0.743	34.06
0.742	33.762
0.787	42.914
0.786	42.62
0.804	47.745
0.743	34.06
0.802	47.206
0.75	36.847
0.764	38.157
0.763	37.916
0.823	53.841
0.766	38.819
0.789	43.59
0.786	42.62
0.763	37.916
0.762	37.695
0.765	38.376
0.764	38.157
0.802	47.206
0.819	52.469
0.788	43.117
0.787	42.914
0.75	36.847
0.749	36.647
0.761	37.688
0.811	50.149
0.756	37.271
0.751	37.094
0.783	42.2
