P=? [ F (x=9&y=9&crashed=0) ]	R{"cost"}=? [ C<=100 ]
0.899	67.079
0.73	32.99
0.899	67.079
0.73	32.99
0.856	47.183
0.89	65.568
0.888	57.189
0.798	38.513
0.76	33.915
0.889	60.63
0.888	57.189
0.873	52.269
0.84	44.838
0.869	51.451
0.769	37.445
0.741	33.161
0.889	60.63
0.812	41.624
0.813	42.03
0.812	41.624
0.746	33.462
0.873	52.269
0.869	51.451
0.82	43.253
0.783	37.95
0.852	46.411
0.782	37.718
0.821	43.321
0.77	37.466
0.833	43.609
0.76	33.915
0.794	38.077
0.898	66.639
0.852	46.411
0.769	37.445
0.746	33.462
0.854	46.673
0.898	66.639
0.89	65.568
0.836	43.61
0.833	43.609
0.838	44.132
0.839	44.319
0.855	47.158
0.794	38.077
0.796	38.125
0.87	51.755
0.821	43.321
0.797	38.229
0.837	43.851
0.871	52.009
0.87	51.755
0.782	37.718
0.77	37.466
0.837	43.851
0.872	52.243
0.871	52.009
0.839	44.319
0.797	38.229
0.796	38.125
0.872	52.243
0.855	47.158
0.73	32.99
0.899	67.079
0.889	60.63
0.812	41.624
0.873	52.269
0.782	37.718
0.76	33.915
0.869	51.451
0.769	37.445
0.746	33.462
0.898	66.639
0.89	65.568
0.833	43.609
0.855	47.158
0.821	43.321
0.87	51.755
0.871	52.009
0.837	43.851
0.839	44.319
0.797	38.229
0.872	52.243
0.73	32.99
0.899	67.079
0.889	60.63
0.812	41.624
0.873	52.269
0.869	51.451
0.769	37.445
0.898	66.639
0.89	65.568
0.833	43.609
0.821	43.321
0.87	51.755
0.839	44.319
0.872	52.243
0.782	37.718
0.899	67.079
0.73	32.99
