P=? [ F (x=9&y=9&crashed=0) ]	R{"cost"}=? [ C<=100 ]
0.855	49.941
0.719	28.765
0.855	49.941
0.719	28.765
0.759	33.212
0.822	43.616
0.733	29.855
0.854	46.415
0.733	29.855
0.841	44.579
0.821	41.189
0.836	43.72
0.783	36.71
0.728	29.224
0.773	35.308
0.768	33.719
0.793	37.696
0.797	38.496
0.762	33.28
0.804	39.026
0.85	45.849
0.85	45.849
0.793	37.696
0.783	36.71
0.808	39.748
0.728	29.224
0.782	36.116
0.731	29.788
0.768	33.719
0.773	35.308
0.813	40.223
0.766	33.658
0.804	39.026
0.797	38.496
0.766	33.658
0.839	44.399
0.837	43.889
0.777	35.694
0.775	35.342
0.796	38.012
0.813	40.223
0.808	39.748
0.805	39.469
0.731	29.788
0.807	39.584
0.821	41.189
0.82	40.85
0.84	44.409
0.837	43.889
0.782	36.116
0.78	35.817
0.818	40.649
0.817	40.366
0.777	35.694
0.775	35.342
0.853	46.233
0.78	35.817
0.779	35.791
0.852	46.061
0.851	45.881
0.853	46.233
0.852	46.061
0.82	40.85
0.819	40.679
0.839	44.399
0.796	38.012
0.795	37.85
0.794	37.82
0.836	43.72
0.822	43.616
0.779	35.791
0.806	39.539
0.805	39.469
0.806	39.539
0.815	40.295
0.814	40.256
0.817	40.366
0.816	40.33
0.816	40.33
0.815	40.295
0.814	40.256
0.851	45.881
0.819	40.679
0.795	37.85
0.818	40.649
0.794	37.82
0.719	28.765
0.855	49.941
0.733	29.855
0.85	45.849
0.783	36.71
0.728	29.224
0.768	33.719
0.773	35.308
0.804	39.026
0.797	38.496
0.813	40.223
0.808	39.748
0.731	29.788
0.837	43.889
