P=? [ F (x=9&y=9&crashed=0) ]	R{"cost"}=? [ C<=100 ]
0.854	51.522
0.854	51.522
0.702	28.684
0.702	28.684
0.84	51.407
0.838	46.167
0.834	45.417
0.822	40.865
0.813	39.88
0.726	33.04
0.746	33.074
0.724	31.74
0.724	31.74
0.71	29.509
0.798	38.674
0.71	29.509
0.834	45.417
0.776	35.261
0.796	38.626
0.787	36.842
0.822	40.865
0.764	35.001
0.787	36.842
0.796	38.626
0.798	38.674
0.748	33.187
0.725	32.093
0.784	36.418
0.703	29.166
0.753	33.193
0.816	40.087
0.757	34.078
0.755	33.413
0.706	29.206
0.818	40.511
0.835	45.737
0.837	46.151
0.835	45.737
0.817	40.13
0.725	32.093
0.786	36.743
0.763	34.971
0.762	34.669
0.777	35.561
0.82	40.679
0.782	36.143
0.781	35.867
0.707	29.475
0.757	34.078
0.776	35.261
0.764	35.001
0.78	35.843
0.778	35.587
0.786	36.743
0.783	36.174
0.759	34.428
0.758	34.192
0.755	33.413
0.746	33.074
0.761	34.666
0.76	34.483
0.778	35.587
0.78	35.843
0.82	40.679
0.818	40.511
0.838	46.167
0.837	46.151
0.821	40.824
0.754	33.333
0.758	34.192
0.754	33.333
0.76	34.483
0.759	34.428
0.817	40.13
0.821	40.824
0.706	29.206
0.703	29.166
0.726	33.04
0.797	38.642
0.783	36.174
0.782	36.143
0.763	34.971
0.777	35.561
0.709	29.483
0.781	35.867
0.797	38.642
0.753	33.193
0.709	29.483
0.708	29.477
0.762	34.669
0.761	34.666
0.708	29.477
0.707	29.475
0.724	31.74
0.71	29.509
0.834	45.417
0.822	40.865
0.787	36.842
0.796	38.626
0.798	38.674
