P=? [ F (x=9&y=9&crashed=0) ]	R{"cost"}=? [ C<=100 ]
0.67	29.332
0.888	56.94
0.888	56.94
0.722	32.182
0.754	33.056
0.723	32.215
0.877	55.34
0.873	52.267
0.722	32.182
0.857	47.327
0.858	50.037
0.761	34.605
0.778	35.81
0.779	36.213
0.822	43.489
0.82	41.525
0.793	37.498
0.817	40.753
0.803	40.389
0.798	38.604
0.839	44.379
0.799	39.932
0.793	37.498
0.779	36.213
0.754	33.056
0.778	35.81
0.761	34.605
0.829	43.948
0.863	51.15
0.887	56.786
0.887	56.786
0.879	55.792
0.846	45.883
0.852	46.271
0.879	55.792
0.758	33.403
0.723	32.215
0.877	55.34
0.829	43.948
0.76	33.93
0.868	51.346
0.862	50.819
0.801	40.379
0.873	52.267
0.82	41.525
0.846	45.883
0.854	46.639
0.803	40.389
0.844	45.528
0.855	46.985
0.759	33.87
0.844	45.528
0.842	45.195
0.799	39.932
0.861	50.702
0.839	44.379
0.794	37.525
0.797	38.41
0.796	37.99
0.819	41.123
0.878	55.731
0.852	46.271
0.817	40.753
0.86	50.506
0.859	50.153
0.819	41.123
0.818	40.774
0.758	33.403
0.84	44.723
0.853	46.614
0.857	47.327
0.855	46.985
0.842	45.195
0.841	44.864
0.826	43.905
0.795	37.795
0.871	51.843
0.87	51.588
0.825	43.865
0.824	43.614
0.872	52.082
0.871	51.843
0.822	43.489
0.868	51.346
0.86	50.506
0.796	37.99
0.795	37.795
0.797	38.41
0.872	52.082
0.84	44.723
0.841	44.864
0.801	40.379
0.869	51.475
0.859	50.153
0.858	50.037
0.87	51.588
0.869	51.475
0.823	43.585
0.878	55.731
0.76	33.93
