P=? [ F (x=9&y=9&crashed=0) ]	R{"cost"}=? [ C<=100 ]
0.88	61.63
0.726	33.913
0.88	61.63
0.726	33.913
0.879	61.544
0.864	54.872
0.864	54.872
0.756	36.102
0.836	43.802
0.779	36.153
0.853	46.376
0.854	49.979
0.863	51.621
0.749	34.852
0.733	34.66
0.823	41.775
0.794	39.045
0.851	45.986
0.823	41.775
0.785	37.041
0.794	39.045
0.785	37.041
0.8	40.097
0.859	50.675
0.753	35.238
0.843	45.254
0.809	40.963
0.815	41.124
0.799	39.5
0.728	34.306
0.753	35.238
0.843	45.254
0.749	34.852
0.819	41.5
0.855	50.019
0.822	41.504
0.808	40.888
0.855	50.019
0.863	51.621
0.861	51.047
0.804	40.626
0.728	34.306
0.803	40.617
0.818	41.182
0.861	51.047
0.838	44.417
0.837	43.927
0.84	44.846
0.78	36.633
0.797	39.395
0.756	36.102
0.842	45.217
0.84	44.846
0.803	40.617
0.731	34.647
0.852	46.014
0.797	39.395
0.731	34.647
0.815	41.124
0.86	50.724
0.839	44.537
0.808	40.888
0.804	40.626
0.784	36.789
0.842	45.217
0.817	41.163
0.781	36.652
0.733	34.66
0.783	36.78
0.809	40.963
0.783	36.78
0.781	36.652
0.837	43.927
0.839	44.537
0.838	44.417
0.798	39.494
0.779	36.153
0.86	50.724
0.854	49.979
0.817	41.163
0.852	46.014
0.78	36.633
0.784	36.789
0.732	34.655
0.798	39.494
0.732	34.655
0.822	41.504
0.819	41.5
0.88	61.63
0.726	33.913
0.864	54.872
0.823	41.775
0.794	39.045
0.785	37.041
0.843	45.254
0.753	35.238
0.863	51.621
0.728	34.306
0.861	51.047
0.756	36.102
