P=? [ F (x=9&y=9&crashed=0) ]	R{"cost"}=? [ C<=100 ]
0.881	61.647
0.724	34.811
0.881	61.647
0.724	34.811
0.88	57.275
0.742	35.369
0.742	35.369
0.762	36.549
0.869	55.538
0.863	52.507
0.814	41.67
0.845	48.65
0.774	38.342
0.764	36.564
0.774	38.342
0.844	46.889
0.804	40.813
0.785	39.342
0.764	36.564
0.861	51.644
0.762	36.549
0.776	38.642
0.799	40.232
0.817	43.086
0.826	43.84
0.792	39.946
0.815	41.957
0.82	43.767
0.863	52.507
0.791	39.815
0.869	55.538
0.784	39.248
0.804	40.813
0.843	46.35
0.817	43.086
0.829	44.233
0.853	50.37
0.83	44.687
0.862	52.324
0.819	43.759
0.875	56.23
0.8	40.527
0.879	57.089
0.847	49.37
0.858	50.802
0.851	49.784
0.875	56.23
0.872	55.69
0.844	46.889
0.779	38.984
0.86	51.14
0.838	45.875
0.876	56.532
0.791	39.815
0.837	45.769
0.853	50.37
0.815	41.957
0.841	46.069
0.846	48.918
0.877	56.541
0.828	44.086
0.803	40.717
0.781	38.993
0.85	49.775
0.848	49.378
0.872	55.69
0.781	38.993
0.779	38.984
0.84	45.928
0.835	45.371
0.834	45.073
0.856	50.779
0.855	50.658
0.855	50.658
0.799	40.232
0.792	39.946
0.878	56.811
0.833	44.973
0.878	56.811
0.831	44.786
0.846	48.918
0.859	51.033
0.871	55.655
0.836	45.576
0.835	45.371
0.836	45.576
0.803	40.717
0.8	40.527
0.833	44.973
0.831	44.786
0.88	57.275
0.862	52.324
0.851	49.784
0.85	49.775
0.848	49.378
0.819	43.759
0.842	46.21
0.842	46.21
0.827	43.959
0.827	43.959
