P=? [ F (x=9&y=9&crashed=0) ]	R{"cost"}=? [ C<=100 ]
0.897	62.429
0.655	29.001
0.897	62.429
0.655	29.001
0.727	29.263
0.657	29.221
0.731	29.851
0.877	56.186
0.888	56.997
0.895	61.419
0.872	52.234
0.855	49.076
0.74	32.878
0.854	46.58
0.742	33.006
0.886	56.543
0.781	36.473
0.793	37.494
0.82	41.502
0.866	50.771
0.808	39.986
0.855	49.076
0.833	43.166
0.833	43.166
0.82	41.502
0.866	50.771
0.754	33.314
0.768	34.508
0.816	40.356
0.84	44.651
0.888	56.997
0.895	61.419
0.769	35.065
0.74	32.878
0.793	37.494
0.896	61.869
0.849	45.575
0.775	35.403
0.781	36.473
0.798	38.723
0.872	52.234
0.78	35.82
0.758	33.414
0.849	45.575
0.84	44.651
0.877	56.186
0.765	33.747
0.804	38.962
0.868	51.035
0.806	39.178
0.837	43.998
0.758	33.414
0.754	33.314
0.819	41.106
0.817	40.388
0.766	33.793
0.836	43.494
0.87	51.789
0.795	38.072
0.852	46.308
0.819	41.106
0.808	39.986
0.834	43.195
0.869	51.329
0.727	29.263
0.87	51.789
0.777	35.816
0.776	35.815
0.851	45.899
0.805	39.128
0.775	35.403
0.769	35.065
0.765	33.747
0.797	38.41
0.797	38.41
0.796	38.1
0.835	43.493
0.869	51.329
0.851	45.899
0.85	45.607
0.854	46.58
0.852	46.308
0.839	44.387
0.839	44.387
0.838	44.138
0.804	38.962
0.798	38.723
0.806	39.178
0.766	33.793
0.657	29.221
0.817	40.388
0.795	38.072
0.838	44.138
0.85	45.607
0.796	38.1
0.78	35.82
0.776	35.815
0.835	43.493
0.897	62.429
0.655	29.001
