P=? [ F (x=9&y=9&crashed=0) ]	R{"cost"}=? [ C<=100 ]
0.677	30.184
0.879	55.721
0.879	55.721
0.677	30.184
0.694	31.036
0.728	32.998
0.873	52.439
0.694	31.036
0.877	55.583
0.859	50.242
0.857	47.368
0.788	37.062
0.728	32.998
0.757	33.709
0.743	33.419
0.816	40.572
0.825	42.116
0.775	35.595
0.729	33.132
0.835	43.637
0.825	42.116
0.835	43.637
0.761	35.276
0.764	35.478
0.805	40.568
0.741	33.249
0.795	38.149
0.795	38.149
0.819	41.126
0.862	50.714
0.76	34.388
0.799	39.047
0.863	51.102
0.85	45.866
0.844	45.038
0.84	44.915
0.846	45.758
0.8	39.684
0.785	36.978
0.797	38.479
0.759	33.919
0.867	51.567
0.838	44.379
0.837	44.042
0.857	47.368
0.855	46.981
0.861	50.331
0.872	52.077
0.853	46.609
0.852	46.236
0.855	46.981
0.87	51.951
0.867	51.567
0.823	41.388
0.783	36.503
0.76	34.388
0.863	51.102
0.838	44.379
0.798	38.938
0.796	38.463
0.818	40.832
0.845	45.477
0.757	33.709
0.801	40.092
0.8	39.684
0.803	40.382
0.824	41.723
0.869	51.685
0.853	46.609
0.852	46.236
0.764	35.478
0.779	36.071
0.778	35.847
0.836	43.982
0.783	36.503
0.824	41.723
0.743	33.419
0.822	41.354
0.845	45.477
0.802	40.112
0.85	45.866
0.778	35.847
0.776	35.616
0.822	41.354
0.817	40.798
0.782	36.286
0.842	45.005
0.84	44.915
0.859	50.242
0.759	33.919
0.781	36.26
0.779	36.071
0.803	40.382
0.785	36.978
0.787	37.028
0.842	45.005
0.781	36.26
0.776	35.616
0.805	40.568
0.742	33.296
