P=? [ F (x=9&y=9&crashed=0) ]	R{"cost"}=? [ C<=100 ]
0.643	28.994
0.861	51.386
0.861	51.386
0.643	28.994
0.859	51.174
0.853	46.436
0.701	30.088
0.733	30.485
0.673	29.012
0.644	28.997
0.694	29.266
0.673	29.012
0.791	38.614
0.786	36.711
0.755	33.587
0.747	32.101
0.825	41.887
0.833	43.274
0.825	41.887
0.777	35.244
0.755	33.587
0.811	40.049
0.844	45.127
0.838	43.939
0.756	34.158
0.795	38.828
0.747	32.101
0.769	35.097
0.853	46.436
0.784	36.657
0.782	35.844
0.803	38.833
0.806	39.295
0.695	29.788
0.859	51.174
0.833	43.274
0.738	30.764
0.836	43.475
0.844	45.127
0.838	43.939
0.824	41.207
0.822	40.993
0.82	40.324
0.806	39.295
0.741	31.361
0.763	34.209
0.733	30.485
0.849	45.551
0.741	31.361
0.78	35.826
0.837	43.764
0.817	40.079
0.742	31.809
0.805	39.039
0.845	45.304
0.791	38.614
0.786	36.711
0.811	40.049
0.764	34.235
0.765	34.538
0.852	46.056
0.746	31.844
0.777	35.244
0.736	30.729
0.804	38.874
0.82	40.324
0.819	40.121
0.767	34.832
0.765	34.538
0.85	45.843
0.694	29.266
0.768	34.845
0.849	45.551
0.845	45.304
0.738	30.764
0.736	30.729
0.698	29.859
0.699	29.872
0.78	35.826
0.834	43.276
0.852	46.056
0.851	45.875
0.824	41.207
0.823	41.032
0.792	38.663
0.785	36.674
0.769	35.097
0.793	38.684
0.822	40.993
0.817	40.079
0.744	31.82
0.793	38.684
0.781	35.831
0.784	36.657
0.699	29.872
0.782	35.844
0.767	34.832
0.744	31.82
0.834	43.276
0.698	29.859
