P=? [ F (x=9&y=9&crashed=0) ]	R{"cost"}=? [ C<=100 ]
0.888	49.709
0.608	22.534
0.666	27.14
0.786	27.341
0.618	26.224
0.884	49.147
0.666	27.14
0.842	28.363
0.88	44.785
0.844	32.145
0.823	27.543
0.786	27.341
0.874	43.211
0.871	40.282
0.858	37.179
0.857	34.555
0.618	26.224
0.88	44.785
0.878	43.519
0.834	27.929
0.871	40.282
0.869	39.082
0.823	27.543
0.862	37.469
0.856	33.571
0.834	27.929
0.857	34.555
0.864	38.35
0.842	28.363
0.874	43.211
0.851	32.863
0.864	38.35
0.847	32.508
0.844	32.145
0.878	43.519
0.853	33.263
0.851	32.863
0.849	32.569
0.862	37.469
0.865	38.732
0.869	39.082
0.866	38.845
0.854	33.46
0.853	33.263
0.858	37.179
0.847	32.508
0.866	38.845
0.849	32.569
0.865	38.732
0.856	33.571
0.854	33.46
0.666	27.14
0.786	27.341
0.618	26.224
0.88	44.785
0.871	40.282
0.823	27.543
0.834	27.929
0.857	34.555
0.842	28.363
0.874	43.211
0.864	38.35
0.844	32.145
0.878	43.519
0.851	32.863
0.862	37.469
0.869	39.082
0.853	33.263
0.858	37.179
0.847	32.508
0.866	38.845
0.849	32.569
0.865	38.732
0.856	33.571
0.854	33.46
0.666	27.14
0.786	27.341
0.618	26.224
0.88	44.785
0.871	40.282
0.834	27.929
0.857	34.555
0.842	28.363
0.874	43.211
0.864	38.35
0.844	32.145
0.878	43.519
0.851	32.863
0.862	37.469
0.869	39.082
0.853	33.263
0.858	37.179
0.847	32.508
0.866	38.845
0.849	32.569
0.865	38.732
0.856	33.571
0.854	33.46
0.618	26.224
0.666	27.14
