P=? [ F (x=9&y=9&crashed=0) ]	R{"cost"}=? [ C<=100 ]
0.609	22.606
0.878	44.041
0.609	22.606
0.682	26.481
0.854	32.865
0.872	43.421
0.682	26.481
0.869	38.64
0.855	37.73
0.701	26.602
0.761	27.153
0.841	31.717
0.828	29.281
0.762	27.189
0.79	27.252
0.699	26.55
0.793	27.325
0.809	27.498
0.841	31.717
0.828	29.281
0.872	43.421
0.819	28.546
0.821	28.583
0.817	27.953
0.827	29.162
0.761	27.153
0.701	26.602
0.816	27.668
0.827	29.162
0.865	38.357
0.869	38.64
0.821	28.583
0.847	32.154
0.856	37.796
0.851	32.498
0.817	27.953
0.865	38.357
0.847	32.154
0.859	37.863
0.862	38.024
0.85	32.427
0.809	27.498
0.813	27.66
0.842	31.883
0.851	32.498
0.85	32.427
0.859	37.863
0.845	31.928
0.863	38.149
0.863	38.149
0.793	27.325
0.862	38.024
0.811	27.499
0.79	27.252
0.792	27.262
0.845	31.928
0.844	31.89
0.819	28.546
0.812	27.57
0.812	27.57
0.699	26.55
0.855	37.73
0.762	27.189
0.7	26.558
0.792	27.262
0.7	26.558
0.813	27.66
0.844	31.89
0.842	31.883
0.811	27.499
0.609	22.606
0.682	26.481
0.841	31.717
0.828	29.281
0.872	43.421
0.761	27.153
0.701	26.602
0.827	29.162
0.869	38.64
0.821	28.583
0.865	38.357
0.847	32.154
0.859	37.863
0.809	27.498
0.85	32.427
0.855	37.73
0.863	38.149
0.793	27.325
0.813	27.66
0.862	38.024
0.851	32.498
0.79	27.252
0.845	31.928
0.819	28.546
0.817	27.953
0.812	27.57
0.699	26.55
0.762	27.189
0.792	27.262
0.7	26.558
