P=? [ F (x=9&y=9&crashed=0) ]	R{"cost"}=? [ C<=100 ]
0.917	60.443
0.77	27.997
0.917	60.443
0.788	30.291
0.826	32.777
0.908	55.27
0.857	38.054
0.915	59.889
0.908	55.27
0.907	50.751
0.904	49.933
0.899	45.719
0.882	43.477
0.881	40.315
0.788	30.291
0.84	33.745
0.859	39.134
0.845	35.36
0.845	35.36
0.826	32.777
0.832	33.518
0.783	28.983
0.868	39.409
0.784	30.046
0.844	35.243
0.915	59.889
0.899	45.719
0.871	39.644
0.888	44.701
0.776	28.735
0.877	39.78
0.894	44.837
0.883	44.272
0.858	38.134
0.776	28.735
0.904	49.933
0.778	28.766
0.84	33.745
0.882	43.477
0.844	35.243
0.916	60.047
0.83	32.949
0.827	32.887
0.907	50.751
0.906	50.216
0.87	39.432
0.898	45.28
0.778	28.766
0.831	33.105
0.888	44.701
0.868	39.409
0.859	39.134
0.886	44.513
0.885	44.465
0.88	40.196
0.879	39.937
0.906	50.216
0.905	49.969
0.784	30.046
0.897	45.097
0.896	44.877
0.885	44.465
0.883	44.272
0.886	44.513
0.898	45.28
0.897	45.097
0.831	33.105
0.879	39.937
0.878	39.785
0.894	44.837
0.877	39.78
0.871	39.644
0.881	40.315
0.88	40.196
0.858	38.134
0.83	32.949
0.827	32.887
0.905	49.969
0.896	44.877
0.895	44.842
0.869	39.412
0.878	39.785
0.895	44.842
0.869	39.412
0.776	28.735
0.917	60.443
0.908	55.27
0.788	30.291
0.845	35.36
0.826	32.777
0.915	59.889
0.899	45.719
0.882	43.477
0.844	35.243
0.778	28.766
0.907	50.751
0.888	44.701
0.871	39.644
0.868	39.409
0.906	50.216
