P=? [ F (x=9&y=9&crashed=0) ]	R{"cost"}=? [ C<=100 ]
0.624	22.726
0.899	50.677
0.899	50.677
0.624	22.726
0.716	26.758
0.718	26.946
0.784	27.768
0.898	45.388
0.887	44.478
0.859	39.079
0.881	40.248
0.716	26.758
0.858	35.772
0.806	30.49
0.818	32.392
0.874	39.15
0.784	27.768
0.806	30.49
0.818	32.392
0.801	29.454
0.718	26.946
0.841	33.733
0.803	30.343
0.82	32.493
0.847	33.858
0.881	40.248
0.799	28.987
0.798	28.98
0.795	28.349
0.893	44.558
0.825	32.803
0.79	27.808
0.85	34.19
0.887	44.478
0.801	29.454
0.856	35.365
0.852	34.591
0.856	35.365
0.854	34.975
0.854	34.975
0.852	34.591
0.825	32.803
0.85	34.19
0.794	28.33
0.791	27.909
0.858	35.772
0.839	33.33
0.829	32.851
0.832	33.099
0.836	33.172
0.847	33.858
0.791	27.909
0.898	45.388
0.897	45.137
0.877	39.495
0.875	39.262
0.897	45.137
0.896	44.905
0.879	39.839
0.878	39.608
0.88	40.017
0.841	33.733
0.838	33.218
0.795	28.349
0.794	28.33
0.877	39.495
0.875	39.262
0.839	33.33
0.798	28.98
0.88	40.017
0.879	39.839
0.804	30.413
0.803	30.343
0.895	44.792
0.894	44.67
0.896	44.905
0.878	39.608
0.895	44.792
0.894	44.67
0.831	33.044
0.83	32.942
0.83	32.942
0.893	44.558
0.804	30.413
0.836	33.172
0.832	33.099
0.819	32.464
0.874	39.15
0.859	39.079
0.831	33.044
0.829	32.851
0.79	27.808
0.837	33.206
0.819	32.464
0.837	33.206
0.899	50.677
0.624	22.726
0.716	26.758
0.784	27.768
0.806	30.49
