P=? [ F (x=9&y=9&crashed=0) ]	R{"cost"}=? [ C<=100 ]
0.888	44.947
0.695	23.46
0.888	44.947
0.695	23.46
0.765	27.532
0.704	23.547
0.765	27.532
0.879	40.03
0.82	29.772
0.704	23.547
0.822	32.498
0.789	27.81
0.809	28.078
0.875	39.418
0.856	37.908
0.854	37.607
0.79	27.819
0.848	35.658
0.875	39.418
0.816	28.936
0.856	37.908
0.879	40.03
0.848	35.658
0.854	37.607
0.844	34.683
0.842	33.946
0.811	28.478
0.815	28.554
0.702	23.516
0.696	23.49
0.835	33.176
0.878	39.775
0.83	32.849
0.835	33.176
0.845	35.003
0.844	34.683
0.847	35.346
0.842	33.946
0.841	33.666
0.826	32.557
0.809	28.078
0.827	32.808
0.878	39.775
0.847	35.346
0.845	35.003
0.83	32.849
0.839	33.42
0.789	27.81
0.829	32.838
0.79	27.819
0.841	33.666
0.839	33.42
0.825	32.538
0.838	33.227
0.811	28.478
0.822	32.498
0.702	23.516
0.837	33.219
0.815	28.554
0.837	33.219
0.825	32.538
0.827	32.808
0.696	23.49
0.838	33.227
0.888	44.947
0.695	23.46
0.765	27.532
0.704	23.547
0.875	39.418
0.879	40.03
0.848	35.658
0.822	32.498
0.835	33.176
0.844	34.683
0.842	33.946
0.809	28.078
0.878	39.775
0.847	35.346
0.845	35.003
0.83	32.849
0.789	27.81
0.79	27.819
0.841	33.666
0.839	33.42
0.702	23.516
0.837	33.219
0.825	32.538
0.827	32.808
0.696	23.49
0.838	33.227
0.888	44.947
0.695	23.46
0.765	27.532
0.704	23.547
0.875	39.418
0.879	40.03
0.848	35.658
0.809	28.078
0.822	32.498
0.835	33.176
