P=? [ F (x=9&y=9&crashed=0) ]	R{"cost"}=? [ C<=100 ]
0.812	28.126
0.895	44.668
0.895	44.668
0.812	28.126
0.879	43.834
0.878	39.612
0.858	38.627
0.828	32.75
0.856	35.328
0.825	30.688
0.838	33.145
0.867	39.185
0.874	39.194
0.821	30.303
0.82	29.364
0.853	34.922
0.851	34.215
0.841	33.589
0.863	38.741
0.846	33.807
0.828	32.75
0.825	30.688
0.882	43.94
0.889	44.293
0.856	35.328
0.853	34.922
0.885	44.245
0.851	34.215
0.848	33.811
0.815	28.579
0.839	33.464
0.823	30.37
0.818	29.274
0.846	33.807
0.841	33.589
0.878	39.612
0.875	39.196
0.848	33.811
0.875	39.196
0.865	38.961
0.815	28.579
0.813	28.182
0.838	33.145
0.816	28.97
0.858	38.627
0.882	43.94
0.884	44.239
0.893	44.371
0.823	30.37
0.817	29.018
0.813	28.182
0.865	38.961
0.867	39.185
0.89	44.301
0.884	44.239
0.893	44.371
0.892	44.37
0.864	38.762
0.839	33.464
0.863	38.741
0.82	29.364
0.818	29.274
0.892	44.37
0.89	44.301
0.821	30.303
0.889	44.293
0.817	29.018
0.885	44.245
0.816	28.97
0.864	38.762
0.874	39.194
0.812	28.126
0.895	44.668
0.828	32.75
0.825	30.688
0.856	35.328
0.853	34.922
0.851	34.215
0.846	33.807
0.878	39.612
0.848	33.811
0.875	39.196
0.815	28.579
0.838	33.145
0.858	38.627
0.882	43.94
0.823	30.37
0.813	28.182
0.865	38.961
0.867	39.185
0.884	44.239
0.893	44.371
0.839	33.464
0.863	38.741
0.82	29.364
0.818	29.274
0.892	44.37
0.89	44.301
0.821	30.303
0.889	44.293
