P=? [ F (x=9&y=9&crashed=0) ]	R{"cost"}=? [ C<=100 ]
0.82	50.48
0.665	28.426
0.665	28.426
0.82	50.48
0.704	28.931
0.71	33.309
0.806	48.977
0.783	43.115
0.782	38.619
0.709	29.643
0.805	45.65
0.776	37.828
0.759	34.541
0.759	34.541
0.776	37.828
0.724	33.333
0.816	49.388
0.74	33.449
0.737	33.41
0.752	33.512
0.725	33.355
0.794	43.681
0.786	43.616
0.706	29.241
0.804	45.442
0.803	44.791
0.704	28.931
0.8	44.31
0.754	33.545
0.781	38.473
0.817	49.81
0.797	44.146
0.819	50.288
0.818	49.874
0.816	49.388
0.806	48.977
0.784	43.381
0.756	33.949
0.74	33.449
0.737	33.41
0.801	44.647
0.758	34.411
0.757	34.077
0.708	29.566
0.795	43.997
0.756	33.949
0.783	43.115
0.784	43.381
0.708	29.566
0.805	45.65
0.804	45.442
0.786	43.616
0.752	33.512
0.819	50.288
0.78	38.293
0.754	33.545
0.778	38.107
0.777	37.941
0.8	44.31
0.797	44.146
0.782	38.619
0.803	44.791
0.802	44.65
0.796	44.015
0.758	34.411
0.757	34.077
0.78	38.293
0.779	38.167
0.777	37.941
0.709	29.643
0.818	49.874
0.817	49.81
0.779	38.167
0.778	38.107
0.725	33.355
0.71	33.309
0.796	44.015
0.795	43.997
0.802	44.65
0.801	44.647
0.82	50.48
0.665	28.426
0.759	34.541
0.776	37.828
0.704	28.931
0.816	49.388
0.806	48.977
0.74	33.449
0.737	33.41
0.756	33.949
0.783	43.115
0.784	43.381
0.708	29.566
0.786	43.616
0.805	45.65
0.804	45.442
0.819	50.288
0.754	33.545
0.8	44.31
0.797	44.146
