P=? [ F (x=9&y=9&crashed=0) ]	R{"cost"}=? [ C<=100 ]
0.668	28.553
0.81	53.732
0.81	53.732
0.668	28.553
0.795	48.751
0.704	29.001
0.794	42.567
0.752	33.503
0.725	33.355
0.801	50.196
0.715	32.772
0.705	29.013
0.789	41.855
0.767	37.275
0.778	38.295
0.755	33.863
0.801	50.196
0.755	33.863
0.778	38.295
0.767	37.275
0.789	41.855
0.715	32.772
0.705	29.013
0.795	48.751
0.793	42.33
0.724	33.333
0.719	33.177
0.769	37.316
0.777	38.02
0.775	37.807
0.771	37.803
0.77	37.769
0.704	29.001
0.754	33.533
0.792	42.009
0.791	41.899
0.717	33.13
0.716	32.86
0.794	42.567
0.776	37.845
0.724	33.333
0.719	33.177
0.752	33.503
0.725	33.355
0.792	42.009
0.716	32.86
0.791	41.899
0.769	37.316
0.776	37.845
0.77	37.769
0.718	33.156
0.717	33.13
0.753	33.528
0.718	33.156
0.754	33.533
0.753	33.528
0.775	37.807
0.771	37.803
0.81	53.732
0.668	28.553
0.801	50.196
0.778	38.295
0.767	37.275
0.789	41.855
0.715	32.772
0.705	29.013
0.795	48.751
0.704	29.001
0.794	42.567
0.724	33.333
0.719	33.177
0.752	33.503
0.725	33.355
0.792	42.009
0.716	32.86
0.791	41.899
0.769	37.316
0.776	37.845
0.77	37.769
0.717	33.13
0.718	33.156
0.754	33.533
0.753	33.528
0.775	37.807
0.771	37.803
0.668	28.553
0.801	50.196
0.767	37.275
0.778	38.295
0.789	41.855
0.715	32.772
0.705	29.013
0.795	48.751
0.704	29.001
0.794	42.567
0.724	33.333
0.719	33.177
0.752	33.503
0.725	33.355
0.792	42.009
