P=? [ F (x=9&y=9&crashed=0) ]	R{"cost"}=? [ C<=100 ]
0.855	51.881
0.695	33.99
0.695	33.99
0.855	51.881
0.831	50.075
0.83	47.078
0.707	35.2
0.799	44.376
0.798	41.667
0.753	38.555
0.742	36.226
0.726	35.302
0.837	50.611
0.851	50.941
0.765	38.855
0.742	36.226
0.696	34.258
0.807	45.469
0.776	39.49
0.818	45.688
0.707	35.2
0.753	38.555
0.786	40.327
0.732	35.605
0.696	34.258
0.774	39.248
0.786	40.327
0.776	39.49
0.762	38.575
0.755	38.573
0.739	35.83
0.788	40.631
0.801	44.999
0.8	44.452
0.854	51.334
0.805	45.214
0.833	50.298
0.818	45.688
0.726	35.302
0.787	40.346
0.833	50.298
0.796	41.405
0.795	40.998
0.83	47.078
0.829	46.674
0.774	39.248
0.824	45.939
0.821	45.806
0.741	35.872
0.775	39.251
0.792	40.719
0.764	38.62
0.821	45.806
0.73	35.321
0.807	45.469
0.851	50.941
0.836	50.594
0.731	35.325
0.802	45.051
0.805	45.214
0.798	41.667
0.797	41.418
0.794	40.98
0.793	40.736
0.836	50.594
0.828	46.513
0.827	46.276
0.739	35.83
0.732	35.605
0.831	50.075
0.852	51.144
0.853	51.323
0.852	51.144
0.802	45.051
0.829	46.674
0.828	46.513
0.825	46.095
0.824	45.939
0.762	38.575
0.755	38.573
0.826	46.2
0.825	46.095
0.792	40.719
0.788	40.631
0.8	44.452
0.827	46.276
0.826	46.2
0.801	44.999
0.764	38.62
0.741	35.872
0.74	35.834
0.73	35.321
0.795	40.998
0.794	40.98
0.793	40.736
0.797	41.418
0.796	41.405
0.854	51.334
0.853	51.323
0.731	35.325
