P=? [ F (x=9&y=9&crashed=0) ]	R{"cost"}=? [ C<=100 ]
0.854	55.989
0.854	55.989
0.687	29.917
0.703	30.765
0.829	46.813
0.853	55.683
0.851	51.149
0.836	50.131
0.711	33.833
0.799	44.519
0.798	41.641
0.717	33.89
0.817	45.16
0.802	45.035
0.741	34.498
0.729	34.05
0.76	35.884
0.75	35.726
0.73	34.107
0.844	50.199
0.77	38.405
0.768	37.241
0.711	33.833
0.789	40.11
0.836	50.131
0.783	40.089
0.712	33.873
0.778	39.963
0.783	40.089
0.821	45.373
0.817	45.16
0.794	40.935
0.777	39.777
0.776	39.222
0.741	34.498
0.763	36.496
0.762	36.156
0.767	37.187
0.743	34.721
0.795	41.207
0.79	40.439
0.853	55.683
0.775	39.075
0.796	41.267
0.746	35.11
0.761	36.124
0.792	40.506
0.801	45.015
0.775	39.075
0.772	38.67
0.73	34.107
0.851	51.149
0.845	50.431
0.743	34.721
0.772	38.67
0.77	38.405
0.745	35.066
0.849	50.841
0.766	36.872
0.828	46.503
0.827	46.363
0.826	46.069
0.847	50.613
0.825	45.997
0.824	45.71
0.765	36.823
0.764	36.544
0.793	40.773
0.8	44.771
0.799	44.519
0.8	44.771
0.747	35.352
0.797	41.5
0.85	50.917
0.749	35.496
0.821	45.373
0.768	37.241
0.771	38.606
0.745	35.066
0.777	39.777
0.847	50.613
0.845	50.431
0.793	40.773
0.729	34.05
0.76	35.884
0.75	35.726
0.823	45.67
0.822	45.513
0.776	39.222
0.798	41.641
0.797	41.5
0.822	45.513
0.828	46.503
0.827	46.363
0.848	50.744
0.778	39.963
0.802	45.035
0.848	50.744
0.748	35.443
0.747	35.352
