P=? [ F (x=9&y=9&crashed=0) ]	R{"cost"}=? [ C<=100 ]
0.734	42.079
0.835	67.549
0.734	42.079
0.835	67.549
0.744	43.188
0.771	50.662
0.822	66.221
0.819	62.734
0.766	47.457
0.756	46.3
0.805	61.099
0.804	58.088
0.756	46.3
0.79	55.661
0.788	53.515
0.742	42.805
0.815	61.918
0.811	61.278
0.737	42.659
0.759	46.881
0.764	47.156
0.766	47.457
0.806	61.179
0.736	42.232
0.785	53.309
0.827	66.711
0.831	67.005
0.812	61.759
0.818	62.634
0.779	51.585
0.791	55.809
0.779	51.585
0.776	51.221
0.776	51.221
0.819	62.734
0.818	62.634
0.822	66.221
0.784	52.736
0.794	56.37
0.791	55.809
0.774	51.119
0.773	50.811
0.783	52.593
0.782	52.033
0.827	66.711
0.794	56.37
0.781	51.76
0.798	57.169
0.797	56.644
0.834	67.486
0.832	67.011
0.802	57.72
0.79	55.661
0.788	53.515
0.787	53.376
0.8	57.338
0.802	57.72
0.8	57.338
0.758	46.503
0.824	66.642
0.823	66.301
0.834	67.486
0.825	66.692
0.814	61.869
0.831	67.005
0.764	47.156
0.759	46.881
0.782	52.033
0.832	67.011
0.803	57.942
0.743	42.998
0.743	42.998
0.797	56.644
0.796	56.465
0.781	51.76
0.765	47.328
0.757	46.462
0.773	50.811
0.804	58.088
0.737	42.659
0.803	57.942
0.784	52.736
0.783	52.593
0.799	57.208
0.765	47.328
0.814	61.869
0.812	61.759
0.774	51.119
0.811	61.278
0.806	61.179
0.805	61.099
0.823	66.301
0.796	56.465
0.795	56.393
0.787	53.376
0.785	53.309
0.824	66.642
0.758	46.503
0.757	46.462
0.799	57.208
