P=? [ F (x=9&y=9&crashed=0) ]	R{"cost"}=? [ C<=100 ]
0.81	62.483
0.684	35.25
0.684	35.25
0.81	62.483
0.803	62.012
0.787	56.758
0.766	47.798
0.786	52.921
0.802	58.22
0.768	51.165
0.705	39.201
0.697	36.369
0.734	42.042
0.741	42.825
0.794	57.464
0.756	46.686
0.725	40.592
0.697	36.369
0.689	35.859
0.801	57.938
0.696	36.093
0.705	39.201
0.742	43.976
0.762	47.131
0.776	51.586
0.763	47.405
0.779	52.605
0.755	45.478
0.784	52.641
0.717	40.108
0.722	40.115
0.792	56.885
0.809	62.464
0.747	44.782
0.771	51.577
0.714	39.859
0.71	39.768
0.751	44.962
0.73	41.036
0.741	42.825
0.733	41.878
0.732	41.299
0.687	35.551
0.714	39.859
0.685	35.53
0.785	52.908
0.707	39.501
0.731	41.055
0.753	45.215
0.801	57.938
0.709	39.525
0.809	62.464
0.803	62.012
0.689	35.859
0.762	47.131
0.756	46.686
0.73	41.036
0.778	52.163
0.717	40.108
0.768	51.165
0.778	52.163
0.777	51.813
0.746	44.438
0.793	57.127
0.802	58.22
0.724	40.31
0.706	39.229
0.744	44.198
0.732	41.299
0.793	57.127
0.754	45.457
0.687	35.551
0.752	45.198
0.696	36.093
0.777	51.813
0.744	44.198
0.742	43.976
0.746	44.438
0.745	44.237
0.77	51.539
0.769	51.342
0.751	44.962
0.747	44.782
0.769	51.342
0.724	40.31
0.723	40.14
0.733	41.878
0.792	56.885
0.787	56.758
0.71	39.768
0.745	44.237
0.77	51.539
0.784	52.641
0.779	52.605
0.706	39.229
0.723	40.14
0.709	39.525
0.707	39.501
0.755	45.478
0.754	45.457
