P=? [ F (x=9&y=9&crashed=0) ]	R{"cost"}=? [ C<=100 ]
0.589	30.436
0.803	62.239
0.589	30.436
0.803	62.239
0.62	34.524
0.679	35.461
0.796	61.769
0.794	57.609
0.781	56.827
0.617	33.659
0.78	52.872
0.617	33.659
0.788	57.293
0.701	36.972
0.711	39.275
0.757	47.779
0.756	45.755
0.68	35.559
0.761	49.564
0.701	36.972
0.758	47.996
0.711	39.275
0.691	35.665
0.773	52.375
0.735	43.28
0.734	41.797
0.766	50.802
0.62	34.524
0.728	40.63
0.779	52.662
0.679	35.461
0.721	40.078
0.771	51.626
0.748	44.336
0.737	43.663
0.769	51.258
0.722	40.197
0.716	40.022
0.744	44.307
0.714	39.586
0.764	50.144
0.729	40.957
0.761	49.564
0.796	61.769
0.732	41.211
0.742	43.995
0.696	36.297
0.618	34.045
0.771	51.626
0.755	45.646
0.758	47.996
0.618	34.045
0.781	56.827
0.794	57.609
0.743	43.996
0.773	52.375
0.728	40.63
0.722	40.197
0.764	50.144
0.763	49.888
0.699	36.596
0.699	36.596
0.698	36.38
0.768	51.048
0.751	44.928
0.753	45.185
0.742	43.995
0.737	43.663
0.763	49.888
0.712	39.447
0.733	41.521
0.736	43.368
0.779	52.662
0.734	41.797
0.733	41.521
0.749	44.607
0.715	39.844
0.753	45.185
0.751	44.928
0.754	45.389
0.732	41.211
0.729	40.957
0.768	51.048
0.757	47.779
0.78	52.872
0.695	36.087
0.75	44.722
0.754	45.389
0.715	39.844
0.695	36.087
0.694	35.932
0.693	35.827
0.692	35.678
0.712	39.447
0.75	44.722
0.749	44.607
0.756	45.755
0.691	35.665
0.694	35.932
0.693	35.827
