P=? [ F (x=9&y=9&crashed=0) ]	R{"cost"}=? [ C<=100 ]
0.652	31.809
0.827	77.329
0.652	31.809
0.819	72.725
0.804	62.087
0.819	72.725
0.673	35.377
0.691	35.499
0.657	31.932
0.803	61.686
0.796	57.52
0.804	62.087
0.782	55.415
0.657	31.932
0.673	35.377
0.78	52.166
0.712	39.458
0.77	49.908
0.766	49.118
0.796	57.52
0.794	56.531
0.803	61.686
0.707	38.018
0.765	47.557
0.787	56.303
0.707	38.018
0.721	39.948
0.715	39.844
0.755	45.379
0.772	50.457
0.735	41.625
0.727	40.436
0.746	44.136
0.743	43.222
0.757	46.267
0.776	51.246
0.696	36.388
0.731	41.413
0.776	51.246
0.772	50.457
0.743	43.222
0.733	41.429
0.782	55.415
0.692	35.633
0.748	44.407
0.786	56.145
0.7	36.739
0.73	40.874
0.755	45.379
0.724	40.152
0.746	44.136
0.766	49.118
0.704	37.448
0.786	56.145
0.724	40.152
0.778	51.58
0.701	36.881
0.721	39.948
0.795	56.937
0.704	37.448
0.752	44.833
0.752	44.833
0.741	42.713
0.765	47.557
0.763	47.026
0.751	44.805
0.741	42.713
0.763	47.026
0.75	44.573
0.738	42.14
0.737	41.936
0.759	46.293
0.78	52.166
0.779	51.989
0.694	35.923
0.795	56.937
0.714	39.699
0.7	36.739
0.696	36.388
0.778	51.58
0.695	36.07
0.737	41.936
0.694	35.923
0.757	46.267
0.74	42.439
0.739	42.155
0.729	40.855
0.728	40.572
0.74	42.439
0.762	46.78
0.761	46.52
0.762	46.78
0.714	39.699
0.702	37.116
0.794	56.531
0.787	56.303
0.703	37.232
0.76	46.491
0.779	51.989
0.749	44.559
