P=? [ F (x=9&y=9&crashed=0) ]	R{"cost"}=? [ C<=100 ]
0.779	37.178
0.89	63.909
0.779	37.178
0.89	63.909
0.889	59.286
0.888	58.752
0.88	54.178
0.863	49.41
0.815	42.077
0.849	47.379
0.837	44.298
0.867	52.428
0.808	39.175
0.849	47.379
0.837	44.298
0.791	37.266
0.888	58.752
0.88	54.178
0.808	39.175
0.819	42.32
0.824	42.57
0.815	42.077
0.802	37.98
0.875	53.357
0.798	37.807
0.867	52.428
0.857	48.39
0.833	43.489
0.828	43.259
0.835	44.089
0.795	37.576
0.798	37.807
0.827	43.027
0.804	38.369
0.872	53.203
0.803	38.19
0.831	43.358
0.817	42.088
0.793	37.336
0.889	59.286
0.818	42.204
0.869	52.661
0.834	43.655
0.853	48.178
0.861	49.114
0.86	48.745
0.859	48.633
0.806	38.95
0.805	38.592
0.855	48.29
0.855	48.29
0.831	43.358
0.791	37.266
0.852	48.007
0.851	47.703
0.871	53.053
0.87	52.77
0.879	53.994
0.878	53.738
0.85	47.618
0.795	37.576
0.858	48.62
0.805	38.592
0.826	42.855
0.807	38.969
0.825	42.649
0.794	37.374
0.836	44.101
0.878	53.738
0.877	53.552
0.879	53.994
0.826	42.855
0.852	48.007
0.862	49.243
0.834	43.655
0.872	53.203
0.871	53.053
0.876	53.5
0.868	52.57
0.862	49.243
0.861	49.114
0.853	48.178
0.86	48.745
0.87	52.77
0.828	43.259
0.868	52.57
0.851	47.703
0.85	47.618
0.825	42.649
0.877	53.552
0.876	53.5
0.794	37.374
0.807	38.969
0.806	38.95
0.858	48.62
0.836	44.101
0.779	37.178
0.849	47.379
0.888	58.752
0.88	54.178
