P=? [ F (x=9&y=9&crashed=0) ]	R{"cost"}=? [ C<=100 ]
0.641	24.721
0.829	55.328
0.641	24.721
0.734	28.453
0.642	24.737
0.821	44.749
0.764	33.319
0.823	49.433
0.828	55.04
0.827	50.39
0.734	28.453
0.642	24.737
0.814	43.446
0.813	40.464
0.755	30.218
0.778	33.731
0.79	35.939
0.747	28.994
0.794	37.935
0.806	39.068
0.796	38.375
0.736	28.64
0.764	33.319
0.755	30.218
0.809	39.59
0.817	43.98
0.79	35.939
0.817	43.98
0.806	39.068
0.826	49.925
0.778	33.731
0.796	38.375
0.747	28.994
0.823	49.433
0.782	34.57
0.781	34.27
0.813	40.464
0.81	39.855
0.81	39.855
0.787	35.351
0.75	29.575
0.794	37.935
0.781	34.27
0.814	43.446
0.751	29.77
0.75	29.575
0.736	28.64
0.787	35.351
0.826	49.925
0.785	35.046
0.782	34.57
0.754	30.069
0.827	50.39
0.785	35.046
0.795	38.023
0.754	30.069
0.751	29.77
0.828	55.04
0.786	35.166
0.786	35.166
0.795	38.023
0.641	24.721
0.734	28.453
0.642	24.737
0.764	33.319
0.755	30.218
0.79	35.939
0.806	39.068
0.778	33.731
0.796	38.375
0.747	28.994
0.823	49.433
0.813	40.464
0.794	37.935
0.781	34.27
0.817	43.98
0.814	43.446
0.75	29.575
0.736	28.64
0.826	49.925
0.782	34.57
0.827	50.39
0.785	35.046
0.754	30.069
0.751	29.77
0.828	55.04
0.786	35.166
0.795	38.023
0.641	24.721
0.734	28.453
0.642	24.737
0.764	33.319
0.755	30.218
0.79	35.939
0.806	39.068
0.778	33.731
0.747	28.994
0.813	40.464
0.817	43.98
0.814	43.446
