P=? [ F (x=9&y=9&crashed=0) ]	R{"cost"}=? [ C<=100 ]
0.669	28.853
0.816	44.977
0.816	44.977
0.669	28.853
0.67	29.179
0.75	29.245
0.809	43.335
0.808	39.099
0.803	38.895
0.784	34.735
0.754	30.363
0.776	33.46
0.754	30.363
0.776	33.46
0.784	34.735
0.803	38.895
0.813	44.747
0.809	43.335
0.752	29.629
0.807	38.929
0.815	44.77
0.778	33.978
0.781	34.335
0.78	34.044
0.783	34.49
0.813	44.747
0.777	33.642
0.751	29.57
0.777	33.642
0.752	29.629
0.783	34.49
0.781	34.335
0.75	29.245
0.67	29.179
0.78	34.044
0.778	33.978
0.751	29.57
0.807	38.929
0.669	28.853
0.754	30.363
0.776	33.46
0.784	34.735
0.803	38.895
0.809	43.335
0.813	44.747
0.777	33.642
0.752	29.629
0.783	34.49
0.781	34.335
0.75	29.245
0.67	29.179
0.778	33.978
0.751	29.57
0.807	38.929
0.669	28.853
0.754	30.363
0.784	34.735
0.803	38.895
0.809	43.335
0.752	29.629
0.783	34.49
0.781	34.335
0.75	29.245
0.67	29.179
0.778	33.978
0.751	29.57
0.807	38.929
0.669	28.853
0.754	30.363
0.784	34.735
0.803	38.895
0.809	43.335
0.752	29.629
0.783	34.49
0.781	34.335
0.75	29.245
0.67	29.179
0.778	33.978
0.751	29.57
0.807	38.929
0.669	28.853
0.754	30.363
0.784	34.735
0.803	38.895
0.809	43.335
0.752	29.629
0.783	34.49
0.781	34.335
0.778	33.978
0.75	29.245
0.67	29.179
0.751	29.57
0.807	38.929
0.669	28.853
0.754	30.363
0.784	34.735
0.803	38.895
0.809	43.335
0.752	29.629
0.783	34.49
