P=? [ F (x=9&y=9&crashed=0) ]	R{"cost"}=? [ C<=100 ]
0.871	39.389
0.605	22.06
0.605	22.06
0.871	39.389
0.702	23.376
0.608	22.141
0.724	27.255
0.787	27.26
0.863	38.141
0.85	32.491
0.847	29.109
0.706	23.394
0.719	26.568
0.862	34.981
0.792	27.304
0.83	27.541
0.608	22.141
0.869	38.759
0.719	26.568
0.706	23.394
0.855	33.253
0.851	32.5
0.86	34.34
0.857	34.194
0.843	28.93
0.72	26.624
0.87	39.384
0.861	34.962
0.869	38.759
0.863	38.141
0.856	33.578
0.842	28.364
0.831	27.577
0.855	33.253
0.792	27.304
0.836	27.941
0.841	28.349
0.834	27.894
0.856	33.578
0.836	27.941
0.841	28.349
0.787	27.26
0.72	26.624
0.83	27.541
0.606	22.063
0.851	32.5
0.724	27.255
0.834	27.894
0.847	29.109
0.86	34.34
0.857	34.194
0.85	32.491
0.845	29.018
0.845	29.018
0.843	28.93
0.846	29.09
0.846	29.09
0.862	34.981
0.861	34.962
0.842	28.364
0.87	39.384
0.871	39.389
0.605	22.06
0.608	22.141
0.719	26.568
0.863	38.141
0.855	33.253
0.856	33.578
0.836	27.941
0.841	28.349
0.787	27.26
0.72	26.624
0.83	27.541
0.851	32.5
0.724	27.255
0.834	27.894
0.847	29.109
0.857	34.194
0.85	32.491
0.845	29.018
0.843	28.93
0.846	29.09
0.862	34.981
0.861	34.962
0.842	28.364
0.87	39.384
0.871	39.389
0.605	22.06
0.608	22.141
0.719	26.568
0.863	38.141
0.855	33.253
0.83	27.541
0.856	33.578
0.836	27.941
0.841	28.349
0.787	27.26
0.72	26.624
0.834	27.894
0.851	32.5
