P=? [ F (x=9&y=9&crashed=0) ]	R{"cost"}=? [ C<=100 ]
0.878	43.721
0.697	23.009
0.878	43.721
0.762	27.166
0.87	43.305
0.869	38.637
0.802	28.855
0.762	27.166
0.841	31.761
0.855	37.163
0.854	32.864
0.802	28.855
0.841	31.761
0.784	27.492
0.766	27.358
0.875	43.363
0.867	38.324
0.797	28.536
0.794	28.223
0.856	37.651
0.862	38.27
0.844	32.097
0.786	27.858
0.789	27.975
0.797	28.536
0.855	37.163
0.766	27.358
0.794	28.223
0.789	27.975
0.85	32.432
0.848	32.139
0.859	37.886
0.869	38.637
0.877	43.675
0.853	32.858
0.852	32.567
0.86	38.042
0.842	31.829
0.784	27.492
0.849	32.187
0.859	37.886
0.856	37.651
0.786	27.858
0.86	38.042
0.842	31.829
0.862	38.27
0.877	43.675
0.844	32.097
0.852	32.567
0.851	32.468
0.87	43.305
0.849	32.187
0.848	32.139
0.851	32.468
0.854	32.864
0.853	32.858
0.878	43.721
0.762	27.166
0.802	28.855
0.797	28.536
0.855	37.163
0.766	27.358
0.794	28.223
0.789	27.975
0.869	38.637
0.784	27.492
0.859	37.886
0.786	27.858
0.86	38.042
0.851	32.468
0.862	38.27
0.842	31.829
0.849	32.187
0.877	43.675
0.844	32.097
0.852	32.567
0.87	43.305
0.848	32.139
0.854	32.864
0.853	32.858
0.762	27.166
0.878	43.721
0.802	28.855
0.794	28.223
0.789	27.975
0.869	38.637
0.784	27.492
0.786	27.858
0.851	32.468
0.859	37.886
0.86	38.042
0.862	38.27
0.849	32.187
0.877	43.675
0.844	32.097
0.852	32.567
0.87	43.305
0.848	32.139
0.853	32.858
0.762	27.166
